gfdl-cm3,1875,2100,rcp26,global tas,K
1875,286.933929,-0.409181
1876,286.865753,-0.422093
1877,286.555298,-0.433190
1878,286.730988,-0.430076
1879,286.827087,-0.434920
1880,286.769165,-0.438175
1881,286.710175,-0.434587
1882,286.862244,-0.438824
1883,286.832367,-0.443208
1884,286.488464,-0.448008
1885,286.217102,-0.446702
1886,286.337433,-0.455516
1887,286.321381,-0.463529
1888,286.542511,-0.477561
1889,286.416718,-0.490529
1890,286.218109,-0.507250
1891,286.227997,-0.523239
1892,286.291443,-0.524128
1893,286.498962,-0.525864
1894,286.402161,-0.535877
1895,286.566193,-0.541307
1896,286.563721,-0.539560
1897,286.400848,-0.553872
1898,286.526093,-0.570323
1899,286.587555,-0.574123
1900,286.656281,-0.561744
1901,286.519287,-0.556767
1902,286.446930,-0.550160
1903,286.338623,-0.552002
1904,286.391022,-0.554357
1905,286.432312,-0.539603
1906,286.386078,-0.523821
1907,286.528625,-0.511471
1908,286.678925,-0.503169
1909,286.526672,-0.492331
1910,286.606293,-0.483960
1911,286.762573,-0.481713
1912,286.432892,-0.474168
1913,286.338837,-0.468118
1914,286.374451,-0.468600
1915,286.588470,-0.471561
1916,286.486755,-0.465587
1917,286.519592,-0.457374
1918,286.487244,-0.448770
1919,286.346069,-0.436885
1920,286.660736,-0.422709
1921,286.701447,-0.412518
1922,286.661957,-0.406450
1923,286.748016,-0.397625
1924,286.727295,-0.392684
1925,286.817322,-0.389685
1926,286.631134,-0.389405
1927,286.627197,-0.374196
1928,286.707581,-0.359629
1929,286.573090,-0.343305
1930,286.567474,-0.329775
1931,286.698486,-0.318456
1932,286.693329,-0.305932
1933,286.596741,-0.297391
1934,286.747589,-0.279599
1935,286.857574,-0.279260
1936,286.691803,-0.273780
1937,286.710663,-0.268312
1938,286.943695,-0.268005
1939,286.674896,-0.262682
1940,286.696259,-0.260944
1941,286.770966,-0.245302
1942,286.889160,-0.231579
1943,286.775848,-0.230241
1944,286.864166,-0.223869
1945,286.994385,-0.219304
1946,286.826324,-0.218838
1947,286.895325,-0.221304
1948,286.743469,-0.224291
1949,286.879822,-0.241451
1950,286.670898,-0.261903
1951,286.865845,-0.280053
1952,286.826019,-0.295410
1953,286.757202,-0.316817
1954,286.886993,-0.330665
1955,286.869476,-0.342745
1956,287.100372,-0.356284
1957,287.038910,-0.371861
1958,286.747711,-0.381672
1959,286.764252,-0.391276
1960,286.704407,-0.405096
1961,286.712463,-0.419786
1962,286.619354,-0.434214
1963,286.507141,-0.435970
1964,286.232788,-0.433835
1965,286.244019,-0.427384
1966,286.147308,-0.432201
1967,286.249939,-0.433591
1968,286.301483,-0.443343
1969,286.259460,-0.450721
1970,286.333862,-0.457001
1971,286.364807,-0.472523
1972,286.421844,-0.477793
1973,286.481506,-0.473073
1974,286.576050,-0.467575
1975,286.579773,-0.460513
1976,286.385651,-0.455844
1977,286.462463,-0.453849
1978,286.690796,-0.450280
1979,286.943878,-0.435982
1980,286.864410,-0.419088
1981,286.721344,-0.392829
1982,286.784332,-0.363691
1983,286.464630,-0.340680
1984,286.665649,-0.310873
1985,286.681091,-0.283770
1986,286.634705,-0.255426
1987,286.880798,-0.224923
1988,286.889313,-0.196268
1989,286.929199,-0.174782
1990,286.916260,-0.150052
1991,286.852539,-0.112275
1992,286.679199,-0.077490
1993,286.614227,-0.048646
1994,286.661713,-0.026931
1995,286.750854,0.000004
1996,286.935059,0.038631
1997,287.124084,0.072879
1998,286.991821,0.115008
1999,287.153656,0.157061
2000,287.146973,0.198410
2001,287.215118,0.243443
2002,287.336945,0.281297
2003,287.341156,0.319604
2004,287.220612,0.358360
2005,287.321686,0.399198
2006,287.518951,0.446274
2007,287.506012,0.498716
2008,287.556122,0.550505
2009,287.595337,0.600464
2010,287.672455,0.647765
2011,287.880157,0.686672
2012,287.811768,0.724511
2013,287.728485,0.756505
2014,287.927246,0.791491
2015,287.921570,0.830062
2016,287.985687,0.860740
2017,288.016418,0.893381
2018,288.038544,0.927830
2019,288.091858,0.958079
2020,288.141418,0.988818
2021,288.264801,1.022167
2022,288.252472,1.048337
2023,288.167877,1.072170
2024,288.160492,1.093903
2025,288.169891,1.116255
2026,288.102264,1.135615
2027,288.259247,1.151836
2028,287.951660,1.178446
2029,288.203217,1.190416
2030,288.304108,1.213911
2031,288.135468,1.237250
2032,288.316162,1.255909
2033,288.374634,1.274398
2034,288.128082,1.287337
2035,288.243866,1.300372
2036,288.519409,1.312828
2037,288.291107,1.329275
2038,288.271118,1.345789
2039,288.247314,1.361493
2040,288.343018,1.378826
2041,288.460968,1.402942
2042,288.298401,1.419260
2043,288.526794,1.443261
2044,288.286346,1.461891
2045,288.626404,1.483376
2046,288.685852,1.503781
2047,288.576202,1.521183
2048,288.593201,1.537193
2049,288.480042,1.551889
2050,288.532471,1.566530
2051,288.638458,1.574229
2052,288.745911,1.593650
2053,288.663269,1.615374
2054,288.631622,1.630597
2055,288.689880,1.643666
2056,288.825745,1.656746
2057,288.748779,1.674957
2058,288.671692,1.686454
2059,288.762115,1.708616
2060,288.948669,1.712355
2061,288.747620,1.721715
2062,288.838226,1.731657
2063,288.854919,1.740249
2064,288.568970,1.756478
2065,288.683105,1.764407
2066,288.750366,1.767229
2067,288.873749,1.766985
2068,288.922821,1.771363
2069,288.704010,1.775866
2070,288.735077,1.786836
2071,288.853394,1.784337
2072,288.844727,1.786023
2073,288.871704,1.794047
2074,288.951202,1.799903
2075,288.738586,1.804085
2076,288.966644,1.810326
2077,288.874451,1.819675
2078,288.850952,1.827115
2079,288.966919,1.841986
2080,288.770355,1.849798
2081,288.723114,1.856342
2082,288.738586,1.862630
2083,288.794617,1.866880
2084,288.766693,1.878661
2085,289.018982,1.889338
2086,288.750793,1.895591
2087,288.799347,1.902404
2088,288.912415,1.908590
2089,288.937805,1.912397
2090,289.074127,1.923563
2091,288.934845,1.927398
2092,289.118683,1.934579
2093,289.078125,1.942813
2094,289.015106,1.947454
2095,288.917450,1.958919
2096,288.946686,1.972229
2097,289.062408,1.985296
2098,289.050323,1.996766
2099,289.057434,2.009439
2100,289.055389,2.013973
