ipsl-cm5a-lr,1861,2300,rcp26,zosga,m
1861,-0.000305
1862,0.001245
1863,-0.001075
1864,-0.000008
1865,0.000686
1866,-0.000180
1867,0.000004
1868,-0.001768
1869,0.000557
1870,0.001041
1871,0.001634
1872,0.001317
1873,0.000376
1874,0.003207
1875,0.002639
1876,0.002506
1877,0.002998
1878,0.002548
1879,0.002154
1880,0.004494
1881,0.004319
1882,0.002269
1883,0.004911
1884,0.007267
1885,0.007651
1886,0.006119
1887,0.006329
1888,0.006315
1889,0.006695
1890,0.005940
1891,0.005874
1892,0.006282
1893,0.006526
1894,0.008352
1895,0.009541
1896,0.008096
1897,0.011899
1898,0.009887
1899,0.011554
1900,0.012454
1901,0.013456
1902,0.013645
1903,0.014243
1904,0.013833
1905,0.014747
1906,0.012817
1907,0.013951
1908,0.015602
1909,0.014846
1910,0.014053
1911,0.014425
1912,0.015648
1913,0.014972
1914,0.017232
1915,0.016691
1916,0.017076
1917,0.016422
1918,0.016204
1919,0.016442
1920,0.015782
1921,0.017225
1922,0.018823
1923,0.019356
1924,0.018871
1925,0.017212
1926,0.018464
1927,0.018148
1928,0.018170
1929,0.020520
1930,0.018757
1931,0.016951
1932,0.016786
1933,0.015074
1934,0.015441
1935,0.013452
1936,0.016370
1937,0.014853
1938,0.010711
1939,0.012332
1940,0.014168
1941,0.013733
1942,0.013288
1943,0.014308
1944,0.016579
1945,0.016304
1946,0.015346
1947,0.015466
1948,0.013907
1949,0.013918
1950,0.014303
1951,0.015779
1952,0.013917
1953,0.013792
1954,0.013302
1955,0.014508
1956,0.016258
1957,0.014137
1958,0.014287
1959,0.015467
1960,0.014268
1961,0.015369
1962,0.013311
1963,0.014401
1964,0.016028
1965,0.016875
1966,0.014402
1967,0.015886
1968,0.016880
1969,0.017928
1970,0.018004
1971,0.017306
1972,0.017972
1973,0.020156
1974,0.017984
1975,0.018871
1976,0.019790
1977,0.017968
1978,0.016066
1979,0.015509
1980,0.014063
1981,0.013340
1982,0.014485
1983,0.016112
1984,0.015066
1985,0.014050
1986,0.011250
1987,0.012503
1988,0.012684
1989,0.013862
1990,0.013737
1991,0.012350
1992,0.011655
1993,0.011795
1994,0.010167
1995,0.008401
1996,0.009445
1997,0.008580
1998,0.009801
1999,0.007647
2000,0.008110
2001,0.007639
2002,0.005511
2003,0.006488
2004,0.005333
2005,0.003279
2006,0.001951
2007,-0.000502
2008,-0.000334
2009,0.000065
2010,-0.000588
2011,-0.000845
2012,-0.002190
2013,-0.003180
2014,-0.002207
2015,-0.003065
2016,-0.004205
2017,-0.004516
2018,-0.004156
2019,-0.005507
2020,-0.006462
2021,-0.006547
2022,-0.008772
2023,-0.008967
2024,-0.009253
2025,-0.012941
2026,-0.013155
2027,-0.014111
2028,-0.013537
2029,-0.012443
2030,-0.015129
2031,-0.014529
2032,-0.016868
2033,-0.019319
2034,-0.019012
2035,-0.017203
2036,-0.018554
2037,-0.019056
2038,-0.021872
2039,-0.023315
2040,-0.026953
2041,-0.026661
2042,-0.027269
2043,-0.027378
2044,-0.027635
2045,-0.028646
2046,-0.028862
2047,-0.030484
2048,-0.032854
2049,-0.033801
2050,-0.035361
2051,-0.036145
2052,-0.035437
2053,-0.036109
2054,-0.036926
2055,-0.040812
2056,-0.041309
2057,-0.042332
2058,-0.041581
2059,-0.043457
2060,-0.041390
2061,-0.041048
2062,-0.045776
2063,-0.046745
2064,-0.048476
2065,-0.047594
2066,-0.048834
2067,-0.052728
2068,-0.054782
2069,-0.056924
2070,-0.057775
2071,-0.057367
2072,-0.059724
2073,-0.061220
2074,-0.063402
2075,-0.063178
2076,-0.065299
2077,-0.066322
2078,-0.067398
2079,-0.069685
2080,-0.072152
2081,-0.073481
2082,-0.073852
2083,-0.075120
2084,-0.077429
2085,-0.079015
2086,-0.080901
2087,-0.083932
2088,-0.085339
2089,-0.086410
2090,-0.085968
2091,-0.088304
2092,-0.092325
2093,-0.093908
2094,-0.092790
2095,-0.093697
2096,-0.093921
2097,-0.097947
2098,-0.097585
2099,-0.100681
2100,-0.103056
2101,-0.103321
2102,-0.107238
2103,-0.106058
2104,-0.106131
2105,-0.108210
2106,-0.107626
2107,-0.109101
2108,-0.110839
2109,-0.112480
2110,-0.111654
2111,-0.113592
2112,-0.114103
2113,-0.118055
2114,-0.120761
2115,-0.123112
2116,-0.122777
2117,-0.122889
2118,-0.124507
2119,-0.125713
2120,-0.128872
2121,-0.130140
2122,-0.129200
2123,-0.131208
2124,-0.134464
2125,-0.131359
2126,-0.132349
2127,-0.134837
2128,-0.137398
2129,-0.138628
2130,-0.136397
2131,-0.137928
2132,-0.139978
2133,-0.141022
2134,-0.141572
2135,-0.144345
2136,-0.146006
2137,-0.147415
2138,-0.148621
2139,-0.150617
2140,-0.150833
2141,-0.151290
2142,-0.153356
2143,-0.154325
2144,-0.155797
2145,-0.157609
2146,-0.160616
2147,-0.160786
2148,-0.160110
2149,-0.160262
2150,-0.161948
2151,-0.165438
2152,-0.168667
2153,-0.170121
2154,-0.169059
2155,-0.170392
2156,-0.167195
2157,-0.170309
2158,-0.172187
2159,-0.174603
2160,-0.176256
2161,-0.176021
2162,-0.178826
2163,-0.180645
2164,-0.182089
2165,-0.182689
2166,-0.185454
2167,-0.185140
2168,-0.183674
2169,-0.186717
2170,-0.188877
2171,-0.189366
2172,-0.190016
2173,-0.191232
2174,-0.194139
2175,-0.195033
2176,-0.196723
2177,-0.198086
2178,-0.199414
2179,-0.198746
2180,-0.200936
2181,-0.201795
2182,-0.204037
2183,-0.206382
2184,-0.207710
2185,-0.210715
2186,-0.213147
2187,-0.217137
2188,-0.217342
2189,-0.216608
2190,-0.219237
2191,-0.220519
2192,-0.221132
2193,-0.220583
2194,-0.223075
2195,-0.223296
2196,-0.225073
2197,-0.225776
2198,-0.224746
2199,-0.226337
2200,-0.229101
2201,-0.229866
2202,-0.230062
2203,-0.231520
2204,-0.234946
2205,-0.236839
2206,-0.239017
2207,-0.240927
2208,-0.241729
2209,-0.243132
2210,-0.243264
2211,-0.244047
2212,-0.246946
2213,-0.245876
2214,-0.248309
2215,-0.251363
2216,-0.251756
2217,-0.253012
2218,-0.253495
2219,-0.256881
2220,-0.258313
2221,-0.262340
2222,-0.263405
2223,-0.264183
2224,-0.265858
2225,-0.265576
2226,-0.268470
2227,-0.268149
2228,-0.271111
2229,-0.271052
2230,-0.273052
2231,-0.271222
2232,-0.271450
2233,-0.272656
2234,-0.275241
2235,-0.276074
2236,-0.276204
2237,-0.278415
2238,-0.281652
2239,-0.281288
2240,-0.279622
2241,-0.278821
2242,-0.282841
2243,-0.284650
2244,-0.286508
2245,-0.288308
2246,-0.287657
2247,-0.290170
2248,-0.292423
2249,-0.291797
2250,-0.293610
2251,-0.294713
2252,-0.295837
2253,-0.298066
2254,-0.300012
2255,-0.300026
2256,-0.301427
2257,-0.301998
2258,-0.304171
2259,-0.306170
2260,-0.308551
2261,-0.311180
2262,-0.313177
2263,-0.313753
2264,-0.316882
2265,-0.316592
2266,-0.317634
2267,-0.322667
2268,-0.323197
2269,-0.320399
2270,-0.324412
2271,-0.326533
2272,-0.327472
2273,-0.328755
2274,-0.328471
2275,-0.329790
2276,-0.332496
2277,-0.336557
2278,-0.335300
2279,-0.336842
2280,-0.337949
2281,-0.337241
2282,-0.340120
2283,-0.338071
2284,-0.338766
2285,-0.340346
2286,-0.342265
2287,-0.344229
2288,-0.345330
2289,-0.347554
2290,-0.348121
2291,-0.350074
2292,-0.348992
2293,-0.350243
2294,-0.350743
2295,-0.351791
2296,-0.353013
2297,-0.353751
2298,-0.356299
2299,-0.356486
2300,-0.359431
