hadgem2-es,1875,2099,rcp60,global tas,K
1875,286.743286,-0.407311
1876,286.854218,-0.410411
1877,286.982483,-0.414000
1878,286.799805,-0.421733
1879,286.593536,-0.425767
1880,286.586212,-0.426264
1881,286.746948,-0.418314
1882,286.943176,-0.414450
1883,286.880280,-0.420565
1884,286.566559,-0.425492
1885,286.615936,-0.425225
1886,286.622162,-0.423859
1887,286.410553,-0.426589
1888,286.598022,-0.427597
1889,286.687744,-0.428733
1890,286.769897,-0.426149
1891,286.791473,-0.427563
1892,286.612976,-0.434889
1893,286.460205,-0.437860
1894,286.443909,-0.439001
1895,286.582245,-0.437383
1896,286.807495,-0.441437
1897,286.761841,-0.457471
1898,286.601257,-0.466398
1899,286.715698,-0.459160
1900,286.680817,-0.455556
1901,286.786896,-0.449156
1902,286.748840,-0.431035
1903,286.698608,-0.419392
1904,286.662170,-0.411090
1905,286.820801,-0.407125
1906,286.811798,-0.405186
1907,286.762726,-0.400713
1908,286.710663,-0.391426
1909,286.559296,-0.374420
1910,286.634766,-0.367140
1911,286.625336,-0.368556
1912,286.462158,-0.368568
1913,286.612457,-0.361845
1914,286.783691,-0.360437
1915,286.724060,-0.356619
1916,286.814178,-0.356439
1917,286.954163,-0.355671
1918,286.947327,-0.357597
1919,286.936798,-0.356803
1920,286.888855,-0.356014
1921,286.849640,-0.354888
1922,286.747162,-0.347516
1923,286.738831,-0.337187
1924,286.954071,-0.323804
1925,286.800659,-0.316514
1926,286.765015,-0.310805
1927,286.761475,-0.292500
1928,286.802948,-0.277618
1929,286.757935,-0.265728
1930,286.795349,-0.251936
1931,286.792297,-0.248683
1932,286.771881,-0.248352
1933,286.640839,-0.247425
1934,286.685974,-0.246022
1935,286.844482,-0.242862
1936,286.845581,-0.240839
1937,286.983887,-0.232149
1938,287.020538,-0.223706
1939,286.960785,-0.227991
1940,286.853455,-0.230767
1941,286.796600,-0.230164
1942,287.011322,-0.231770
1943,287.058899,-0.237205
1944,287.140411,-0.242081
1945,287.137817,-0.246567
1946,286.911774,-0.253472
1947,286.964081,-0.258771
1948,286.975128,-0.257374
1949,286.978912,-0.263785
1950,286.983643,-0.273916
1951,286.910339,-0.286028
1952,287.007843,-0.297588
1953,286.992126,-0.305768
1954,286.825531,-0.313979
1955,286.717377,-0.319459
1956,286.783112,-0.322222
1957,286.713287,-0.328475
1958,286.639893,-0.334266
1959,286.611664,-0.344791
1960,286.660767,-0.356660
1961,286.585144,-0.359355
1962,286.612915,-0.364043
1963,286.682739,-0.369002
1964,286.493652,-0.375073
1965,286.540558,-0.382915
1966,286.482208,-0.390025
1967,286.637085,-0.403178
1968,286.775146,-0.421362
1969,286.714447,-0.421753
1970,286.689056,-0.415248
1971,286.713715,-0.409692
1972,286.823730,-0.401692
1973,286.885162,-0.389784
1974,286.824677,-0.378652
1975,286.781738,-0.368695
1976,286.830933,-0.358779
1977,286.823425,-0.352077
1978,286.826355,-0.346334
1979,286.796783,-0.330407
1980,286.748383,-0.308891
1981,286.697052,-0.289585
1982,286.613251,-0.274923
1983,286.446594,-0.260993
1984,286.813812,-0.246171
1985,286.912537,-0.227558
1986,286.949768,-0.208234
1987,286.953308,-0.185910
1988,286.997131,-0.170507
1989,286.945618,-0.156490
1990,286.959473,-0.138677
1991,286.882629,-0.117678
1992,286.813965,-0.091915
1993,286.855042,-0.063612
1994,286.971466,-0.033624
1995,287.186035,-0.000008
1996,287.061371,0.032482
1997,287.076965,0.073741
1998,287.193024,0.119652
1999,287.159119,0.155440
2000,287.247437,0.186052
2001,287.293457,0.214868
2002,287.493439,0.243115
2003,287.347260,0.275032
2004,287.245178,0.308170
2005,287.316132,0.335811
2006,287.460907,0.369913
2007,287.596313,0.410321
2008,287.675446,0.450971
2009,287.696411,0.488900
2010,287.756866,0.517614
2011,287.671753,0.555088
2012,287.851013,0.594893
2013,287.823944,0.631037
2014,287.887451,0.663643
2015,287.830902,0.692918
2016,287.814240,0.716053
2017,287.800720,0.742119
2018,287.954620,0.776358
2019,287.939758,0.813587
2020,287.788727,0.846733
2021,287.905670,0.874452
2022,288.026215,0.898369
2023,288.074554,0.918825
2024,288.109314,0.938158
2025,288.047455,0.963329
2026,288.185608,0.990788
2027,288.271118,1.015330
2028,288.277344,1.043361
2029,288.137299,1.072994
2030,288.125671,1.098886
2031,287.987518,1.123142
2032,288.275421,1.153138
2033,288.374420,1.178957
2034,288.362061,1.202970
2035,288.310486,1.232625
2036,288.292480,1.260743
2037,288.313843,1.285281
2038,288.289124,1.309744
2039,288.276398,1.339150
2040,288.511993,1.369910
2041,288.495514,1.393004
2042,288.587280,1.410829
2043,288.664886,1.432222
2044,288.776428,1.457813
2045,288.607666,1.487327
2046,288.541931,1.524217
2047,288.700592,1.549051
2048,288.729187,1.574656
2049,288.660156,1.610839
2050,288.678375,1.648909
2051,288.749207,1.690091
2052,288.762360,1.729807
2053,288.808441,1.775286
2054,288.991486,1.822963
2055,288.970245,1.857638
2056,288.878448,1.891788
2057,288.805847,1.928051
2058,288.919159,1.958865
2059,288.904999,1.992555
2060,289.011108,2.029457
2061,289.094208,2.068320
2062,289.020447,2.104975
2063,289.142578,2.141694
2064,289.447540,2.181246
2065,289.452606,2.225548
2066,289.527924,2.269305
2067,289.505310,2.315542
2068,289.653503,2.358980
2069,289.706726,2.392953
2070,289.552216,2.427120
2071,289.520020,2.466507
2072,289.675171,2.509886
2073,289.589325,2.551825
2074,289.787109,2.596680
2075,289.714722,2.631470
2076,289.707825,2.666318
2077,289.800262,2.706356
2078,289.830750,2.746257
2079,289.846710,2.780179
2080,290.007446,2.813569
2081,290.061920,2.837884
2082,290.149445,2.865141
2083,290.111603,2.888465
2084,290.010681,2.909646
2085,289.995239,2.940661
2086,290.060059,2.973724
2087,290.107208,3.002587
2088,290.177338,3.035285
2089,290.250641,3.062363
2090,290.054810,3.092828
2091,290.139648,3.124495
2092,290.221588,3.154054
2093,290.339600,3.183570
2094,290.465210,3.213527
2095,290.454315,3.239099
2096,290.257385,3.263828
2097,290.322998,3.286613
2098,290.353241,3.311632
2099,290.342133,3.340989
