csiro-mk3-6-0,1875,2300,rcp45,global tas,K
1875,285.813141,-0.491295
1876,285.925507,-0.487180
1877,285.996429,-0.483985
1878,286.151031,-0.482027
1879,286.053589,-0.487052
1880,285.914276,-0.491787
1881,285.986084,-0.492602
1882,286.024719,-0.488104
1883,285.927246,-0.484273
1884,285.441772,-0.476195
1885,285.426666,-0.470376
1886,285.682556,-0.471477
1887,285.792633,-0.473019
1888,285.808044,-0.469419
1889,285.647552,-0.456597
1890,285.727570,-0.449783
1891,285.959900,-0.445739
1892,286.003082,-0.449510
1893,286.014343,-0.465038
1894,285.879730,-0.473414
1895,285.854218,-0.474430
1896,285.893127,-0.474154
1897,285.868561,-0.471976
1898,285.914001,-0.469261
1899,286.044891,-0.453166
1900,286.018921,-0.428323
1901,285.875854,-0.410102
1902,285.877441,-0.399757
1903,285.859894,-0.384671
1904,286.083496,-0.370373
1905,286.017548,-0.361225
1906,286.046844,-0.359488
1907,285.883301,-0.351367
1908,285.685181,-0.341159
1909,285.802307,-0.330263
1910,285.883789,-0.318745
1911,285.994385,-0.309380
1912,286.090057,-0.295299
1913,286.008698,-0.280667
1914,285.924622,-0.271947
1915,286.171936,-0.265007
1916,286.229187,-0.254483
1917,286.102997,-0.246023
1918,286.260620,-0.238832
1919,286.076508,-0.238963
1920,286.001984,-0.234781
1921,286.012024,-0.227143
1922,286.246704,-0.210634
1923,286.320587,-0.197071
1924,286.206604,-0.189676
1925,286.199768,-0.183392
1926,286.174072,-0.173815
1927,286.290985,-0.165780
1928,286.352966,-0.151712
1929,286.306488,-0.137237
1930,286.227142,-0.130394
1931,286.191559,-0.127800
1932,286.131256,-0.120815
1933,286.075623,-0.123849
1934,286.079559,-0.117672
1935,286.143005,-0.106154
1936,286.275970,-0.099216
1937,286.378571,-0.098654
1938,286.092072,-0.096954
1939,286.024170,-0.092611
1940,286.072296,-0.088866
1941,286.281708,-0.085203
1942,286.331116,-0.083721
1943,286.430725,-0.081509
1944,286.358887,-0.080908
1945,286.377197,-0.077159
1946,286.307007,-0.078264
1947,286.312561,-0.077747
1948,286.169586,-0.074991
1949,286.261841,-0.073273
1950,286.347504,-0.074174
1951,286.220184,-0.087978
1952,286.263550,-0.101260
1953,286.371582,-0.102374
1954,286.336914,-0.101602
1955,286.312103,-0.102193
1956,286.283966,-0.113017
1957,286.335449,-0.122134
1958,286.419312,-0.137655
1959,286.324524,-0.152806
1960,286.339630,-0.163989
1961,286.158386,-0.163872
1962,286.146790,-0.169676
1963,286.158295,-0.173142
1964,286.131104,-0.179710
1965,286.115967,-0.180592
1966,285.861847,-0.181793
1967,285.980103,-0.187621
1968,286.058655,-0.197775
1969,286.047333,-0.202680
1970,286.054565,-0.214062
1971,285.957001,-0.221634
1972,286.057587,-0.224480
1973,285.965118,-0.231470
1974,285.904358,-0.235046
1975,286.041687,-0.236914
1976,286.310516,-0.230223
1977,286.138458,-0.232322
1978,286.065582,-0.234240
1979,286.064819,-0.238183
1980,286.321045,-0.234593
1981,286.184143,-0.222230
1982,286.088715,-0.208096
1983,286.066956,-0.192765
1984,286.189758,-0.175443
1985,285.970642,-0.157382
1986,286.056824,-0.136031
1987,286.250061,-0.118192
1988,286.209625,-0.097034
1989,286.217224,-0.072835
1990,286.283600,-0.051081
1991,286.359131,-0.046723
1992,286.083801,-0.037845
1993,286.100769,-0.023641
1994,286.012817,-0.011206
1995,286.223663,0.000001
1996,286.232727,0.015970
1997,286.404114,0.039333
1998,286.518585,0.064265
1999,286.567017,0.080649
2000,286.596375,0.102644
2001,286.597534,0.127761
2002,286.592773,0.151656
2003,286.599854,0.173270
2004,286.630310,0.193757
2005,286.694305,0.215637
2006,286.441254,0.237828
2007,286.404816,0.267598
2008,286.491699,0.292456
2009,286.437866,0.329411
2010,286.657257,0.361833
2011,286.663208,0.385933
2012,286.789612,0.405290
2013,286.814911,0.421103
2014,286.681274,0.434943
2015,286.630493,0.450267
2016,286.810333,0.466504
2017,286.966919,0.485025
2018,286.858032,0.508843
2019,286.831848,0.527654
2020,286.940002,0.551888
2021,287.024841,0.588083
2022,286.976929,0.627618
2023,286.846497,0.665014
2024,287.121460,0.702854
2025,287.196320,0.733652
2026,286.955750,0.769682
2027,286.984802,0.800812
2028,286.992981,0.832727
2029,286.982208,0.869291
2030,287.056091,0.906472
2031,287.084656,0.933144
2032,287.148407,0.954027
2033,287.314392,0.986559
2034,287.194641,1.022684
2035,287.421326,1.054418
2036,287.527100,1.086983
2037,287.590881,1.124574
2038,287.613556,1.167700
2039,287.573090,1.205097
2040,287.581177,1.241294
2041,287.744110,1.276199
2042,287.723511,1.312319
2043,287.772369,1.354783
2044,287.778198,1.397244
2045,287.745911,1.439229
2046,287.610504,1.476720
2047,287.593414,1.513993
2048,287.833984,1.543382
2049,287.915588,1.574690
2050,287.892029,1.598898
2051,288.001801,1.625632
2052,288.104645,1.651261
2053,288.140289,1.677516
2054,288.243378,1.707316
2055,288.282227,1.733362
2056,288.002899,1.751895
2057,288.068390,1.778878
2058,288.266907,1.799686
2059,288.256042,1.816024
2060,288.315643,1.836907
2061,288.209381,1.867074
2062,288.266602,1.893507
2063,288.196045,1.917565
2064,288.133881,1.940401
2065,288.147583,1.964252
2066,288.329102,1.983056
2067,288.359772,1.999503
2068,288.401184,2.012539
2069,288.467102,2.019087
2070,288.362549,2.028250
2071,288.300110,2.045322
2072,288.532990,2.059947
2073,288.396606,2.072491
2074,288.268341,2.082686
2075,288.372406,2.091499
2076,288.515503,2.107097
2077,288.386414,2.120013
2078,288.555725,2.136343
2079,288.600677,2.148499
2080,288.607544,2.162173
2081,288.565918,2.169340
2082,288.598053,2.179407
2083,288.531372,2.189828
2084,288.439819,2.195589
2085,288.557129,2.203349
2086,288.515045,2.213011
2087,288.507141,2.213718
2088,288.643250,2.225420
2089,288.561890,2.243512
2090,288.580017,2.256675
2091,288.677338,2.263566
2092,288.654083,2.272162
2093,288.685944,2.280576
2094,288.498535,2.287596
2095,288.557800,2.291976
2096,288.544128,2.300758
2097,288.661774,2.311678
2098,288.713837,2.324628
2099,288.639923,2.337340
2100,288.595337,2.346125
2101,288.589966,2.355968
2102,288.554199,2.367734
2103,288.747681,2.379016
2104,288.811096,2.391273
2105,288.767303,2.399598
2106,288.722229,2.408295
2107,288.644287,2.420211
2108,288.808136,2.433048
2109,288.811279,2.447272
2110,288.738953,2.456395
2111,288.829376,2.467980
2112,288.925659,2.477520
2113,288.919861,2.488423
2114,288.821198,2.495782
2115,288.820679,2.509411
2116,288.810333,2.529365
2117,288.860107,2.545613
2118,288.981720,2.558635
2119,288.929596,2.571618
2120,288.829773,2.586751
2121,288.938232,2.602894
2122,289.011566,2.620027
2123,289.071045,2.627164
2124,288.925262,2.642314
2125,288.831512,2.664288
2126,288.891663,2.680871
2127,288.947968,2.691917
2128,289.040924,2.704776
2129,288.860718,2.716732
2130,289.004181,2.725106
2131,289.188599,2.739151
2132,289.041626,2.747411
2133,289.138367,2.751807
2134,289.200562,2.760642
2135,289.221313,2.773609
2136,289.206512,2.783496
2137,289.158264,2.786217
2138,289.022247,2.791113
2139,289.265778,2.811955
2140,289.398193,2.830345
2141,289.326843,2.840889
2142,289.257050,2.854255
2143,289.305634,2.864647
2144,289.179871,2.880845
2145,289.071899,2.894170
2146,289.231689,2.902182
2147,289.107910,2.915318
2148,289.113586,2.911922
2149,289.194641,2.910948
2150,289.218811,2.914142
2151,289.234833,2.918916
2152,289.093201,2.925117
2153,289.217926,2.934283
2154,289.550507,2.937334
2155,289.383209,2.933790
2156,289.208008,2.934157
2157,289.348938,2.943236
2158,289.352692,2.951357
2159,289.346649,2.965433
2160,289.403931,2.979156
2161,289.428955,2.982948
2162,289.435699,2.993821
2163,289.036499,3.008639
2164,289.171326,3.023226
2165,289.317139,3.038748
2166,289.349731,3.049944
2167,289.344299,3.066109
2168,289.297211,3.079571
2169,289.357330,3.079124
2170,289.291870,3.085139
2171,289.337860,3.099785
2172,289.529419,3.112138
2173,289.549255,3.120542
2174,289.602142,3.130992
2175,289.483612,3.139729
2176,289.345428,3.144056
2177,289.434113,3.152547
2178,289.558105,3.171468
2179,289.632263,3.189547
2180,289.684479,3.207780
2181,289.570709,3.216165
2182,289.578156,3.225050
2183,289.621765,3.240995
2184,289.537109,3.257624
2185,289.563660,3.270615
2186,289.647400,3.285421
2187,289.719513,3.294242
2188,289.604828,3.302799
2189,289.660126,3.304493
2190,289.666046,3.312355
2191,289.558777,3.324292
2192,289.690430,3.336643
2193,289.604126,3.347116
2194,289.713684,3.348620
2195,289.864136,3.350885
2196,289.601288,3.361652
2197,289.610840,3.376338
2198,289.775574,3.396007
2199,289.856201,3.405819
2200,289.681580,3.417363
2201,289.782043,3.426555
2202,289.794067,3.431519
2203,289.805969,3.438663
2204,289.652954,3.442492
2205,289.719452,3.446681
2206,289.703552,3.457233
2207,289.804626,3.461889
2208,289.872314,3.473206
2209,289.677368,3.487634
2210,289.752441,3.493673
2211,289.893707,3.504371
2212,290.018738,3.507931
2213,290.211853,3.498472
2214,289.831451,3.494516
2215,289.910004,3.507042
2216,289.923157,3.510852
2217,289.868408,3.510283
2218,289.819153,3.510475
2219,289.774994,3.515797
2220,289.791718,3.513561
2221,289.875336,3.514164
2222,289.830109,3.515626
2223,289.943634,3.514262
2224,290.146545,3.518373
2225,290.045288,3.528531
2226,289.922241,3.532871
2227,289.717621,3.533450
2228,289.491821,3.526830
2229,289.737518,3.532338
2230,290.057373,3.537408
2231,289.896332,3.540089
2232,289.777008,3.544022
2233,289.811707,3.551693
2234,289.812622,3.557652
2235,289.652374,3.561991
2236,289.721649,3.574810
2237,289.848480,3.585123
2238,289.831390,3.591286
2239,289.800690,3.588389
2240,290.057190,3.587835
2241,290.023926,3.593128
2242,290.036102,3.610940
2243,290.013245,3.640044
2244,289.996704,3.654321
2245,290.062103,3.653012
2246,290.003571,3.664040
2247,289.986389,3.674556
2248,290.049286,3.679649
2249,289.953766,3.690233
2250,289.921906,3.705122
2251,290.259888,3.713597
2252,290.139496,3.714491
2253,290.128540,3.719033
2254,290.059631,3.721195
2255,290.028656,3.715453
2256,290.081055,3.716883
2257,290.251953,3.719458
2258,290.364960,3.729481
2259,290.165833,3.734238
2260,290.018097,3.738271
2261,290.227173,3.746527
2262,290.092499,3.751631
2263,289.964478,3.757664
2264,290.130157,3.770314
2265,290.099030,3.780060
2266,289.975891,3.775588
2267,289.875305,3.776048
2268,289.967651,3.783340
2269,289.865540,3.784007
2270,289.884949,3.781505
2271,290.066833,3.781714
2272,290.113342,3.774596
2273,290.313934,3.768101
2274,290.139404,3.775879
2275,290.183105,3.789210
2276,290.251251,3.792949
2277,290.139496,3.798833
2278,290.230286,3.814393
2279,290.333252,3.831064
2280,290.214294,3.837311
2281,290.125732,3.842413
2282,290.153290,3.857496
2283,290.347321,3.871787
2284,290.079620,3.891254
2285,289.953613,3.912988
2286,290.087311,3.924212
2287,290.038422,3.934213
2288,290.170105,3.937853
2289,290.399170,3.947637
2290,290.418030,3.956291
2291,290.339355,3.963000
2292,290.269012,3.973761
2293,290.431274,3.981821
2294,290.630280,3.986776
2295,290.286438,3.996022
2296,290.128967,4.008547
2297,290.327789,4.020479
2298,290.396362,4.026270
2299,290.449554,4.041311
2300,290.536987,4.060879
