cmcc-cm,1875,2100,rcp45,global tas,K
1875,286.593262,-0.598153
1876,286.630981,-0.589276
1877,286.444183,-0.579522
1878,286.234283,-0.579866
1879,286.412292,-0.584039
1880,286.554565,-0.577812
1881,286.450134,-0.574005
1882,286.475372,-0.568055
1883,286.311401,-0.565059
1884,286.442963,-0.560329
1885,286.518188,-0.552246
1886,286.570282,-0.551335
1887,286.604706,-0.548304
1888,286.609314,-0.549645
1889,286.719727,-0.550814
1890,286.675018,-0.548779
1891,286.792633,-0.543625
1892,286.733673,-0.537262
1893,286.392975,-0.525690
1894,286.369843,-0.518776
1895,286.615204,-0.515432
1896,286.524994,-0.508861
1897,286.698608,-0.508134
1898,286.710663,-0.500511
1899,286.590424,-0.500631
1900,286.653931,-0.500812
1901,286.586853,-0.497807
1902,286.615814,-0.505311
1903,286.590607,-0.514233
1904,286.568024,-0.522086
1905,286.654297,-0.526670
1906,286.785614,-0.533407
1907,286.635071,-0.541076
1908,286.581451,-0.541394
1909,286.619690,-0.536428
1910,286.654907,-0.539203
1911,286.647247,-0.537048
1912,286.497192,-0.545128
1913,286.540100,-0.553022
1914,286.439362,-0.552547
1915,286.512756,-0.552421
1916,286.660431,-0.552657
1917,286.379578,-0.555934
1918,286.341644,-0.555285
1919,286.484161,-0.551928
1920,286.537476,-0.555363
1921,286.590546,-0.561651
1922,286.503601,-0.557810
1923,286.383423,-0.552574
1924,286.518829,-0.550970
1925,286.531952,-0.550229
1926,286.589630,-0.549987
1927,286.456207,-0.548959
1928,286.473846,-0.545529
1929,286.604675,-0.536744
1930,286.657715,-0.534483
1931,286.579773,-0.535435
1932,286.517517,-0.523791
1933,286.610077,-0.511979
1934,286.668732,-0.503648
1935,286.551239,-0.495175
1936,286.596985,-0.488789
1937,286.750275,-0.478916
1938,286.738556,-0.467903
1939,286.667786,-0.462179
1940,286.677155,-0.455614
1941,286.654510,-0.449490
1942,286.528015,-0.440634
1943,286.643005,-0.434322
1944,286.702911,-0.433101
1945,286.580597,-0.440606
1946,286.631866,-0.441072
1947,286.728882,-0.439768
1948,286.696014,-0.435582
1949,286.734100,-0.436331
1950,286.791656,-0.435616
1951,286.782135,-0.438275
1952,286.799774,-0.438372
1953,286.713837,-0.436862
1954,286.690552,-0.428613
1955,286.728882,-0.419997
1956,286.773346,-0.417460
1957,286.721893,-0.410783
1958,286.663208,-0.408508
1959,286.641296,-0.408930
1960,286.432587,-0.409898
1961,286.565796,-0.410902
1962,286.556610,-0.412338
1963,286.735657,-0.405451
1964,286.646271,-0.400410
1965,286.572693,-0.397981
1966,286.517212,-0.397736
1967,286.747375,-0.395782
1968,286.783844,-0.391974
1969,286.915253,-0.389353
1970,286.935638,-0.386259
1971,286.730621,-0.388501
1972,286.728333,-0.382027
1973,286.711243,-0.370453
1974,286.690247,-0.360684
1975,286.551575,-0.344915
1976,286.601746,-0.330950
1977,286.685791,-0.316143
1978,286.902618,-0.303285
1979,286.885345,-0.287573
1980,286.864532,-0.269145
1981,286.789490,-0.252709
1982,286.858368,-0.240044
1983,286.828094,-0.228535
1984,286.769165,-0.223327
1985,286.821716,-0.212817
1986,286.706085,-0.190390
1987,286.916107,-0.169715
1988,287.010437,-0.146696
1989,286.934357,-0.121645
1990,286.905670,-0.095644
1991,286.984741,-0.071580
1992,287.000824,-0.048353
1993,287.121399,-0.034791
1994,287.117615,-0.019059
1995,287.125549,-0.000013
1996,287.010284,0.018141
1997,287.127319,0.040922
1998,287.129120,0.064885
1999,287.071503,0.092238
2000,287.250916,0.118559
2001,287.403442,0.150648
2002,287.348572,0.172581
2003,287.401825,0.194123
2004,287.441772,0.217050
2005,287.331604,0.239743
2006,287.323669,0.259266
2007,287.382599,0.279271
2008,287.309479,0.302985
2009,287.357300,0.332139
2010,287.435913,0.352875
2011,287.334106,0.381979
2012,287.541809,0.407608
2013,287.546997,0.432164
2014,287.589752,0.458135
2015,287.611328,0.479679
2016,287.668762,0.495825
2017,287.574097,0.513701
2018,287.656708,0.533384
2019,287.622162,0.551126
2020,287.586456,0.578433
2021,287.570435,0.606732
2022,287.600983,0.629437
2023,287.832794,0.652324
2024,287.992249,0.680080
2025,287.747620,0.707664
2026,287.883423,0.739031
2027,287.896179,0.761181
2028,287.865784,0.786873
2029,287.850647,0.816482
2030,287.897247,0.845752
2031,287.887817,0.872569
2032,287.884857,0.896536
2033,287.992310,0.922997
2034,287.974030,0.954576
2035,288.150818,0.977604
2036,288.172638,1.001343
2037,288.063751,1.026651
2038,287.996094,1.053115
2039,288.189972,1.075040
2040,288.263428,1.105893
2041,288.275116,1.136413
2042,288.206299,1.165923
2043,288.317780,1.198683
2044,288.477997,1.234108
2045,288.489441,1.268927
2046,288.473267,1.298903
2047,288.293121,1.327525
2048,288.450531,1.360785
2049,288.569519,1.396040
2050,288.277313,1.422889
2051,288.282593,1.449261
2052,288.360229,1.476309
2053,288.626709,1.506542
2054,288.649994,1.531429
2055,288.673218,1.551899
2056,288.799011,1.581270
2057,288.781494,1.612518
2058,288.848572,1.636719
2059,288.913422,1.658274
2060,288.941803,1.680172
2061,288.787109,1.705431
2062,288.743500,1.738300
2063,288.990112,1.764573
2064,289.031677,1.786904
2065,288.956299,1.818988
2066,288.963806,1.851058
2067,288.875183,1.879438
2068,288.903076,1.894141
2069,288.936584,1.913130
2070,288.877533,1.932095
2071,289.156250,1.949284
2072,289.143738,1.962533
2073,289.043793,1.973841
2074,289.124664,1.985309
2075,289.146362,1.996327
2076,289.231049,2.017304
2077,289.279175,2.032389
2078,289.238739,2.038164
2079,289.239441,2.049227
2080,289.239838,2.061452
2081,289.244690,2.067137
2082,289.211639,2.079510
2083,289.067780,2.092219
2084,289.219666,2.106450
2085,289.242188,2.120961
2086,289.314667,2.126069
2087,289.178955,2.131768
2088,289.187836,2.140975
2089,289.257446,2.147660
2090,289.272339,2.153796
2091,289.416443,2.157285
2092,289.196045,2.159345
2093,289.163361,2.162927
2094,289.363556,2.166661
2095,289.323059,2.170557
2096,289.134338,2.174465
2097,289.246399,2.179651
2098,289.284332,2.189806
2099,289.363525,2.195074
2100,289.312866,2.199765
