hadgem2-cc,1875,2100,rcp85,global tas,K
1875,286.493347,-0.240465
1876,286.464081,-0.259992
1877,286.391663,-0.269322
1878,286.502808,-0.271443
1879,286.619019,-0.272053
1880,286.435028,-0.275327
1881,286.513794,-0.274772
1882,286.552948,-0.276129
1883,286.406097,-0.282865
1884,286.304840,-0.288542
1885,286.301819,-0.296504
1886,286.304810,-0.300328
1887,286.200470,-0.302281
1888,286.368469,-0.316538
1889,286.222626,-0.326095
1890,286.233276,-0.321969
1891,286.175415,-0.319037
1892,286.426056,-0.312075
1893,286.533478,-0.316660
1894,286.560364,-0.325286
1895,286.578430,-0.325246
1896,286.457916,-0.329754
1897,286.460327,-0.337415
1898,286.437988,-0.345696
1899,286.416931,-0.345388
1900,286.491730,-0.344036
1901,286.645569,-0.350066
1902,286.523834,-0.352763
1903,286.313538,-0.355883
1904,286.461060,-0.352013
1905,286.617126,-0.345472
1906,286.552032,-0.335770
1907,286.600525,-0.334984
1908,286.365265,-0.340163
1909,286.360229,-0.348553
1910,286.436218,-0.352065
1911,286.378571,-0.350390
1912,286.323120,-0.344323
1913,286.157654,-0.337319
1914,286.314087,-0.333593
1915,286.342377,-0.339429
1916,286.123901,-0.350814
1917,286.119568,-0.355141
1918,286.274872,-0.353867
1919,286.338715,-0.358252
1920,286.429504,-0.362829
1921,286.466492,-0.360442
1922,286.449615,-0.368201
1923,286.378113,-0.366045
1924,286.308655,-0.359291
1925,286.473083,-0.353002
1926,286.508179,-0.346394
1927,286.642334,-0.334846
1928,286.648102,-0.322357
1929,286.528717,-0.314165
1930,286.316650,-0.305327
1931,286.304016,-0.293788
1932,286.394012,-0.285183
1933,286.351776,-0.281391
1934,286.329498,-0.274749
1935,286.479828,-0.269547
1936,286.623627,-0.264996
1937,286.367767,-0.262359
1938,286.429932,-0.253172
1939,286.562866,-0.239229
1940,286.624878,-0.240046
1941,286.576813,-0.247248
1942,286.669556,-0.256411
1943,286.532318,-0.262137
1944,286.559845,-0.263133
1945,286.607513,-0.254121
1946,286.470093,-0.251215
1947,286.377716,-0.246916
1948,286.388611,-0.238640
1949,286.537994,-0.239095
1950,286.585571,-0.246338
1951,286.602997,-0.256238
1952,286.528748,-0.257644
1953,286.653717,-0.264529
1954,286.726929,-0.273981
1955,286.448578,-0.280683
1956,286.292114,-0.283443
1957,286.367462,-0.292749
1958,286.476318,-0.301179
1959,286.498840,-0.310564
1960,286.587006,-0.319729
1961,286.391205,-0.325563
1962,286.522980,-0.331245
1963,286.600037,-0.329771
1964,286.315857,-0.332649
1965,286.262543,-0.336721
1966,286.326630,-0.336147
1967,286.325592,-0.335774
1968,286.223358,-0.346090
1969,286.279327,-0.356604
1970,286.423798,-0.353478
1971,286.494019,-0.340164
1972,286.390381,-0.332801
1973,286.279419,-0.331577
1974,286.278290,-0.323705
1975,286.332581,-0.315096
1976,286.295074,-0.302877
1977,286.207245,-0.299000
1978,286.432831,-0.298149
1979,286.451660,-0.284591
1980,286.463409,-0.270198
1981,286.620209,-0.255982
1982,286.539948,-0.241300
1983,286.344238,-0.221053
1984,286.411499,-0.201110
1985,286.542358,-0.183100
1986,286.691528,-0.167178
1987,286.588348,-0.149785
1988,286.513062,-0.128407
1989,286.734985,-0.108778
1990,286.845276,-0.093699
1991,286.757782,-0.073839
1992,286.639282,-0.055397
1993,286.625580,-0.041962
1994,286.722595,-0.022821
1995,286.694336,-0.000003
1996,286.753082,0.016085
1997,286.766052,0.039058
1998,286.830780,0.074075
1999,286.877625,0.113201
2000,286.964081,0.149720
2001,286.971680,0.182714
2002,286.912170,0.214460
2003,286.920776,0.246254
2004,286.867157,0.273910
2005,286.784943,0.299832
2006,286.890869,0.331294
2007,286.760529,0.371860
2008,286.835876,0.421351
2009,287.025879,0.465722
2010,287.147949,0.508915
2011,287.102844,0.550543
2012,287.229156,0.590587
2013,287.394745,0.628051
2014,287.585266,0.666379
2015,287.637939,0.700963
2016,287.681335,0.741088
2017,287.540741,0.782971
2018,287.466888,0.824681
2019,287.564636,0.866610
2020,287.622955,0.913806
2021,287.701630,0.959161
2022,287.856262,1.012489
2023,288.110321,1.064077
2024,288.053711,1.113389
2025,287.990143,1.160333
2026,288.001923,1.205937
2027,287.967377,1.252780
2028,287.954681,1.294047
2029,288.027466,1.327747
2030,288.001617,1.362764
2031,288.175415,1.396374
2032,288.168671,1.436536
2033,288.172058,1.483969
2034,288.125031,1.529342
2035,288.200836,1.576925
2036,288.251526,1.621668
2037,288.360352,1.666738
2038,288.383514,1.705099
2039,288.505249,1.741237
2040,288.556274,1.778005
2041,288.470947,1.820294
2042,288.634460,1.866967
2043,288.632751,1.920281
2044,288.596252,1.975021
2045,288.688477,2.034486
2046,288.689606,2.093042
2047,288.745605,2.155560
2048,288.889893,2.222481
2049,288.925812,2.289461
2050,289.050446,2.354581
2051,289.043915,2.424869
2052,289.208374,2.486638
2053,289.261169,2.542970
2054,289.137848,2.594815
2055,289.093170,2.648052
2056,289.270599,2.712560
2057,289.367554,2.780684
2058,289.554108,2.848116
2059,289.669678,2.914588
2060,289.785553,2.979692
2061,289.932098,3.044562
2062,290.044220,3.109840
2063,290.179688,3.166108
2064,290.134430,3.226963
2065,290.154419,3.286458
2066,290.360168,3.349364
2067,290.213440,3.403012
2068,290.073456,3.459404
2069,290.060608,3.523074
2070,290.153381,3.586388
2071,290.406189,3.641418
2072,290.678192,3.699881
2073,290.655701,3.758994
2074,290.590424,3.809467
2075,290.641571,3.862592
2076,290.635712,3.914777
2077,290.703949,3.962035
2078,290.577942,4.010407
2079,290.751465,4.065929
2080,290.835297,4.120164
2081,290.931091,4.166261
2082,290.817810,4.216200
2083,290.952911,4.271894
2084,291.047974,4.330401
2085,290.992584,4.392775
2086,290.921509,4.444442
2087,291.121429,4.488787
2088,291.327484,4.535625
2089,291.183868,4.586382
2090,291.379303,4.637178
2091,291.497650,4.689913
2092,291.461975,4.742117
2093,291.630859,4.800264
2094,291.800079,4.854372
2095,291.781464,4.907428
2096,291.743073,4.959035
2097,291.711609,5.016161
2098,291.744263,5.070528
2099,291.815857,5.123469
2100,292.024567,5.180000
