noresm1-me,1875,2100,rcp85,global tas,K
1875,285.979858,-0.586750
1876,285.872437,-0.592525
1877,285.966919,-0.599514
1878,285.973511,-0.602682
1879,285.784790,-0.603592
1880,285.953217,-0.598221
1881,285.946289,-0.593134
1882,285.921997,-0.591247
1883,285.931335,-0.593946
1884,285.547119,-0.596628
1885,285.715027,-0.599499
1886,285.731720,-0.606090
1887,285.825348,-0.610426
1888,285.756592,-0.609989
1889,285.883423,-0.616048
1890,285.773895,-0.624954
1891,285.760498,-0.624044
1892,285.784088,-0.623601
1893,285.866913,-0.626077
1894,285.850342,-0.625866
1895,286.031097,-0.624354
1896,286.003418,-0.625184
1897,285.935638,-0.625185
1898,285.831665,-0.626327
1899,285.941406,-0.609006
1900,285.913422,-0.593936
1901,285.848267,-0.588514
1902,285.892365,-0.586704
1903,285.751282,-0.575980
1904,285.674011,-0.575010
1905,285.712677,-0.570174
1906,285.899750,-0.561683
1907,285.980194,-0.557746
1908,285.899231,-0.557534
1909,285.791138,-0.551924
1910,285.998566,-0.547833
1911,285.921387,-0.545530
1912,285.921967,-0.539774
1913,285.897095,-0.533437
1914,286.066742,-0.533399
1915,286.167114,-0.528651
1916,285.894379,-0.520191
1917,285.879639,-0.509330
1918,286.078339,-0.499654
1919,285.912506,-0.485006
1920,285.918976,-0.473408
1921,286.015228,-0.467273
1922,285.902191,-0.461619
1923,285.873291,-0.449329
1924,286.018646,-0.432517
1925,286.153809,-0.426803
1926,286.072510,-0.420561
1927,286.108337,-0.415965
1928,286.021759,-0.410126
1929,285.942535,-0.409477
1930,286.055878,-0.409229
1931,286.102051,-0.399368
1932,286.218201,-0.393810
1933,286.041565,-0.399018
1934,286.113464,-0.399911
1935,286.060608,-0.393004
1936,286.083801,-0.396343
1937,286.149811,-0.395206
1938,286.267944,-0.390984
1939,286.295471,-0.389012
1940,286.170013,-0.389321
1941,286.108643,-0.391691
1942,286.059845,-0.392367
1943,286.072266,-0.386551
1944,286.086212,-0.378412
1945,286.174561,-0.370123
1946,286.190186,-0.366432
1947,286.046387,-0.374190
1948,285.922089,-0.378056
1949,285.885712,-0.385055
1950,286.126190,-0.387528
1951,285.915070,-0.389471
1952,285.936310,-0.390534
1953,285.999939,-0.397536
1954,286.077820,-0.410569
1955,286.144531,-0.416984
1956,286.001404,-0.418402
1957,286.088074,-0.416156
1958,286.196228,-0.414455
1959,286.186707,-0.415721
1960,286.304535,-0.423048
1961,286.212799,-0.427265
1962,285.985443,-0.425705
1963,285.925598,-0.414645
1964,285.903503,-0.398441
1965,285.986389,-0.392327
1966,286.025513,-0.376577
1967,286.117920,-0.360550
1968,286.057892,-0.354400
1969,285.904480,-0.346316
1970,285.977570,-0.343311
1971,286.066101,-0.337104
1972,286.127228,-0.329698
1973,286.123291,-0.322873
1974,286.048248,-0.317422
1975,285.954742,-0.308247
1976,286.063660,-0.302629
1977,286.093201,-0.299056
1978,286.253876,-0.293952
1979,286.371857,-0.284602
1980,286.309601,-0.276328
1981,286.387573,-0.269741
1982,286.417114,-0.264598
1983,286.184448,-0.254678
1984,286.320343,-0.235035
1985,286.234680,-0.211886
1986,286.187592,-0.193408
1987,286.310272,-0.175404
1988,286.400970,-0.150152
1989,286.350220,-0.122691
1990,286.579803,-0.091813
1991,286.381348,-0.069436
1992,286.092621,-0.047592
1993,286.078705,-0.025819
1994,286.184021,-0.015795
1995,286.234619,0.000013
1996,286.223114,0.016109
1997,286.272217,0.024959
1998,286.355469,0.046120
1999,286.493774,0.063475
2000,286.672058,0.086787
2001,286.620422,0.120364
2002,286.667358,0.148910
2003,286.880859,0.169115
2004,286.872070,0.188382
2005,286.881073,0.200670
2006,286.734985,0.226055
2007,286.748505,0.262148
2008,286.907074,0.295622
2009,286.672577,0.326306
2010,286.783844,0.359261
2011,286.870453,0.389992
2012,286.682617,0.417601
2013,286.819275,0.447681
2014,286.840973,0.476464
2015,286.934052,0.498475
2016,287.194916,0.519683
2017,287.166626,0.539124
2018,287.007141,0.560415
2019,286.928223,0.581990
2020,286.948456,0.604653
2021,287.142883,0.628795
2022,287.175415,0.653819
2023,287.082916,0.674641
2024,287.104553,0.702148
2025,287.223267,0.729697
2026,287.145050,0.753676
2027,287.100464,0.787387
2028,287.257874,0.819820
2029,287.357269,0.853304
2030,287.332397,0.882960
2031,287.256653,0.903425
2032,287.250580,0.927428
2033,287.519592,0.960167
2034,287.519318,0.995914
2035,287.560974,1.031950
2036,287.459259,1.063263
2037,287.499207,1.093674
2038,287.531738,1.130901
2039,287.497803,1.166013
2040,287.610291,1.197079
2041,287.589844,1.231922
2042,287.693939,1.273443
2043,287.792267,1.316194
2044,287.845490,1.355292
2045,287.823730,1.391842
2046,287.808868,1.435322
2047,287.886719,1.484375
2048,287.989319,1.522690
2049,288.000610,1.562160
2050,288.029541,1.599688
2051,288.082275,1.641853
2052,288.087738,1.684759
2053,288.199738,1.728761
2054,288.157898,1.778690
2055,288.155273,1.822052
2056,288.190338,1.867376
2057,288.346069,1.911234
2058,288.540405,1.956485
2059,288.530212,2.005984
2060,288.428894,2.052767
2061,288.561066,2.097100
2062,288.722168,2.142886
2063,288.669037,2.184783
2064,288.703430,2.228539
2065,288.686798,2.273243
2066,288.724213,2.317741
2067,288.786407,2.361950
2068,288.851776,2.409320
2069,288.995667,2.461157
2070,288.911163,2.515514
2071,288.949554,2.563184
2072,289.009705,2.601183
2073,289.149780,2.637477
2074,289.330444,2.678644
2075,289.227234,2.723242
2076,289.138855,2.767561
2077,289.260315,2.807101
2078,289.246216,2.851471
2079,289.313293,2.896238
2080,289.370667,2.939423
2081,289.417206,2.981274
2082,289.414001,3.023154
2083,289.620850,3.066269
2084,289.713013,3.106410
2085,289.785980,3.150291
2086,289.620453,3.193972
2087,289.486023,3.237022
2088,289.629211,3.276776
2089,289.765228,3.311881
2090,289.766846,3.351800
2091,289.890625,3.396039
2092,289.908356,3.437603
2093,290.000153,3.481011
2094,290.046448,3.523556
2095,289.982330,3.565562
2096,289.979767,3.607390
2097,290.042786,3.650699
2098,290.145233,3.688487
2099,290.199890,3.724576
2100,290.227600,3.759606
