noresm1-m,1861,2300,rcp45,zosga,m
1861,0.111021
1862,0.112144
1863,0.112039
1864,0.113306
1865,0.113541
1866,0.113091
1867,0.112654
1868,0.113403
1869,0.114336
1870,0.114402
1871,0.114609
1872,0.114876
1873,0.114694
1874,0.114445
1875,0.114767
1876,0.115778
1877,0.115165
1878,0.115017
1879,0.115273
1880,0.116577
1881,0.116765
1882,0.117259
1883,0.117503
1884,0.112603
1885,0.110872
1886,0.112293
1887,0.114099
1888,0.116159
1889,0.116599
1890,0.114504
1891,0.111145
1892,0.110073
1893,0.109340
1894,0.111288
1895,0.112990
1896,0.112811
1897,0.113562
1898,0.115361
1899,0.116742
1900,0.117152
1901,0.116665
1902,0.115627
1903,0.112461
1904,0.111519
1905,0.112715
1906,0.113769
1907,0.114275
1908,0.113700
1909,0.114758
1910,0.116406
1911,0.117260
1912,0.117870
1913,0.117962
1914,0.117600
1915,0.117479
1916,0.118185
1917,0.118763
1918,0.119192
1919,0.119866
1920,0.120376
1921,0.120420
1922,0.120897
1923,0.121827
1924,0.122440
1925,0.122893
1926,0.122786
1927,0.122973
1928,0.122739
1929,0.123324
1930,0.123585
1931,0.124854
1932,0.125547
1933,0.126024
1934,0.127498
1935,0.127024
1936,0.126517
1937,0.127657
1938,0.128825
1939,0.129595
1940,0.129777
1941,0.129509
1942,0.130223
1943,0.131050
1944,0.130559
1945,0.129188
1946,0.128912
1947,0.130146
1948,0.131795
1949,0.132060
1950,0.131563
1951,0.132587
1952,0.132803
1953,0.133259
1954,0.135434
1955,0.137090
1956,0.137275
1957,0.137436
1958,0.137866
1959,0.137403
1960,0.138320
1961,0.138486
1962,0.138548
1963,0.137897
1964,0.135637
1965,0.136726
1966,0.136744
1967,0.137294
1968,0.138249
1969,0.137776
1970,0.138455
1971,0.139037
1972,0.138731
1973,0.140066
1974,0.141271
1975,0.142050
1976,0.143262
1977,0.144427
1978,0.145021
1979,0.146280
1980,0.148234
1981,0.148750
1982,0.148959
1983,0.147375
1984,0.148307
1985,0.148571
1986,0.149854
1987,0.151260
1988,0.153232
1989,0.154877
1990,0.155598
1991,0.154653
1992,0.151595
1993,0.153003
1994,0.155306
1995,0.157166
1996,0.158814
1997,0.161318
1998,0.162024
1999,0.163051
2000,0.164781
2001,0.165755
2002,0.167833
2003,0.170500
2004,0.171585
2005,0.172495
2006,0.173906
2007,0.174469
2008,0.176350
2009,0.178397
2010,0.180855
2011,0.182807
2012,0.185213
2013,0.186430
2014,0.186896
2015,0.187063
2016,0.189606
2017,0.192628
2018,0.195064
2019,0.196655
2020,0.198213
2021,0.200139
2022,0.202713
2023,0.204251
2024,0.205834
2025,0.208031
2026,0.209953
2027,0.212198
2028,0.214320
2029,0.217027
2030,0.218822
2031,0.220488
2032,0.222179
2033,0.224273
2034,0.226484
2035,0.229493
2036,0.232288
2037,0.235271
2038,0.237077
2039,0.239410
2040,0.240670
2041,0.242128
2042,0.244667
2043,0.247929
2044,0.250597
2045,0.252240
2046,0.253560
2047,0.256924
2048,0.260331
2049,0.263053
2050,0.265730
2051,0.268228
2052,0.270284
2053,0.272002
2054,0.274100
2055,0.277407
2056,0.280095
2057,0.283352
2058,0.286004
2059,0.287891
2060,0.291393
2061,0.293863
2062,0.296230
2063,0.298947
2064,0.300954
2065,0.303335
2066,0.305968
2067,0.307995
2068,0.310166
2069,0.312840
2070,0.316295
2071,0.318831
2072,0.320331
2073,0.322694
2074,0.324859
2075,0.327107
2076,0.329212
2077,0.332831
2078,0.335954
2079,0.338651
2080,0.339950
2081,0.341875
2082,0.344282
2083,0.347489
2084,0.350254
2085,0.350709
2086,0.352532
2087,0.355684
2088,0.359063
2089,0.362382
2090,0.365163
2091,0.367806
2092,0.370292
2093,0.372112
2094,0.375443
2095,0.377294
2096,0.378984
2097,0.380405
2098,0.382294
2099,0.383959
2100,0.386723
2101,0.388505
2102,0.390647
2103,0.393543
2104,0.396582
2105,0.399319
2106,0.401679
2107,0.403528
2108,0.406085
2109,0.409261
2110,0.411511
2111,0.413943
2112,0.416370
2113,0.417850
2114,0.419819
2115,0.422822
2116,0.424710
2117,0.427080
2118,0.431439
2119,0.433635
2120,0.434312
2121,0.435952
2122,0.438137
2123,0.441103
2124,0.443891
2125,0.446325
2126,0.448296
2127,0.450838
2128,0.453242
2129,0.454855
2130,0.457819
2131,0.461196
2132,0.463475
2133,0.464397
2134,0.465666
2135,0.467676
2136,0.469633
2137,0.472094
2138,0.474277
2139,0.476998
2140,0.479504
2141,0.479939
2142,0.481684
2143,0.484615
2144,0.487069
2145,0.488374
2146,0.489732
2147,0.491960
2148,0.494624
2149,0.498137
2150,0.501208
2151,0.504316
2152,0.506786
2153,0.509311
2154,0.511691
2155,0.513618
2156,0.516052
2157,0.518380
2158,0.520831
2159,0.522349
2160,0.523201
2161,0.525075
2162,0.527131
2163,0.529639
2164,0.531760
2165,0.532799
2166,0.533918
2167,0.536655
2168,0.538387
2169,0.540776
2170,0.543134
2171,0.544719
2172,0.546691
2173,0.548495
2174,0.550158
2175,0.551987
2176,0.554694
2177,0.556142
2178,0.556304
2179,0.558537
2180,0.560557
2181,0.563226
2182,0.567102
2183,0.569654
2184,0.570858
2185,0.571534
2186,0.572643
2187,0.575045
2188,0.577088
2189,0.578564
2190,0.582186
2191,0.586105
2192,0.588994
2193,0.590537
2194,0.592883
2195,0.594565
2196,0.595245
2197,0.596415
2198,0.597572
2199,0.599905
2200,0.603244
2201,0.605817
2202,0.607576
2203,0.609938
2204,0.611692
2205,0.612750
2206,0.613443
2207,0.614626
2208,0.617293
2209,0.619829
2210,0.622295
2211,0.624408
2212,0.626582
2213,0.629113
2214,0.631935
2215,0.633149
2216,0.634051
2217,0.635553
2218,0.636922
2219,0.638782
2220,0.640438
2221,0.641866
2222,0.643000
2223,0.644424
2224,0.647057
2225,0.650043
2226,0.651218
2227,0.653537
2228,0.655654
2229,0.657855
2230,0.658697
2231,0.659447
2232,0.661886
2233,0.664335
2234,0.665483
2235,0.665831
2236,0.666898
2237,0.669043
2238,0.671514
2239,0.673553
2240,0.675389
2241,0.676887
2242,0.678878
2243,0.681419
2244,0.684622
2245,0.687066
2246,0.687750
2247,0.689365
2248,0.691149
2249,0.693739
2250,0.696749
2251,0.698474
2252,0.699385
2253,0.700625
2254,0.701570
2255,0.703074
2256,0.705679
2257,0.708070
2258,0.708592
2259,0.710281
2260,0.712593
2261,0.715129
2262,0.716567
2263,0.717870
2264,0.719604
2265,0.722075
2266,0.725195
2267,0.726664
2268,0.728568
2269,0.730394
2270,0.731714
2271,0.732177
2272,0.733357
2273,0.734490
2274,0.735029
2275,0.737118
2276,0.739152
2277,0.741766
2278,0.742779
2279,0.744172
2280,0.746494
2281,0.749204
2282,0.750309
2283,0.751981
2284,0.753479
2285,0.754950
2286,0.756715
2287,0.759373
2288,0.760455
2289,0.761616
2290,0.763245
2291,0.764553
2292,0.767126
2293,0.767564
2294,0.768644
2295,0.770907
2296,0.773115
2297,0.774173
2298,0.775426
2299,0.776501
2300,0.779122
