miroc-esm,1875,2100,rcp26,global tas,K
1875,286.593933,-0.728554
1876,286.539215,-0.727967
1877,286.480927,-0.734890
1878,286.465393,-0.734599
1879,286.728180,-0.728676
1880,286.488861,-0.728116
1881,286.442200,-0.724421
1882,286.480286,-0.726357
1883,286.460785,-0.728531
1884,286.178650,-0.732253
1885,286.228729,-0.733683
1886,286.266083,-0.730790
1887,286.499878,-0.731117
1888,286.473724,-0.737716
1889,286.497955,-0.747537
1890,286.544403,-0.753034
1891,286.417786,-0.755569
1892,286.319672,-0.756287
1893,286.421631,-0.758514
1894,286.486084,-0.765213
1895,286.522949,-0.764273
1896,286.552490,-0.760907
1897,286.470215,-0.757479
1898,286.495087,-0.760951
1899,286.674438,-0.752432
1900,286.589569,-0.744153
1901,286.642029,-0.734472
1902,286.566559,-0.734838
1903,286.433533,-0.734873
1904,286.359161,-0.730588
1905,286.429016,-0.730347
1906,286.463165,-0.723760
1907,286.459412,-0.709895
1908,286.398560,-0.693031
1909,286.527222,-0.679633
1910,286.517059,-0.671763
1911,286.543182,-0.661951
1912,286.583130,-0.648572
1913,286.356628,-0.637841
1914,286.434204,-0.636032
1915,286.477112,-0.630286
1916,286.556519,-0.625186
1917,286.488892,-0.622693
1918,286.472656,-0.614503
1919,286.626526,-0.606783
1920,286.551636,-0.598535
1921,286.615387,-0.587439
1922,286.735626,-0.571109
1923,286.927551,-0.557268
1924,286.888031,-0.550348
1925,286.759033,-0.539517
1926,286.846863,-0.531504
1927,286.871582,-0.526939
1928,286.817017,-0.508593
1929,286.728699,-0.491602
1930,286.761963,-0.478071
1931,286.795013,-0.465430
1932,286.641357,-0.451679
1933,286.679230,-0.434149
1934,286.590759,-0.422648
1935,286.676453,-0.402673
1936,286.796051,-0.388387
1937,286.949310,-0.381685
1938,286.813782,-0.383911
1939,286.734833,-0.384321
1940,286.841980,-0.380234
1941,286.783569,-0.381379
1942,286.720093,-0.383043
1943,286.907013,-0.377386
1944,286.943939,-0.371681
1945,286.883026,-0.367590
1946,286.935760,-0.360702
1947,286.901398,-0.348537
1948,286.998566,-0.339777
1949,286.971558,-0.338505
1950,287.150879,-0.343731
1951,287.043976,-0.348290
1952,286.936676,-0.352262
1953,286.860779,-0.357211
1954,286.875732,-0.359816
1955,286.881653,-0.365412
1956,286.812500,-0.368279
1957,286.821655,-0.368732
1958,286.986725,-0.376081
1959,286.899872,-0.379447
1960,286.884674,-0.382997
1961,287.001678,-0.384310
1962,287.006287,-0.378632
1963,286.942047,-0.374898
1964,286.628906,-0.373131
1965,286.519684,-0.379402
1966,286.659271,-0.380468
1967,286.830139,-0.381443
1968,286.665314,-0.382249
1969,286.656677,-0.381619
1970,286.674103,-0.378912
1971,286.697571,-0.370365
1972,286.706512,-0.361152
1973,286.686523,-0.355954
1974,286.842957,-0.347957
1975,286.776550,-0.333151
1976,286.896362,-0.326951
1977,287.071747,-0.331088
1978,287.110565,-0.331051
1979,287.024567,-0.316537
1980,286.962769,-0.296973
1981,287.011993,-0.277182
1982,286.907410,-0.258528
1983,286.836609,-0.237416
1984,286.894623,-0.214367
1985,286.962860,-0.188807
1986,287.068909,-0.159877
1987,287.098053,-0.135591
1988,287.142670,-0.113453
1989,287.139771,-0.101326
1990,287.328857,-0.083453
1991,287.187683,-0.068818
1992,286.882172,-0.052824
1993,286.943176,-0.035579
1994,287.064301,-0.019923
1995,287.106628,0.000002
1996,287.252991,0.017027
1997,287.389771,0.044335
1998,287.298676,0.070081
1999,287.348145,0.095395
2000,287.440887,0.121998
2001,287.565491,0.147234
2002,287.435089,0.172613
2003,287.350647,0.199506
2004,287.206757,0.225275
2005,287.312744,0.244716
2006,287.335419,0.273131
2007,287.551575,0.312683
2008,287.627899,0.352204
2009,287.494263,0.387380
2010,287.560516,0.424708
2011,287.522736,0.457844
2012,287.726654,0.481937
2013,287.608978,0.508459
2014,287.654053,0.539976
2015,287.760956,0.566764
2016,287.825989,0.589864
2017,287.859406,0.618537
2018,287.949463,0.649171
2019,287.912842,0.688394
2020,287.912109,0.723985
2021,288.040131,0.760124
2022,288.068726,0.786176
2023,288.128815,0.811328
2024,288.119568,0.843517
2025,288.226471,0.875026
2026,288.247070,0.904965
2027,288.112549,0.928633
2028,288.094360,0.964372
2029,288.293640,0.997262
2030,288.244537,1.029161
2031,288.258484,1.057381
2032,288.295288,1.085703
2033,288.269653,1.110020
2034,288.383453,1.132891
2035,288.380463,1.154886
2036,288.419586,1.176988
2037,288.333130,1.201134
2038,288.382477,1.222584
2039,288.459930,1.242001
2040,288.505798,1.257883
2041,288.420898,1.273827
2042,288.436676,1.294768
2043,288.681152,1.317941
2044,288.640747,1.336259
2045,288.717926,1.352878
2046,288.672607,1.364824
2047,288.709045,1.380030
2048,288.678986,1.400026
2049,288.598969,1.413040
2050,288.571960,1.422077
2051,288.703186,1.428103
2052,288.793121,1.438646
2053,288.772308,1.452423
2054,288.702087,1.469010
2055,288.702911,1.479086
2056,288.725403,1.492687
2057,288.740784,1.500373
2058,288.789551,1.498359
2059,288.843170,1.504330
2060,288.743103,1.507973
2061,288.616882,1.513453
2062,288.751465,1.519894
2063,288.869537,1.523800
2064,288.773865,1.528699
2065,288.651581,1.538765
2066,288.600342,1.542761
2067,288.649445,1.542062
2068,288.795776,1.541256
2069,288.957550,1.544876
2070,288.808075,1.546228
2071,288.828918,1.544419
2072,288.667267,1.545892
2073,288.620728,1.550781
2074,288.819885,1.551246
2075,288.827209,1.554639
2076,288.837006,1.566392
2077,288.902283,1.573773
2078,288.796143,1.576029
2079,288.745941,1.579861
2080,288.873962,1.588917
2081,288.823059,1.602787
2082,288.772156,1.613150
2083,288.748108,1.616892
2084,288.810699,1.620065
2085,288.743469,1.620711
2086,288.671143,1.625159
2087,288.784973,1.635247
2088,288.936218,1.647137
2089,288.857117,1.652639
2090,288.844879,1.658149
2091,288.969482,1.663583
2092,288.972900,1.667092
2093,288.937225,1.674390
2094,288.888824,1.683613
2095,288.923248,1.688820
2096,289.016449,1.695974
2097,288.960327,1.705077
2098,288.908020,1.715232
2099,289.052765,1.723551
2100,288.827454,1.734363
