canesm2,1875,2100,rcp85,global tas,K
1875,286.878723,-0.872675
1876,286.827637,-0.881447
1877,286.852173,-0.881389
1878,286.833405,-0.873728
1879,287.021851,-0.869591
1880,287.020020,-0.855658
1881,286.954193,-0.845913
1882,287.075775,-0.847720
1883,286.759186,-0.857444
1884,286.567596,-0.854944
1885,286.452789,-0.856077
1886,286.376556,-0.862962
1887,286.554352,-0.873819
1888,286.512238,-0.880148
1889,286.557739,-0.893660
1890,286.538788,-0.903270
1891,286.654602,-0.900621
1892,286.811707,-0.897081
1893,286.886200,-0.896792
1894,286.768311,-0.906227
1895,287.093201,-0.916439
1896,286.936371,-0.916523
1897,286.868134,-0.913855
1898,286.682098,-0.904600
1899,286.829102,-0.896612
1900,286.957031,-0.881126
1901,286.785553,-0.855179
1902,286.637360,-0.833297
1903,286.709167,-0.816702
1904,286.666260,-0.797899
1905,286.590424,-0.786854
1906,286.907135,-0.778572
1907,286.958344,-0.772646
1908,286.842102,-0.763120
1909,286.738800,-0.756443
1910,286.713654,-0.765664
1911,286.951660,-0.764227
1912,287.155823,-0.758681
1913,287.036835,-0.743357
1914,286.807251,-0.734658
1915,286.917358,-0.731408
1916,287.154968,-0.723725
1917,287.210815,-0.712378
1918,287.010071,-0.708097
1919,287.121826,-0.698561
1920,286.870148,-0.685817
1921,286.903076,-0.674041
1922,286.989471,-0.670892
1923,287.171997,-0.660842
1924,286.968597,-0.653333
1925,286.816589,-0.641799
1926,286.979462,-0.631800
1927,287.034515,-0.636937
1928,287.141815,-0.639967
1929,287.090088,-0.634945
1930,287.054535,-0.626646
1931,287.016022,-0.638105
1932,286.977783,-0.645714
1933,286.837585,-0.638756
1934,286.952362,-0.637015
1935,286.972717,-0.633754
1936,287.260437,-0.630827
1937,287.052795,-0.627764
1938,287.143616,-0.638018
1939,286.964081,-0.636073
1940,287.059662,-0.630529
1941,287.251617,-0.627151
1942,287.001709,-0.633276
1943,286.945953,-0.640635
1944,286.957916,-0.643827
1945,287.166321,-0.650139
1946,286.811188,-0.650442
1947,286.982544,-0.645520
1948,287.218811,-0.643712
1949,287.174072,-0.646004
1950,286.967957,-0.644956
1951,286.990906,-0.655310
1952,287.081360,-0.664328
1953,286.864380,-0.675203
1954,287.026947,-0.678448
1955,286.982910,-0.685933
1956,287.080780,-0.700436
1957,286.850769,-0.704756
1958,286.921051,-0.694547
1959,286.994324,-0.686407
1960,286.865173,-0.691941
1961,287.006927,-0.681702
1962,287.125458,-0.673231
1963,286.891815,-0.671241
1964,286.883606,-0.673779
1965,287.004150,-0.664057
1966,286.949829,-0.651559
1967,286.782257,-0.639835
1968,286.817352,-0.626619
1969,286.866730,-0.621306
1970,286.835114,-0.609477
1971,286.816528,-0.603532
1972,286.872131,-0.595843
1973,287.252228,-0.584782
1974,287.202087,-0.568155
1975,287.000305,-0.541386
1976,287.118378,-0.526057
1977,287.236664,-0.522083
1978,287.278503,-0.508545
1979,287.097931,-0.488215
1980,287.259613,-0.472582
1981,287.365845,-0.444444
1982,287.433105,-0.409262
1983,287.260834,-0.383523
1984,287.186340,-0.357091
1985,287.337799,-0.327448
1986,287.259125,-0.294544
1987,287.081421,-0.263782
1988,287.252899,-0.239624
1989,287.493134,-0.213924
1990,287.668243,-0.174092
1991,287.466797,-0.133797
1992,287.244690,-0.104828
1993,287.297943,-0.080716
1994,287.493500,-0.038578
1995,287.473145,-0.000008
1996,287.793976,0.032661
1997,287.837708,0.054106
1998,287.589539,0.082401
1999,287.659668,0.112660
2000,287.724426,0.147459
2001,287.803619,0.190080
2002,287.795013,0.236568
2003,287.976959,0.282543
2004,287.973083,0.311664
2005,288.195282,0.339649
2006,288.327209,0.375710
2007,288.105743,0.423585
2008,288.001862,0.468699
2009,288.362061,0.510477
2010,288.416718,0.553599
2011,288.345917,0.587126
2012,288.076447,0.623161
2013,288.109680,0.660982
2014,288.094116,0.694389
2015,288.381775,0.737455
2016,288.537750,0.782497
2017,288.476074,0.835479
2018,288.632141,0.872085
2019,288.366760,0.906170
2020,288.507812,0.936410
2021,288.548615,0.962595
2022,288.680939,0.999823
2023,288.651367,1.039914
2024,288.746826,1.070441
2025,288.766815,1.099300
2026,288.799774,1.139040
2027,288.918762,1.192628
2028,288.724182,1.235431
2029,288.661865,1.281350
2030,289.016418,1.319809
2031,289.154877,1.355789
2032,289.384460,1.395682
2033,289.075134,1.436287
2034,288.995636,1.485335
2035,289.102478,1.531464
2036,289.112762,1.576609
2037,289.222595,1.620702
2038,289.204590,1.666745
2039,289.277863,1.707023
2040,289.282501,1.752616
2041,289.538116,1.793524
2042,289.684082,1.834742
2043,289.393768,1.888948
2044,289.471680,1.945216
2045,289.535553,1.989826
2046,289.617157,2.034584
2047,289.672852,2.077184
2048,289.850311,2.129798
2049,289.838196,2.185904
2050,289.891663,2.233568
2051,289.902985,2.280499
2052,290.003723,2.333287
2053,290.032654,2.391346
2054,289.955170,2.439638
2055,290.134613,2.486312
2056,290.027008,2.535953
2057,290.155304,2.590555
2058,290.350342,2.643907
2059,290.349915,2.692621
2060,290.354736,2.746612
2061,290.497589,2.801467
2062,290.662476,2.854568
2063,290.653564,2.905454
2064,290.678802,2.964637
2065,290.532410,3.025313
2066,290.520691,3.081822
2067,290.806213,3.133959
2068,290.946381,3.192478
2069,290.726624,3.254487
2070,290.682709,3.314329
2071,291.027344,3.377568
2072,291.322144,3.437399
2073,290.994324,3.490470
2074,290.933105,3.552631
2075,291.155273,3.614437
2076,291.262817,3.668387
2077,291.265900,3.721981
2078,291.376892,3.780042
2079,291.613678,3.835366
2080,291.711945,3.896979
2081,291.598236,3.951454
2082,291.567841,3.996704
2083,291.788239,4.046538
2084,291.815430,4.112140
2085,291.929871,4.183606
2086,291.924164,4.240056
2087,291.950256,4.288559
2088,291.942474,4.349872
2089,292.214722,4.415105
2090,292.208923,4.474814
2091,292.116089,4.532819
2092,292.270294,4.592603
2093,292.395416,4.650568
2094,292.338501,4.702520
2095,292.380798,4.753078
2096,292.154938,4.809307
2097,292.163727,4.868430
2098,292.441406,4.922088
2099,292.694672,4.976720
2100,292.826691,5.029418
