noresm1-me,1875,2101,rcp60,global tas,K
1875,285.979858,-0.581227
1876,285.872437,-0.587002
1877,285.966919,-0.593990
1878,285.973511,-0.597159
1879,285.784790,-0.598068
1880,285.953217,-0.592697
1881,285.946289,-0.587610
1882,285.921997,-0.585723
1883,285.931335,-0.588423
1884,285.547119,-0.591104
1885,285.715027,-0.593975
1886,285.731720,-0.600567
1887,285.825348,-0.604902
1888,285.756592,-0.604466
1889,285.883423,-0.610524
1890,285.773895,-0.619431
1891,285.760498,-0.618520
1892,285.784088,-0.618078
1893,285.866913,-0.620554
1894,285.850342,-0.620342
1895,286.031097,-0.618830
1896,286.003418,-0.619660
1897,285.935638,-0.619661
1898,285.831665,-0.620803
1899,285.941406,-0.603482
1900,285.913422,-0.588412
1901,285.848267,-0.582991
1902,285.892365,-0.581181
1903,285.751282,-0.570456
1904,285.674011,-0.569486
1905,285.712677,-0.564650
1906,285.899750,-0.556159
1907,285.980194,-0.552223
1908,285.899231,-0.552010
1909,285.791138,-0.546400
1910,285.998566,-0.542310
1911,285.921387,-0.540007
1912,285.921967,-0.534250
1913,285.897095,-0.527913
1914,286.066742,-0.527876
1915,286.167114,-0.523127
1916,285.894379,-0.514668
1917,285.879639,-0.503807
1918,286.078339,-0.494130
1919,285.912506,-0.479482
1920,285.918976,-0.467884
1921,286.015228,-0.461749
1922,285.902191,-0.456095
1923,285.873291,-0.443805
1924,286.018646,-0.426994
1925,286.153809,-0.421279
1926,286.072510,-0.415037
1927,286.108337,-0.410441
1928,286.021759,-0.404602
1929,285.942535,-0.403953
1930,286.055878,-0.403705
1931,286.102051,-0.393845
1932,286.218201,-0.388286
1933,286.041565,-0.393495
1934,286.113464,-0.394388
1935,286.060608,-0.387481
1936,286.083801,-0.390819
1937,286.149811,-0.389682
1938,286.267944,-0.385460
1939,286.295471,-0.383488
1940,286.170013,-0.383797
1941,286.108643,-0.386167
1942,286.059845,-0.386843
1943,286.072266,-0.381027
1944,286.086212,-0.372888
1945,286.174561,-0.364600
1946,286.190186,-0.360908
1947,286.046387,-0.368667
1948,285.922089,-0.372532
1949,285.885712,-0.379531
1950,286.126190,-0.382005
1951,285.915070,-0.383948
1952,285.936310,-0.385011
1953,285.999939,-0.392013
1954,286.077820,-0.405046
1955,286.144531,-0.411460
1956,286.001404,-0.412878
1957,286.088074,-0.410632
1958,286.196228,-0.408931
1959,286.186707,-0.410197
1960,286.304535,-0.417524
1961,286.212799,-0.421742
1962,285.985443,-0.420181
1963,285.925598,-0.409122
1964,285.903503,-0.392917
1965,285.986389,-0.386803
1966,286.025513,-0.371053
1967,286.117920,-0.355026
1968,286.057892,-0.348876
1969,285.904480,-0.340792
1970,285.977570,-0.337787
1971,286.066101,-0.331581
1972,286.127228,-0.324174
1973,286.123291,-0.317349
1974,286.048248,-0.311899
1975,285.954742,-0.302723
1976,286.063660,-0.297105
1977,286.093201,-0.293532
1978,286.253876,-0.288429
1979,286.371857,-0.279078
1980,286.309601,-0.270804
1981,286.387573,-0.264217
1982,286.417114,-0.259074
1983,286.184448,-0.249155
1984,286.320343,-0.229512
1985,286.234680,-0.206362
1986,286.187592,-0.187885
1987,286.310272,-0.169880
1988,286.400970,-0.144628
1989,286.350220,-0.117167
1990,286.579803,-0.086289
1991,286.381348,-0.064941
1992,286.092621,-0.043659
1993,286.078705,-0.024472
1994,286.184021,-0.013375
1995,286.234619,-0.000012
1996,286.223114,0.015126
1997,286.272217,0.028371
1998,286.355469,0.047579
1999,286.493774,0.067210
2000,286.672058,0.091059
2001,286.620422,0.112440
2002,286.667358,0.130230
2003,286.880859,0.154343
2004,286.872070,0.176547
2005,286.881073,0.188578
2006,286.704102,0.203948
2007,286.731659,0.224387
2008,286.829498,0.249554
2009,286.704773,0.273419
2010,286.710480,0.296796
2011,286.841705,0.321888
2012,286.814484,0.348430
2013,286.760681,0.370533
2014,286.909271,0.386826
2015,286.950165,0.397665
2016,286.829010,0.417119
2017,286.843964,0.436910
2018,287.124359,0.450306
2019,287.016357,0.470948
2020,286.940735,0.487199
2021,286.842438,0.499592
2022,286.705780,0.514573
2023,286.833740,0.530136
2024,286.899963,0.550162
2025,286.935913,0.571342
2026,286.975891,0.592114
2027,287.068481,0.606814
2028,287.018555,0.624239
2029,286.982544,0.634753
2030,286.997253,0.647275
2031,287.204041,0.660265
2032,287.261078,0.678818
2033,287.282745,0.692889
2034,287.491333,0.707487
2035,287.368591,0.723541
2036,287.075897,0.746160
2037,287.181091,0.772315
2038,287.296387,0.792975
2039,287.305542,0.814500
2040,287.345886,0.836996
2041,287.464874,0.853486
2042,287.255463,0.865972
2043,287.283447,0.884218
2044,287.224701,0.905869
2045,287.325806,0.925415
2046,287.218719,0.938775
2047,287.400543,0.949086
2048,287.546509,0.961244
2049,287.454285,0.967547
2050,287.422363,0.978961
2051,287.520996,1.005399
2052,287.490448,1.028355
2053,287.453522,1.045375
2054,287.545715,1.063984
2055,287.610809,1.081320
2056,287.470581,1.102942
2057,287.443054,1.129377
2058,287.565948,1.151907
2059,287.632050,1.177051
2060,287.583649,1.199852
2061,287.604828,1.228032
2062,287.570435,1.254238
2063,287.647461,1.282921
2064,287.680420,1.310680
2065,287.711029,1.338667
2066,287.869019,1.361257
2067,287.869781,1.382937
2068,287.806976,1.409093
2069,287.863831,1.433865
2070,287.865967,1.460985
2071,288.113525,1.488200
2072,288.048523,1.518222
2073,287.959351,1.544533
2074,287.979004,1.566797
2075,288.009827,1.596071
2076,288.064148,1.620962
2077,288.186707,1.647253
2078,288.407013,1.675344
2079,288.287048,1.707906
2080,288.261963,1.738654
2081,288.198700,1.761689
2082,288.140839,1.784132
2083,288.238220,1.807675
2084,288.288879,1.832932
2085,288.424408,1.860079
2086,288.287018,1.876204
2087,288.343719,1.897203
2088,288.355286,1.921898
2089,288.299957,1.946663
2090,288.461884,1.971125
2091,288.351532,1.994500
2092,288.359192,2.014514
2093,288.490173,2.027909
2094,288.657288,2.046027
2095,288.633453,2.065706
2096,288.560089,2.088217
2097,288.543060,2.113382
2098,288.513275,2.136025
2099,288.621521,2.157704
2100,288.680389,2.175590
2101,288.597290,2.198779
