ipsl-cm5a-mr,1861,2300,rcp45,zosga,m
1861,-0.000310
1862,0.000335
1863,-0.002575
1864,-0.002854
1865,-0.001873
1866,-0.001076
1867,-0.001999
1868,-0.002015
1869,-0.003883
1870,-0.003515
1871,-0.003717
1872,-0.004075
1873,-0.001100
1874,-0.003029
1875,-0.001337
1876,-0.000584
1877,-0.000545
1878,-0.001226
1879,-0.001864
1880,-0.000685
1881,-0.002236
1882,-0.002645
1883,-0.000651
1884,-0.000058
1885,-0.000543
1886,-0.001079
1887,-0.001097
1888,-0.002883
1889,-0.001754
1890,-0.002461
1891,0.000602
1892,0.001027
1893,0.000861
1894,0.000255
1895,0.000707
1896,0.002473
1897,0.002426
1898,0.000189
1899,0.002008
1900,0.001412
1901,0.000951
1902,0.000022
1903,0.000056
1904,-0.000796
1905,-0.001837
1906,-0.002348
1907,-0.001341
1908,-0.000036
1909,-0.000065
1910,-0.000502
1911,-0.001972
1912,-0.002118
1913,-0.002786
1914,-0.002209
1915,-0.002482
1916,-0.001134
1917,-0.000457
1918,-0.000611
1919,-0.000158
1920,0.000849
1921,0.001550
1922,-0.000318
1923,-0.002551
1924,-0.003107
1925,-0.001992
1926,-0.001850
1927,-0.004207
1928,-0.005905
1929,-0.004979
1930,-0.007437
1931,-0.007248
1932,-0.006888
1933,-0.010074
1934,-0.008636
1935,-0.006385
1936,-0.006854
1937,-0.007466
1938,-0.006398
1939,-0.006843
1940,-0.005687
1941,-0.006537
1942,-0.004163
1943,-0.005934
1944,-0.007480
1945,-0.007243
1946,-0.006661
1947,-0.007324
1948,-0.007898
1949,-0.006161
1950,-0.006251
1951,-0.007221
1952,-0.009110
1953,-0.008140
1954,-0.007260
1955,-0.008502
1956,-0.009759
1957,-0.009648
1958,-0.009460
1959,-0.008750
1960,-0.009597
1961,-0.008883
1962,-0.009769
1963,-0.009768
1964,-0.008930
1965,-0.008232
1966,-0.008902
1967,-0.009068
1968,-0.006919
1969,-0.008390
1970,-0.009220
1971,-0.009962
1972,-0.010336
1973,-0.013349
1974,-0.012993
1975,-0.013760
1976,-0.013344
1977,-0.012525
1978,-0.012469
1979,-0.013047
1980,-0.012771
1981,-0.015736
1982,-0.016941
1983,-0.014333
1984,-0.015174
1985,-0.018477
1986,-0.020501
1987,-0.017230
1988,-0.017940
1989,-0.017464
1990,-0.018138
1991,-0.019345
1992,-0.016043
1993,-0.017933
1994,-0.018425
1995,-0.020759
1996,-0.018931
1997,-0.019641
1998,-0.020365
1999,-0.020028
2000,-0.021556
2001,-0.023520
2002,-0.022486
2003,-0.023359
2004,-0.022952
2005,-0.022444
2006,-0.022588
2007,-0.022839
2008,-0.025029
2009,-0.026450
2010,-0.026700
2011,-0.027784
2012,-0.027621
2013,-0.028444
2014,-0.030318
2015,-0.031390
2016,-0.032383
2017,-0.032466
2018,-0.033250
2019,-0.035002
2020,-0.033695
2021,-0.035714
2022,-0.035412
2023,-0.038629
2024,-0.038627
2025,-0.040839
2026,-0.042887
2027,-0.041084
2028,-0.044015
2029,-0.044482
2030,-0.044137
2031,-0.046418
2032,-0.047792
2033,-0.047140
2034,-0.050864
2035,-0.052406
2036,-0.051744
2037,-0.052982
2038,-0.055760
2039,-0.058545
2040,-0.058786
2041,-0.057025
2042,-0.058423
2043,-0.059095
2044,-0.060350
2045,-0.061266
2046,-0.062914
2047,-0.061800
2048,-0.062222
2049,-0.064611
2050,-0.064146
2051,-0.067477
2052,-0.067868
2053,-0.068578
2054,-0.072533
2055,-0.073670
2056,-0.074279
2057,-0.075700
2058,-0.078023
2059,-0.080000
2060,-0.080378
2061,-0.082143
2062,-0.083331
2063,-0.085882
2064,-0.086780
2065,-0.087965
2066,-0.088728
2067,-0.091836
2068,-0.090684
2069,-0.092966
2070,-0.095045
2071,-0.096010
2072,-0.097963
2073,-0.099390
2074,-0.101976
2075,-0.100713
2076,-0.101316
2077,-0.104624
2078,-0.106585
2079,-0.108632
2080,-0.108433
2081,-0.111024
2082,-0.115461
2083,-0.116209
2084,-0.115322
2085,-0.116336
2086,-0.119910
2087,-0.121856
2088,-0.121793
2089,-0.123756
2090,-0.125031
2091,-0.127055
2092,-0.128352
2093,-0.131247
2094,-0.132226
2095,-0.133907
2096,-0.135751
2097,-0.139094
2098,-0.138640
2099,-0.139859
2100,-0.140869
2101,-0.142016
2102,-0.143675
2103,-0.144916
2104,-0.146465
2105,-0.149245
2106,-0.150232
2107,-0.153279
2108,-0.155047
2109,-0.157907
2110,-0.159323
2111,-0.161894
2112,-0.161602
2113,-0.164486
2114,-0.166094
2115,-0.169125
2116,-0.168540
2117,-0.169860
2118,-0.172268
2119,-0.172959
2120,-0.174953
2121,-0.179624
2122,-0.182644
2123,-0.182341
2124,-0.182596
2125,-0.185513
2126,-0.187601
2127,-0.190331
2128,-0.192578
2129,-0.194831
2130,-0.195337
2131,-0.198010
2132,-0.198750
2133,-0.200558
2134,-0.200654
2135,-0.201901
2136,-0.205366
2137,-0.206415
2138,-0.207812
2139,-0.210755
2140,-0.213117
2141,-0.213969
2142,-0.219214
2143,-0.219549
2144,-0.219525
2145,-0.220356
2146,-0.221014
2147,-0.223614
2148,-0.225125
2149,-0.227495
2150,-0.228395
2151,-0.230292
2152,-0.231398
2153,-0.231842
2154,-0.231881
2155,-0.233883
2156,-0.236088
2157,-0.239277
2158,-0.242656
2159,-0.243919
2160,-0.244516
2161,-0.247782
2162,-0.249799
2163,-0.250134
2164,-0.254864
2165,-0.255301
2166,-0.257468
2167,-0.260049
2168,-0.260991
2169,-0.266009
2170,-0.266403
2171,-0.267070
2172,-0.271744
2173,-0.273283
2174,-0.274976
2175,-0.276135
2176,-0.277371
2177,-0.279315
2178,-0.281904
2179,-0.282880
2180,-0.285572
2181,-0.285955
2182,-0.287982
2183,-0.288995
2184,-0.291252
2185,-0.294345
2186,-0.296135
2187,-0.297865
2188,-0.301097
2189,-0.302146
2190,-0.304223
2191,-0.305755
2192,-0.306205
2193,-0.308109
2194,-0.310906
2195,-0.313800
2196,-0.316700
2197,-0.317470
2198,-0.320619
2199,-0.323226
2200,-0.322725
2201,-0.324115
2202,-0.325997
2203,-0.329163
2204,-0.330573
2205,-0.332583
2206,-0.332890
2207,-0.333946
2208,-0.338070
2209,-0.339454
2210,-0.342804
2211,-0.343706
2212,-0.345273
2213,-0.348327
2214,-0.348793
2215,-0.349133
2216,-0.350934
2217,-0.355389
2218,-0.357424
2219,-0.358878
2220,-0.361460
2221,-0.364221
2222,-0.365767
2223,-0.363639
2224,-0.366163
2225,-0.367350
2226,-0.369102
2227,-0.371579
2228,-0.373252
2229,-0.374793
2230,-0.378536
2231,-0.379478
2232,-0.380669
2233,-0.383055
2234,-0.386364
2235,-0.388314
2236,-0.390218
2237,-0.392851
2238,-0.396572
2239,-0.397313
2240,-0.399190
2241,-0.404348
2242,-0.407919
2243,-0.408796
2244,-0.409373
2245,-0.413147
2246,-0.414701
2247,-0.416286
2248,-0.419840
2249,-0.421317
2250,-0.422217
2251,-0.425302
2252,-0.426521
2253,-0.428334
2254,-0.430052
2255,-0.431715
2256,-0.435816
2257,-0.437218
2258,-0.438191
2259,-0.441157
2260,-0.441384
2261,-0.441215
2262,-0.444696
2263,-0.447552
2264,-0.449308
2265,-0.449832
2266,-0.449633
2267,-0.452645
2268,-0.456248
2269,-0.459070
2270,-0.463558
2271,-0.464622
2272,-0.465088
2273,-0.466427
2274,-0.468916
2275,-0.470959
2276,-0.473998
2277,-0.476297
2278,-0.478462
2279,-0.480982
2280,-0.483203
2281,-0.485263
2282,-0.488687
2283,-0.489663
2284,-0.491810
2285,-0.496400
2286,-0.497448
2287,-0.498918
2288,-0.501033
2289,-0.503520
2290,-0.504312
2291,-0.508524
2292,-0.509784
2293,-0.511180
2294,-0.513549
2295,-0.516204
2296,-0.517434
2297,-0.519972
2298,-0.521004
2299,-0.524397
2300,-0.524391
