fgoals-g2,1875,2101,rcp26,global tas,K
1875,285.348907,-0.583541
1876,285.362823,-0.586282
1877,285.470734,-0.592702
1878,285.359894,-0.593439
1879,285.375122,-0.591743
1880,285.367584,-0.595500
1881,285.323547,-0.593550
1882,285.331879,-0.593484
1883,285.326843,-0.588715
1884,285.373535,-0.590936
1885,285.312531,-0.594747
1886,285.370178,-0.593975
1887,285.409363,-0.599243
1888,285.376740,-0.599046
1889,285.216400,-0.596091
1890,285.288818,-0.599570
1891,285.292023,-0.601545
1892,285.239410,-0.606232
1893,285.404968,-0.605798
1894,285.417236,-0.605628
1895,285.313965,-0.608022
1896,285.359589,-0.612245
1897,285.345917,-0.611406
1898,285.409302,-0.608370
1899,285.333038,-0.610950
1900,285.292725,-0.608132
1901,285.363525,-0.607624
1902,285.303192,-0.609085
1903,285.417877,-0.611270
1904,285.425751,-0.604421
1905,285.244537,-0.602863
1906,285.303558,-0.604285
1907,285.330139,-0.604881
1908,285.372894,-0.607219
1909,285.380219,-0.606435
1910,285.295776,-0.606185
1911,285.196869,-0.608080
1912,285.357025,-0.607610
1913,285.417938,-0.605737
1914,285.296143,-0.601882
1915,285.397064,-0.599715
1916,285.385406,-0.596501
1917,285.365540,-0.590267
1918,285.311188,-0.589783
1919,285.421875,-0.593026
1920,285.335571,-0.590486
1921,285.249359,-0.586436
1922,285.221527,-0.580266
1923,285.334808,-0.579102
1924,285.440765,-0.581454
1925,285.321472,-0.576824
1926,285.302734,-0.567758
1927,285.360016,-0.568191
1928,285.465485,-0.572195
1929,285.448700,-0.565682
1930,285.357727,-0.563814
1931,285.459961,-0.564805
1932,285.490204,-0.563881
1933,285.432404,-0.556040
1934,285.328461,-0.554889
1935,285.320740,-0.549887
1936,285.425049,-0.544333
1937,285.515228,-0.540004
1938,285.407837,-0.536105
1939,285.309631,-0.532775
1940,285.434692,-0.528604
1941,285.468842,-0.521353
1942,285.344055,-0.516870
1943,285.297791,-0.516186
1944,285.491547,-0.513760
1945,285.453094,-0.508539
1946,285.355682,-0.507394
1947,285.393250,-0.505479
1948,285.546417,-0.505355
1949,285.456421,-0.501060
1950,285.485626,-0.493024
1951,285.415985,-0.486996
1952,285.351379,-0.485894
1953,285.451782,-0.479902
1954,285.540680,-0.468985
1955,285.446594,-0.466113
1956,285.520264,-0.460644
1957,285.494507,-0.450643
1958,285.486023,-0.439804
1959,285.521454,-0.436261
1960,285.514374,-0.430407
1961,285.494293,-0.418353
1962,285.547668,-0.410841
1963,285.436127,-0.405140
1964,285.457306,-0.396001
1965,285.561829,-0.383699
1966,285.605865,-0.373994
1967,285.548309,-0.362763
1968,285.587585,-0.352400
1969,285.637146,-0.342815
1970,285.520844,-0.333092
1971,285.632935,-0.324957
1972,285.644073,-0.317569
1973,285.622955,-0.305892
1974,285.597839,-0.294295
1975,285.628723,-0.280071
1976,285.717285,-0.267871
1977,285.618622,-0.256433
1978,285.717438,-0.241247
1979,285.730591,-0.230404
1980,285.854706,-0.222296
1981,285.707123,-0.209004
1982,285.688293,-0.191387
1983,285.762695,-0.179371
1984,285.828217,-0.169543
1985,285.738281,-0.152766
1986,285.764313,-0.135192
1987,285.716156,-0.117057
1988,285.836334,-0.098863
1989,285.869354,-0.078305
1990,285.941101,-0.059967
1991,285.860291,-0.044056
1992,285.890808,-0.028249
1993,285.891724,-0.018366
1994,285.782593,-0.006227
1995,285.805054,-0.000011
1996,286.004639,0.012587
1997,286.076813,0.028876
1998,285.948059,0.045841
1999,285.931976,0.059375
2000,286.024170,0.071892
2001,286.160156,0.088323
2002,286.188110,0.107945
2003,286.168793,0.120010
2004,286.214569,0.131757
2005,286.178864,0.143608
2006,286.194611,0.157847
2007,286.092834,0.173690
2008,286.013916,0.190584
2009,286.094788,0.210342
2010,286.041168,0.228771
2011,286.085083,0.244933
2012,286.176941,0.261808
2013,286.271667,0.277242
2014,286.234222,0.291753
2015,286.113800,0.310184
2016,286.257233,0.322353
2017,286.304810,0.332206
2018,286.198303,0.343723
2019,286.221741,0.355218
2020,286.296631,0.367794
2021,286.287476,0.382777
2022,286.366089,0.400185
2023,286.398560,0.422636
2024,286.375336,0.439145
2025,286.357910,0.459281
2026,286.489502,0.478415
2027,286.583069,0.497659
2028,286.411072,0.505819
2029,286.367310,0.516700
2030,286.577087,0.536242
2031,286.525238,0.549952
2032,286.483704,0.559364
2033,286.514282,0.578334
2034,286.559448,0.597397
2035,286.556122,0.610604
2036,286.644104,0.623195
2037,286.615082,0.630530
2038,286.687439,0.637746
2039,286.590057,0.652317
2040,286.645264,0.665753
2041,286.659088,0.671127
2042,286.754272,0.673793
2043,286.516449,0.683819
2044,286.560669,0.692628
2045,286.700043,0.698759
2046,286.668549,0.706093
2047,286.587158,0.709385
2048,286.767395,0.712732
2049,286.793640,0.718342
2050,286.692841,0.725550
2051,286.665222,0.726597
2052,286.586121,0.729582
2053,286.615051,0.727894
2054,286.812469,0.732287
2055,286.760986,0.734425
2056,286.650726,0.734716
2057,286.663025,0.730643
2058,286.711853,0.735193
2059,286.631592,0.740094
2060,286.761017,0.739780
2061,286.745270,0.741484
2062,286.582458,0.743150
2063,286.614685,0.740926
2064,286.727753,0.735457
2065,286.772369,0.729991
2066,286.675507,0.723209
2067,286.704620,0.718930
2068,286.636810,0.715909
2069,286.721832,0.708911
2070,286.709412,0.703441
2071,286.667816,0.699677
2072,286.632080,0.695440
2073,286.652954,0.685826
2074,286.707703,0.681240
2075,286.690613,0.672533
2076,286.719666,0.664866
2077,286.637146,0.663920
2078,286.700684,0.661219
2079,286.629578,0.653021
2080,286.528839,0.642779
2081,286.461761,0.635397
2082,286.457764,0.628473
2083,286.524414,0.617927
2084,286.602539,0.606368
2085,286.596893,0.601487
2086,286.537781,0.603120
2087,286.535919,0.596852
2088,286.423431,0.589660
2089,286.494019,0.580414
2090,286.499817,0.571509
2091,286.515259,0.561407
2092,286.554077,0.553828
2093,286.533661,0.543902
2094,286.481812,0.536117
2095,286.465088,0.531462
2096,286.454071,0.528814
2097,286.496887,0.526071
2098,286.320435,0.520878
2099,286.375061,0.512852
2100,286.562988,0.504785
2101,286.716797,0.498461
