bcc-csm1-1,1861,2300,rcp45,zosga,m
1861,0.001122
1862,0.001668
1863,0.001579
1864,0.002670
1865,0.002801
1866,0.003534
1867,0.004934
1868,0.005373
1869,0.005693
1870,0.006786
1871,0.007095
1872,0.007453
1873,0.008245
1874,0.009015
1875,0.009523
1876,0.010408
1877,0.010734
1878,0.011137
1879,0.012441
1880,0.013317
1881,0.014105
1882,0.015198
1883,0.015252
1884,0.007746
1885,0.005842
1886,0.006900
1887,0.008605
1888,0.009465
1889,0.010563
1890,0.009871
1891,0.007418
1892,0.007692
1893,0.008770
1894,0.009863
1895,0.009903
1896,0.010181
1897,0.010947
1898,0.010726
1899,0.010830
1900,0.011536
1901,0.012031
1902,0.012981
1903,0.008038
1904,0.005910
1905,0.006707
1906,0.007823
1907,0.008206
1908,0.008873
1909,0.009164
1910,0.009970
1911,0.010403
1912,0.010659
1913,0.010713
1914,0.010708
1915,0.011229
1916,0.012199
1917,0.012868
1918,0.013413
1919,0.014432
1920,0.014884
1921,0.015068
1922,0.015638
1923,0.016251
1924,0.017785
1925,0.019351
1926,0.019980
1927,0.020499
1928,0.020973
1929,0.021219
1930,0.022103
1931,0.023347
1932,0.024285
1933,0.024414
1934,0.024505
1935,0.025172
1936,0.026383
1937,0.026860
1938,0.027521
1939,0.027634
1940,0.027955
1941,0.028126
1942,0.028103
1943,0.027988
1944,0.028058
1945,0.029118
1946,0.029152
1947,0.030247
1948,0.031260
1949,0.031782
1950,0.032741
1951,0.032859
1952,0.033777
1953,0.034035
1954,0.034184
1955,0.035567
1956,0.036311
1957,0.037025
1958,0.038095
1959,0.039639
1960,0.040043
1961,0.041700
1962,0.042558
1963,0.040393
1964,0.037039
1965,0.037761
1966,0.039700
1967,0.041054
1968,0.042426
1969,0.043019
1970,0.043244
1971,0.044812
1972,0.046138
1973,0.047844
1974,0.048627
1975,0.049278
1976,0.050569
1977,0.051694
1978,0.052623
1979,0.054221
1980,0.055456
1981,0.057224
1982,0.057986
1983,0.056017
1984,0.057287
1985,0.060163
1986,0.062505
1987,0.064457
1988,0.066991
1989,0.069788
1990,0.072014
1991,0.073310
1992,0.068775
1993,0.069307
1994,0.071865
1995,0.074006
1996,0.075851
1997,0.077435
1998,0.080330
1999,0.081969
2000,0.083004
2001,0.085268
2002,0.086769
2003,0.088178
2004,0.090371
2005,0.092258
2006,0.093145
2007,0.094835
2008,0.096022
2009,0.097834
2010,0.099532
2011,0.100835
2012,0.102281
2013,0.104534
2014,0.106750
2015,0.108033
2016,0.111367
2017,0.113162
2018,0.113731
2019,0.114934
2020,0.116993
2021,0.118575
2022,0.120158
2023,0.121822
2024,0.123378
2025,0.125039
2026,0.128178
2027,0.130006
2028,0.132162
2029,0.134461
2030,0.137305
2031,0.139360
2032,0.141178
2033,0.143140
2034,0.144607
2035,0.146670
2036,0.148635
2037,0.150919
2038,0.153951
2039,0.157195
2040,0.159451
2041,0.161465
2042,0.163252
2043,0.164688
2044,0.166698
2045,0.168560
2046,0.170636
2047,0.171969
2048,0.173633
2049,0.175520
2050,0.177482
2051,0.179982
2052,0.181979
2053,0.184367
2054,0.187462
2055,0.189223
2056,0.191721
2057,0.193727
2058,0.195762
2059,0.196851
2060,0.197856
2061,0.199714
2062,0.202321
2063,0.204520
2064,0.206092
2065,0.208028
2066,0.210671
2067,0.212368
2068,0.214116
2069,0.215225
2070,0.217654
2071,0.219413
2072,0.222051
2073,0.224698
2074,0.227447
2075,0.230294
2076,0.231345
2077,0.233906
2078,0.236331
2079,0.238967
2080,0.240795
2081,0.242998
2082,0.244927
2083,0.245589
2084,0.247737
2085,0.249704
2086,0.250563
2087,0.251911
2088,0.253559
2089,0.255168
2090,0.257017
2091,0.258340
2092,0.259980
2093,0.261217
2094,0.263008
2095,0.263685
2096,0.265652
2097,0.267250
2098,0.268063
2099,0.270356
2100,0.271686
2101,0.273929
2102,0.275682
2103,0.276934
2104,0.278480
2105,0.280052
2106,0.281759
2107,0.283529
2108,0.284891
2109,0.286022
2110,0.286980
2111,0.288997
2112,0.290643
2113,0.293112
2114,0.294503
2115,0.296997
2116,0.297909
2117,0.300100
2118,0.302117
2119,0.304147
2120,0.305606
2121,0.307413
2122,0.308873
2123,0.310318
2124,0.312251
2125,0.313709
2126,0.314858
2127,0.316578
2128,0.318606
2129,0.320538
2130,0.322556
2131,0.324863
2132,0.326395
2133,0.328657
2134,0.330474
2135,0.332061
2136,0.332781
2137,0.333131
2138,0.334654
2139,0.335333
2140,0.336739
2141,0.338937
2142,0.340574
2143,0.342162
2144,0.344297
2145,0.344870
2146,0.346182
2147,0.347790
2148,0.349242
2149,0.350266
2150,0.352383
2151,0.353526
2152,0.354306
2153,0.355218
2154,0.355979
2155,0.357701
2156,0.359420
2157,0.360405
2158,0.361580
2159,0.362995
2160,0.364442
2161,0.365636
2162,0.366952
2163,0.367968
2164,0.368036
2165,0.369647
2166,0.371144
2167,0.371995
2168,0.374038
2169,0.375208
2170,0.376681
2171,0.378083
2172,0.379069
2173,0.380754
2174,0.382653
2175,0.384144
2176,0.385980
2177,0.386423
2178,0.387773
2179,0.388829
2180,0.390419
2181,0.392163
2182,0.393939
2183,0.395175
2184,0.397023
2185,0.398111
2186,0.399467
2187,0.399836
2188,0.401387
2189,0.402826
2190,0.404409
2191,0.405068
2192,0.405579
2193,0.406129
2194,0.407967
2195,0.409683
2196,0.411491
2197,0.412390
2198,0.413309
2199,0.414632
2200,0.415012
2201,0.415403
2202,0.416123
2203,0.417374
2204,0.419363
2205,0.420375
2206,0.422249
2207,0.423428
2208,0.425320
2209,0.425790
2210,0.427542
2211,0.428604
2212,0.429897
2213,0.431430
2214,0.432500
2215,0.433623
2216,0.434447
2217,0.435114
2218,0.436614
2219,0.437679
2220,0.438981
2221,0.439870
2222,0.441569
2223,0.442533
2224,0.443762
2225,0.444437
2226,0.445565
2227,0.446828
2228,0.447584
2229,0.449842
2230,0.451303
2231,0.451642
2232,0.453740
2233,0.455273
2234,0.457095
2235,0.458879
2236,0.459740
2237,0.460926
2238,0.461717
2239,0.461511
2240,0.463432
2241,0.465350
2242,0.467066
2243,0.467678
2244,0.468006
2245,0.469248
2246,0.469880
2247,0.471671
2248,0.473401
2249,0.475923
2250,0.477051
2251,0.477464
2252,0.478599
2253,0.479131
2254,0.480695
2255,0.482010
2256,0.483141
2257,0.484457
2258,0.485391
2259,0.486850
2260,0.487471
2261,0.489548
2262,0.490131
2263,0.490682
2264,0.490871
2265,0.492389
2266,0.493604
2267,0.494080
2268,0.495497
2269,0.496489
2270,0.498317
2271,0.500210
2272,0.500921
2273,0.502083
2274,0.503226
2275,0.503756
2276,0.504669
2277,0.505464
2278,0.506159
2279,0.506721
2280,0.507035
2281,0.507724
2282,0.508873
2283,0.509975
2284,0.510923
2285,0.512105
2286,0.513468
2287,0.514445
2288,0.516160
2289,0.516726
2290,0.517028
2291,0.518786
2292,0.519158
2293,0.520361
2294,0.521354
2295,0.522334
2296,0.522874
2297,0.524429
2298,0.526204
2299,0.527544
2300,0.528746
