noresm1-m,1875,2100,rcp26,global tas,K
1875,286.181610,-0.562545
1876,286.449677,-0.559379
1877,286.499786,-0.556544
1878,286.260498,-0.557171
1879,286.256042,-0.566348
1880,286.347961,-0.572716
1881,286.336365,-0.577871
1882,286.189728,-0.584202
1883,286.317627,-0.590608
1884,286.130463,-0.594677
1885,286.114929,-0.588526
1886,286.096741,-0.581610
1887,286.127167,-0.585766
1888,286.272919,-0.591750
1889,286.454010,-0.596446
1890,286.312500,-0.599404
1891,286.389893,-0.606543
1892,286.410248,-0.616698
1893,286.214233,-0.619111
1894,286.203430,-0.622782
1895,286.321960,-0.621882
1896,286.218384,-0.617728
1897,286.132050,-0.615069
1898,286.246185,-0.613626
1899,286.246368,-0.600597
1900,286.453583,-0.591274
1901,286.482666,-0.579837
1902,286.245728,-0.570511
1903,286.154968,-0.569017
1904,286.165314,-0.571674
1905,286.092865,-0.572260
1906,286.235504,-0.575900
1907,286.195129,-0.577303
1908,286.188110,-0.571320
1909,286.145905,-0.563708
1910,286.374969,-0.560631
1911,286.460999,-0.549681
1912,286.269501,-0.543765
1913,286.360901,-0.539108
1914,286.521332,-0.535544
1915,286.394623,-0.534635
1916,286.439850,-0.538980
1917,286.406952,-0.532461
1918,286.317749,-0.523281
1919,286.374298,-0.508533
1920,286.294922,-0.489497
1921,286.280670,-0.482091
1922,286.368164,-0.475035
1923,286.393738,-0.462581
1924,286.431763,-0.447634
1925,286.414276,-0.440404
1926,286.546906,-0.439127
1927,286.309509,-0.434454
1928,286.385895,-0.428174
1929,286.353302,-0.426324
1930,286.480835,-0.426649
1931,286.352325,-0.426688
1932,286.441315,-0.426809
1933,286.430359,-0.423261
1934,286.607758,-0.417340
1935,286.663940,-0.416685
1936,286.457672,-0.411128
1937,286.406830,-0.409282
1938,286.561707,-0.410566
1939,286.594330,-0.413875
1940,286.591858,-0.412021
1941,286.499329,-0.408938
1942,286.409668,-0.402428
1943,286.549316,-0.399266
1944,286.576813,-0.392316
1945,286.384888,-0.391744
1946,286.438690,-0.384893
1947,286.403320,-0.384484
1948,286.424194,-0.387110
1949,286.551910,-0.400906
1950,286.314575,-0.411809
1951,286.447388,-0.412297
1952,286.423523,-0.415179
1953,286.355225,-0.418370
1954,286.332489,-0.427176
1955,286.469910,-0.427297
1956,286.639404,-0.427649
1957,286.504791,-0.430626
1958,286.480774,-0.437432
1959,286.561798,-0.446488
1960,286.497986,-0.449103
1961,286.557861,-0.447729
1962,286.453583,-0.441327
1963,286.351562,-0.432668
1964,286.193878,-0.432768
1965,286.336853,-0.423123
1966,286.443054,-0.418385
1967,286.320343,-0.412329
1968,286.466003,-0.404267
1969,286.330139,-0.393539
1970,286.588226,-0.386026
1971,286.488770,-0.383242
1972,286.320343,-0.374402
1973,286.345154,-0.365369
1974,286.305115,-0.353599
1975,286.306458,-0.336098
1976,286.479889,-0.329769
1977,286.595398,-0.324926
1978,286.683960,-0.313812
1979,286.548920,-0.297901
1980,286.603912,-0.286686
1981,286.589539,-0.273872
1982,286.605194,-0.257442
1983,286.597076,-0.245292
1984,286.654327,-0.223169
1985,286.695312,-0.211101
1986,286.722931,-0.196805
1987,286.769989,-0.175726
1988,286.751770,-0.152251
1989,286.914886,-0.124631
1990,287.023010,-0.097028
1991,286.747742,-0.077516
1992,286.598877,-0.064480
1993,286.684967,-0.048629
1994,286.671204,-0.023116
1995,286.673309,-0.000005
1996,286.827484,0.019233
1997,286.813232,0.037760
1998,286.830505,0.057727
1999,286.993835,0.078024
2000,286.950256,0.096629
2001,286.917664,0.117695
2002,286.952698,0.129977
2003,287.049408,0.146478
2004,287.133728,0.159453
2005,287.134552,0.169244
2006,287.065247,0.189550
2007,286.986481,0.215845
2008,287.159485,0.240402
2009,287.314301,0.266199
2010,287.297241,0.293642
2011,287.166687,0.312890
2012,287.161011,0.338431
2013,287.196075,0.364040
2014,287.263245,0.381000
2015,287.253448,0.403960
2016,287.354919,0.429789
2017,287.138458,0.453403
2018,287.246796,0.473665
2019,287.304138,0.489206
2020,287.316742,0.505481
2021,287.356903,0.521477
2022,287.387726,0.537753
2023,287.421692,0.548942
2024,287.445099,0.554669
2025,287.496613,0.569314
2026,287.404907,0.589434
2027,287.579468,0.608037
2028,287.598785,0.622760
2029,287.502625,0.638052
2030,287.639069,0.651101
2031,287.692535,0.663130
2032,287.661102,0.681791
2033,287.657288,0.694496
2034,287.599945,0.705829
2035,287.622803,0.714505
2036,287.545135,0.724855
2037,287.474762,0.738344
2038,287.495148,0.749050
2039,287.486115,0.753784
2040,287.736572,0.757934
2041,287.770294,0.767153
2042,287.719116,0.772292
2043,287.637756,0.780236
2044,287.722015,0.788684
2045,287.644897,0.792583
2046,287.715790,0.789039
2047,287.698303,0.787114
2048,287.627930,0.789865
2049,287.644135,0.790821
2050,287.577026,0.791896
2051,287.667389,0.792702
2052,287.792419,0.799976
2053,287.742859,0.810491
2054,287.587128,0.823140
2055,287.621094,0.825922
2056,287.681488,0.824593
2057,287.733643,0.825590
2058,287.837097,0.827650
2059,287.756073,0.826415
2060,287.756042,0.826201
2061,287.586212,0.828774
2062,287.603363,0.830834
2063,287.739807,0.833026
2064,287.628632,0.832518
2065,287.655029,0.836037
2066,287.569336,0.837350
2067,287.692963,0.842046
2068,287.810608,0.847231
2069,287.865601,0.851978
2070,287.820007,0.855658
2071,287.730438,0.859470
2072,287.749023,0.859476
2073,287.699554,0.854885
2074,287.684967,0.854592
2075,287.638489,0.848133
2076,287.792969,0.851827
2077,287.760101,0.858951
2078,287.693695,0.853944
2079,287.628876,0.853804
2080,287.682617,0.856558
2081,287.706787,0.861034
2082,287.933289,0.859520
2083,287.898407,0.851873
2084,287.729523,0.847054
2085,287.731506,0.842277
2086,287.795837,0.840483
2087,287.733826,0.837990
2088,287.699371,0.837068
2089,287.747284,0.836553
2090,287.562286,0.837509
2091,287.697021,0.833237
2092,287.817078,0.829982
2093,287.589600,0.828862
2094,287.624420,0.829824
2095,287.737671,0.828916
2096,287.703613,0.827124
2097,287.647552,0.817703
2098,287.581177,0.809367
2099,287.721039,0.806581
2100,287.676697,0.803650
