ipsl-cm5a-mr,1875,2100,rcp26,global tas,K
1875,286.234894,-0.876552
1876,286.252533,-0.882729
1877,286.288300,-0.883406
1878,286.353882,-0.879458
1879,286.278748,-0.874443
1880,286.358124,-0.874379
1881,286.391907,-0.874395
1882,286.279114,-0.871985
1883,286.195129,-0.876566
1884,285.976379,-0.877073
1885,285.850342,-0.878471
1886,285.914429,-0.877510
1887,286.056458,-0.871861
1888,286.049469,-0.878742
1889,286.062927,-0.883470
1890,286.013885,-0.887475
1891,286.111572,-0.884804
1892,286.133362,-0.883481
1893,286.248993,-0.882799
1894,286.241394,-0.885337
1895,286.215698,-0.886671
1896,286.295319,-0.889460
1897,286.272095,-0.889779
1898,286.183502,-0.887240
1899,286.210724,-0.876042
1900,286.281311,-0.858622
1901,286.313934,-0.842361
1902,286.424438,-0.829461
1903,286.204651,-0.816375
1904,286.143402,-0.803648
1905,286.114746,-0.788270
1906,286.332642,-0.775752
1907,286.328003,-0.766923
1908,286.374329,-0.765689
1909,286.202606,-0.762728
1910,286.318115,-0.756175
1911,286.308228,-0.753029
1912,286.269562,-0.745905
1913,286.271301,-0.733847
1914,286.312317,-0.715272
1915,286.372925,-0.708235
1916,286.402252,-0.704533
1917,286.443481,-0.705644
1918,286.442047,-0.698627
1919,286.444733,-0.685540
1920,286.475220,-0.667235
1921,286.487122,-0.656177
1922,286.398224,-0.647740
1923,286.286011,-0.641189
1924,286.330231,-0.629373
1925,286.412292,-0.619191
1926,286.389679,-0.606623
1927,286.485840,-0.594810
1928,286.545227,-0.586321
1929,286.767975,-0.577359
1930,286.492432,-0.573205
1931,286.424988,-0.570870
1932,286.391113,-0.570415
1933,286.415161,-0.570640
1934,286.536011,-0.563678
1935,286.663879,-0.556295
1936,286.664398,-0.557133
1937,286.581116,-0.557395
1938,286.570862,-0.553853
1939,286.557068,-0.545789
1940,286.623566,-0.544126
1941,286.685272,-0.539517
1942,286.623962,-0.537124
1943,286.525970,-0.533850
1944,286.581177,-0.536237
1945,286.497559,-0.529942
1946,286.472290,-0.524597
1947,286.457123,-0.522808
1948,286.435303,-0.525347
1949,286.653595,-0.529760
1950,286.696716,-0.531559
1951,286.461975,-0.540286
1952,286.390350,-0.541091
1953,286.392273,-0.543036
1954,286.572174,-0.544091
1955,286.462158,-0.547593
1956,286.527954,-0.546568
1957,286.557648,-0.540332
1958,286.643433,-0.537953
1959,286.696381,-0.538209
1960,286.681274,-0.538789
1961,286.585327,-0.536791
1962,286.444794,-0.527638
1963,286.338989,-0.519079
1964,286.403625,-0.517458
1965,286.609894,-0.510157
1966,286.402588,-0.498519
1967,286.556976,-0.483775
1968,286.512512,-0.468146
1969,286.525421,-0.459863
1970,286.518494,-0.454375
1971,286.716034,-0.446589
1972,286.811035,-0.434598
1973,286.597351,-0.422640
1974,286.573486,-0.413045
1975,286.480164,-0.403389
1976,286.532227,-0.398554
1977,286.731720,-0.393950
1978,286.692078,-0.378370
1979,286.702209,-0.366161
1980,286.915741,-0.353122
1981,286.811127,-0.325630
1982,286.832672,-0.305793
1983,286.861145,-0.286588
1984,286.820648,-0.265601
1985,286.626801,-0.240755
1986,286.761536,-0.224691
1987,286.917389,-0.209573
1988,287.002167,-0.186305
1989,286.984222,-0.162146
1990,286.970947,-0.129981
1991,286.730377,-0.101545
1992,286.582916,-0.077454
1993,286.806396,-0.052071
1994,286.769897,-0.021718
1995,287.001068,-0.000009
1996,287.227356,0.029426
1997,287.152069,0.064111
1998,287.088684,0.090828
1999,287.155029,0.119367
2000,287.263855,0.154132
2001,287.197968,0.187614
2002,287.264557,0.213785
2003,287.295410,0.235801
2004,287.298248,0.260749
2005,287.445099,0.286012
2006,287.385315,0.322710
2007,287.454468,0.366526
2008,287.453552,0.401728
2009,287.612793,0.439773
2010,287.567017,0.468942
2011,287.694183,0.494340
2012,287.873230,0.514644
2013,287.662659,0.534627
2014,287.676819,0.555922
2015,287.669739,0.575933
2016,287.765991,0.595262
2017,287.702515,0.614771
2018,287.662659,0.639369
2019,287.732666,0.665813
2020,287.728821,0.684667
2021,287.831329,0.701280
2022,287.897400,0.723310
2023,287.862457,0.746195
2024,287.911224,0.761746
2025,287.876160,0.776421
2026,287.989288,0.791773
2027,287.761200,0.805771
2028,287.688171,0.823840
2029,287.793884,0.842175
2030,287.864166,0.860155
2031,287.777832,0.876406
2032,287.849823,0.894506
2033,288.033356,0.915744
2034,288.091583,0.939401
2035,288.010712,0.955062
2036,287.883698,0.964038
2037,288.115387,0.970458
2038,288.140106,0.978956
2039,288.079315,0.986571
2040,288.007263,0.999413
2041,288.154755,1.012594
2042,288.293152,1.029093
2043,288.204742,1.041629
2044,288.226868,1.054609
2045,288.209137,1.071517
2046,288.253510,1.083860
2047,288.245514,1.093942
2048,288.299805,1.102279
2049,288.442383,1.113718
2050,288.198639,1.127679
2051,288.100616,1.137214
2052,288.089996,1.142463
2053,288.117401,1.146456
2054,288.139679,1.154161
2055,288.261414,1.162444
2056,288.384705,1.170234
2057,288.256195,1.173360
2058,288.064240,1.173913
2059,288.183289,1.170151
2060,288.371399,1.170723
2061,288.148132,1.168513
2062,288.152283,1.169465
2063,288.283447,1.163992
2064,288.434753,1.149191
2065,288.429565,1.146644
2066,288.169739,1.147109
2067,288.272858,1.145023
2068,288.259888,1.141357
2069,288.310455,1.140622
2070,288.255768,1.131198
2071,288.388458,1.124271
2072,288.386932,1.122148
2073,288.221313,1.127024
2074,288.114014,1.131065
2075,288.226318,1.121119
2076,288.187195,1.119029
2077,288.274078,1.116084
2078,288.135620,1.110121
2079,287.998352,1.107609
2080,288.122223,1.099628
2081,288.114563,1.101562
2082,288.027405,1.100430
2083,288.007446,1.097404
2084,288.117615,1.088965
2085,287.978699,1.085128
2086,288.176880,1.076469
2087,288.192505,1.067786
2088,288.210541,1.064551
2089,288.304504,1.064818
2090,288.073029,1.061267
2091,288.085419,1.058946
2092,288.063934,1.053655
2093,288.104553,1.052905
2094,288.359406,1.056656
2095,288.190125,1.056204
2096,288.227783,1.055934
2097,288.238892,1.058494
2098,288.169098,1.061646
2099,288.057281,1.061052
2100,288.140656,1.065013
