mpi-esm-mr,1875,2100,rcp26,global tas,K
1875,286.991760,-0.878502
1876,286.773254,-0.884212
1877,286.787140,-0.889915
1878,286.773132,-0.890234
1879,286.774719,-0.897011
1880,286.855896,-0.905098
1881,286.842804,-0.912121
1882,286.866180,-0.917324
1883,286.807770,-0.920227
1884,286.618958,-0.919308
1885,286.563721,-0.922418
1886,286.539246,-0.921544
1887,286.577057,-0.916633
1888,286.484131,-0.921042
1889,286.491882,-0.930847
1890,286.493835,-0.939285
1891,286.491608,-0.938163
1892,286.659973,-0.940558
1893,286.788696,-0.945008
1894,286.706451,-0.947917
1895,286.810211,-0.950919
1896,286.867157,-0.952924
1897,286.778778,-0.953492
1898,286.667938,-0.952351
1899,286.685150,-0.941258
1900,286.773529,-0.931154
1901,286.911774,-0.927740
1902,286.940674,-0.924005
1903,286.785461,-0.914808
1904,286.713623,-0.901773
1905,286.738617,-0.882795
1906,286.806915,-0.865909
1907,286.715302,-0.853984
1908,286.639618,-0.848704
1909,286.687469,-0.837152
1910,286.765839,-0.828606
1911,286.782654,-0.820714
1912,286.849121,-0.810945
1913,286.842010,-0.796376
1914,286.951752,-0.784167
1915,286.866821,-0.772994
1916,286.641663,-0.770142
1917,286.689117,-0.770416
1918,286.760040,-0.764581
1919,286.882935,-0.755508
1920,287.063171,-0.744210
1921,286.998199,-0.739663
1922,287.017731,-0.734068
1923,286.947083,-0.721863
1924,287.053009,-0.707563
1925,287.066589,-0.700488
1926,287.103912,-0.693686
1927,287.071869,-0.691025
1928,287.105011,-0.687278
1929,287.051392,-0.682355
1930,287.108734,-0.674578
1931,286.997345,-0.658369
1932,286.932434,-0.644965
1933,286.960510,-0.634968
1934,286.985809,-0.626748
1935,287.077576,-0.628287
1936,286.943329,-0.628597
1937,286.883148,-0.626419
1938,287.005768,-0.617113
1939,287.116455,-0.612241
1940,286.978088,-0.610382
1941,286.986725,-0.608645
1942,286.928955,-0.607134
1943,286.954407,-0.604844
1944,287.099457,-0.605634
1945,287.100128,-0.608199
1946,287.127930,-0.601114
1947,287.091248,-0.588218
1948,287.059937,-0.583392
1949,287.129547,-0.587930
1950,287.016998,-0.600359
1951,286.988892,-0.600648
1952,287.083069,-0.591948
1953,287.226257,-0.587344
1954,287.199188,-0.587655
1955,287.122345,-0.581495
1956,287.156036,-0.573670
1957,287.117188,-0.559607
1958,287.173706,-0.549299
1959,287.027710,-0.542880
1960,287.031769,-0.530896
1961,287.209900,-0.527011
1962,287.319305,-0.526538
1963,287.105286,-0.518900
1964,286.849670,-0.515821
1965,286.704712,-0.506930
1966,286.934662,-0.495009
1967,287.144135,-0.486938
1968,287.143890,-0.488277
1969,287.107147,-0.487232
1970,287.162872,-0.479328
1971,287.221466,-0.472954
1972,287.350861,-0.464015
1973,287.263641,-0.457949
1974,287.292023,-0.440272
1975,287.459656,-0.419562
1976,287.244476,-0.405553
1977,287.105438,-0.403582
1978,287.289093,-0.391858
1979,287.221893,-0.368961
1980,287.283752,-0.340937
1981,287.346497,-0.317155
1982,287.325195,-0.292769
1983,287.186096,-0.272751
1984,287.230530,-0.250350
1985,287.359467,-0.227198
1986,287.347260,-0.204037
1987,287.385376,-0.186304
1988,287.355682,-0.168465
1989,287.558014,-0.150090
1990,287.653076,-0.136974
1991,287.630157,-0.112337
1992,287.378448,-0.078536
1993,287.457001,-0.054807
1994,287.536591,-0.026658
1995,287.545410,-0.000005
1996,287.648132,0.023593
1997,287.875702,0.051245
1998,287.744446,0.082326
1999,287.779175,0.118983
2000,287.857422,0.144170
2001,287.916290,0.173238
2002,287.882874,0.200135
2003,287.798798,0.225742
2004,287.843292,0.249219
2005,287.853119,0.268852
2006,287.983582,0.287396
2007,288.119476,0.315629
2008,288.000977,0.343049
2009,288.066345,0.362636
2010,288.083344,0.389598
2011,288.054443,0.413950
2012,288.154755,0.429643
2013,288.118530,0.449854
2014,288.330231,0.470165
2015,288.115082,0.490754
2016,288.219299,0.505079
2017,288.192291,0.518685
2018,288.123871,0.537190
2019,288.262329,0.553480
2020,288.242065,0.568371
2021,288.186493,0.587429
2022,288.225433,0.600778
2023,288.279602,0.614101
2024,288.124207,0.632347
2025,288.354248,0.645141
2026,288.378693,0.664956
2027,288.346497,0.681525
2028,288.350769,0.693729
2029,288.388519,0.700899
2030,288.475098,0.714068
2031,288.346039,0.726965
2032,288.291046,0.737507
2033,288.353943,0.749042
2034,288.332001,0.756050
2035,288.299835,0.765548
2036,288.555328,0.773388
2037,288.519958,0.781898
2038,288.400665,0.789872
2039,288.613708,0.799198
2040,288.467163,0.802725
2041,288.648895,0.803467
2042,288.651825,0.807877
2043,288.484650,0.816086
2044,288.545349,0.819136
2045,288.510132,0.820264
2046,288.606232,0.831195
2047,288.508545,0.842743
2048,288.469910,0.838883
2049,288.472565,0.843581
2050,288.527008,0.852573
2051,288.421692,0.850022
2052,288.480743,0.844270
2053,288.518829,0.847264
2054,288.403992,0.846686
2055,288.460052,0.852993
2056,288.400940,0.844742
2057,288.478790,0.836095
2058,288.597046,0.832274
2059,288.480011,0.824993
2060,288.508942,0.820921
2061,288.673981,0.817570
2062,288.637482,0.817274
2063,288.238159,0.821580
2064,288.472931,0.825482
2065,288.569580,0.822781
2066,288.478821,0.821006
2067,288.347382,0.820686
2068,288.490479,0.811037
2069,288.596375,0.809460
2070,288.656372,0.809686
2071,288.401367,0.811820
2072,288.392426,0.812146
2073,288.370026,0.811120
2074,288.326904,0.811127
2075,288.387970,0.805470
2076,288.505707,0.795763
2077,288.499664,0.787652
2078,288.599091,0.797390
2079,288.589630,0.802238
2080,288.445984,0.797257
2081,288.368439,0.795186
2082,288.471130,0.796177
2083,288.229370,0.792624
2084,288.356689,0.787879
2085,288.466827,0.777398
2086,288.464966,0.778546
2087,288.488556,0.779993
2088,288.566254,0.782187
2089,288.480225,0.785819
2090,288.339233,0.787415
2091,288.382782,0.785088
2092,288.394135,0.782962
2093,288.530304,0.777522
2094,288.618378,0.772398
2095,288.420166,0.772062
2096,288.416687,0.774312
2097,288.377106,0.773139
2098,288.383881,0.780025
2099,288.454041,0.782667
2100,288.341919,0.781639
