hadgem2-ao,1875,2100,rcp85,global tas,K
1875,287.065521,-0.545113
1876,286.867096,-0.559076
1877,287.063019,-0.569761
1878,287.059875,-0.582544
1879,287.090057,-0.588690
1880,287.128235,-0.595739
1881,287.290680,-0.602615
1882,287.294037,-0.603203
1883,287.207428,-0.601887
1884,286.915466,-0.599993
1885,286.949585,-0.600534
1886,287.052185,-0.605746
1887,287.069824,-0.612797
1888,286.977448,-0.628573
1889,286.873627,-0.642293
1890,286.767487,-0.646214
1891,286.637573,-0.641682
1892,286.798157,-0.641875
1893,286.822235,-0.639805
1894,286.944000,-0.640025
1895,287.008728,-0.644461
1896,286.987732,-0.651806
1897,287.141846,-0.661346
1898,287.172058,-0.672242
1899,287.194580,-0.671573
1900,287.095032,-0.667941
1901,287.015381,-0.670268
1902,286.984253,-0.668581
1903,286.725677,-0.661334
1904,286.703522,-0.647584
1905,286.947906,-0.627162
1906,287.003052,-0.607853
1907,287.057220,-0.591063
1908,287.121979,-0.574728
1909,287.083466,-0.566559
1910,286.995148,-0.560893
1911,287.070343,-0.557093
1912,287.007812,-0.550745
1913,286.880554,-0.547988
1914,286.935547,-0.546265
1915,287.058533,-0.543443
1916,286.982391,-0.540226
1917,287.120422,-0.529850
1918,287.194855,-0.514236
1919,287.286133,-0.498317
1920,287.380157,-0.491503
1921,287.216827,-0.481555
1922,287.301849,-0.470657
1923,287.312286,-0.463215
1924,287.189087,-0.453779
1925,287.178711,-0.443030
1926,287.101715,-0.431483
1927,287.332306,-0.417651
1928,287.254761,-0.404877
1929,287.246277,-0.395614
1930,287.179688,-0.387084
1931,287.111877,-0.374553
1932,287.295532,-0.364371
1933,287.194092,-0.357730
1934,287.181091,-0.351104
1935,287.152344,-0.348214
1936,287.301483,-0.342525
1937,287.384155,-0.340617
1938,287.345245,-0.340010
1939,287.366547,-0.340037
1940,287.317627,-0.338069
1941,287.416748,-0.331945
1942,287.422760,-0.330630
1943,287.263794,-0.326998
1944,287.213440,-0.322395
1945,287.314423,-0.317358
1946,287.358307,-0.312162
1947,287.425903,-0.311805
1948,287.394073,-0.310852
1949,287.484924,-0.318922
1950,287.466858,-0.327520
1951,287.387482,-0.336480
1952,287.359100,-0.345812
1953,287.330505,-0.355205
1954,287.188263,-0.365044
1955,287.237762,-0.371353
1956,287.285431,-0.383583
1957,287.371735,-0.394497
1958,287.363739,-0.396969
1959,287.384369,-0.397100
1960,287.330780,-0.406437
1961,287.267761,-0.416625
1962,287.306244,-0.428965
1963,287.222687,-0.438829
1964,286.938995,-0.446502
1965,286.894409,-0.450802
1966,287.032684,-0.450456
1967,287.104187,-0.454504
1968,287.063446,-0.459563
1969,287.071381,-0.457900
1970,287.128357,-0.447690
1971,287.049866,-0.441960
1972,287.095337,-0.439591
1973,287.189636,-0.432924
1974,287.209503,-0.426901
1975,287.034302,-0.418671
1976,287.052673,-0.413513
1977,287.055695,-0.414368
1978,287.098175,-0.409075
1979,287.254730,-0.395443
1980,287.337860,-0.380792
1981,287.397858,-0.365179
1982,287.237640,-0.345391
1983,287.178741,-0.324735
1984,287.238159,-0.302207
1985,287.544067,-0.281121
1986,287.457336,-0.253787
1987,287.442780,-0.224726
1988,287.563751,-0.197209
1989,287.565063,-0.167956
1990,287.577698,-0.128673
1991,287.422485,-0.094034
1992,287.280609,-0.064173
1993,287.381470,-0.037443
1994,287.347961,-0.019673
1995,287.333923,0.000015
1996,287.501068,0.020270
1997,287.697845,0.047856
1998,287.683136,0.075413
1999,287.747192,0.102027
2000,287.760956,0.119252
2001,287.869873,0.137215
2002,287.967163,0.152503
2003,288.015167,0.165093
2004,288.087097,0.184975
2005,288.212769,0.204030
2006,288.091858,0.233925
2007,287.951508,0.264340
2008,287.900085,0.291412
2009,287.787842,0.326207
2010,287.928497,0.361923
2011,288.005493,0.394708
2012,288.065216,0.413998
2013,288.005463,0.434128
2014,288.036591,0.454096
2015,288.060791,0.473130
2016,287.996246,0.485624
2017,287.901428,0.501495
2018,287.941437,0.512938
2019,288.161530,0.523683
2020,288.149353,0.531125
2021,288.319336,0.548294
2022,288.193054,0.573072
2023,288.193634,0.603297
2024,288.391815,0.643017
2025,288.405396,0.680078
2026,288.484619,0.710881
2027,288.276550,0.742355
2028,288.287018,0.779574
2029,288.346252,0.812304
2030,288.331970,0.845642
2031,288.244690,0.880802
2032,288.443298,0.921607
2033,288.358459,0.966716
2034,288.409424,1.002963
2035,288.436035,1.039739
2036,288.606934,1.074425
2037,288.694855,1.114177
2038,288.806824,1.160117
2039,288.979431,1.200818
2040,289.040344,1.247555
2041,288.929565,1.288971
2042,289.009460,1.341571
2043,289.122009,1.393230
2044,289.018494,1.443064
2045,289.060944,1.498318
2046,289.051056,1.559862
2047,289.125580,1.617912
2048,289.294678,1.681072
2049,289.248962,1.742907
2050,289.252625,1.800542
2051,289.359924,1.853818
2052,289.385620,1.913311
2053,289.571808,1.972049
2054,289.612854,2.023354
2055,289.807495,2.073878
2056,289.727112,2.126628
2057,289.854553,2.176874
2058,289.836792,2.229724
2059,289.841278,2.290536
2060,289.989594,2.352694
2061,290.091003,2.418714
2062,290.184784,2.484025
2063,290.253265,2.546179
2064,290.264465,2.610143
2065,290.165100,2.674631
2066,290.205200,2.739895
2067,290.479645,2.801184
2068,290.568970,2.859298
2069,290.518585,2.919013
2070,290.556061,2.970925
2071,290.512054,3.030064
2072,290.516846,3.081408
2073,290.707520,3.133320
2074,290.842865,3.187139
2075,290.925659,3.243421
2076,291.031677,3.302024
2077,291.084900,3.358371
2078,291.159302,3.413088
2079,291.167877,3.468009
2080,291.187256,3.529185
2081,291.317841,3.593057
2082,291.224304,3.647352
2083,291.315216,3.698520
2084,291.404297,3.757832
2085,291.364868,3.815087
2086,291.501282,3.875695
2087,291.394867,3.938029
2088,291.394165,3.995893
2089,291.455841,4.051131
2090,291.678070,4.105494
2091,291.849091,4.158210
2092,291.875183,4.211038
2093,291.894775,4.263270
2094,291.912079,4.317103
2095,292.000397,4.372176
2096,292.121368,4.424781
2097,292.108490,4.482390
2098,292.104004,4.538854
2099,292.297943,4.594235
2100,292.273712,4.652815
