mpi-esm-lr,1861,2300,rcp45,zostoga,m
1861,0.012010
1862,0.010664
1863,0.010096
1864,0.010602
1865,0.013174
1866,0.011423
1867,0.011305
1868,0.009006
1869,0.009794
1870,0.011394
1871,0.012131
1872,0.013150
1873,0.011249
1874,0.011989
1875,0.012064
1876,0.011832
1877,0.010642
1878,0.008874
1879,0.007700
1880,0.006595
1881,0.005790
1882,0.008131
1883,0.005948
1884,0.002528
1885,0.003203
1886,0.004442
1887,0.002270
1888,0.004042
1889,0.000421
1890,0.001620
1891,0.000530
1892,0.001661
1893,0.002216
1894,0.001946
1895,0.003691
1896,0.001505
1897,-0.002252
1898,-0.000104
1899,0.001233
1900,0.000000
1901,0.001008
1902,0.000836
1903,0.000586
1904,-0.001694
1905,-0.000705
1906,0.000655
1907,-0.000939
1908,-0.000855
1909,-0.003064
1910,-0.002916
1911,-0.002255
1912,-0.000387
1913,-0.000931
1914,-0.004193
1915,-0.004496
1916,-0.003140
1917,-0.002532
1918,-0.002594
1919,-0.004711
1920,-0.004274
1921,-0.003736
1922,-0.003667
1923,-0.001796
1924,-0.001907
1925,-0.002725
1926,-0.000740
1927,-0.000974
1928,-0.001407
1929,-0.001699
1930,-0.000318
1931,-0.002609
1932,-0.003355
1933,-0.000902
1934,0.000527
1935,-0.002807
1936,-0.004751
1937,-0.004241
1938,-0.004667
1939,-0.002389
1940,-0.000116
1941,-0.003005
1942,-0.005269
1943,-0.005423
1944,-0.004139
1945,-0.003590
1946,-0.000219
1947,0.000900
1948,0.000939
1949,-0.000778
1950,-0.000048
1951,0.001492
1952,0.002344
1953,0.003295
1954,0.002444
1955,0.001994
1956,0.002795
1957,0.002909
1958,0.002174
1959,-0.001298
1960,0.003375
1961,0.000833
1962,0.005369
1963,0.003790
1964,0.001422
1965,0.000047
1966,0.000391
1967,0.001051
1968,-0.000614
1969,0.001360
1970,0.003677
1971,0.000420
1972,0.001174
1973,0.002751
1974,0.005952
1975,0.004890
1976,0.005003
1977,0.005937
1978,0.007478
1979,0.006434
1980,0.007480
1981,0.010550
1982,0.012260
1983,0.009057
1984,0.008136
1985,0.009147
1986,0.010689
1987,0.012063
1988,0.014684
1989,0.014651
1990,0.017310
1991,0.017721
1992,0.015211
1993,0.013653
1994,0.015239
1995,0.018054
1996,0.019578
1997,0.023378
1998,0.022268
1999,0.027278
2000,0.028170
2001,0.029456
2002,0.027218
2003,0.029405
2004,0.031541
2005,0.034859
2006,0.034340
2007,0.032569
2008,0.036581
2009,0.040380
2010,0.041080
2011,0.043753
2012,0.043807
2013,0.043895
2014,0.046718
2015,0.050473
2016,0.049991
2017,0.050277
2018,0.052236
2019,0.053763
2020,0.055332
2021,0.057733
2022,0.059602
2023,0.062659
2024,0.063827
2025,0.064081
2026,0.067541
2027,0.069527
2028,0.071429
2029,0.071220
2030,0.073481
2031,0.077796
2032,0.077855
2033,0.076836
2034,0.079517
2035,0.082499
2036,0.083986
2037,0.084344
2038,0.085991
2039,0.088889
2040,0.092773
2041,0.091404
2042,0.093494
2043,0.096410
2044,0.098104
2045,0.101785
2046,0.103574
2047,0.103453
2048,0.106066
2049,0.107286
2050,0.106101
2051,0.105573
2052,0.108566
2053,0.116773
2054,0.118131
2055,0.120242
2056,0.121774
2057,0.123214
2058,0.124970
2059,0.125117
2060,0.128708
2061,0.129114
2062,0.131859
2063,0.132822
2064,0.135296
2065,0.137753
2066,0.142882
2067,0.143556
2068,0.143539
2069,0.146913
2070,0.149835
2071,0.152107
2072,0.155822
2073,0.157868
2074,0.156957
2075,0.158401
2076,0.162442
2077,0.164494
2078,0.165353
2079,0.169494
2080,0.170584
2081,0.172382
2082,0.173544
2083,0.175277
2084,0.176544
2085,0.177421
2086,0.177447
2087,0.181970
2088,0.184813
2089,0.183919
2090,0.183640
2091,0.187216
2092,0.193021
2093,0.195428
2094,0.194265
2095,0.196621
2096,0.196108
2097,0.198449
2098,0.203236
2099,0.205428
2100,0.206877
2101,0.208994
2102,0.208118
2103,0.209973
2104,0.214080
2105,0.212967
2106,0.213833
2107,0.215243
2108,0.216478
2109,0.220217
2110,0.219682
2111,0.221327
2112,0.224269
2113,0.225261
2114,0.224242
2115,0.228454
2116,0.231859
2117,0.230454
2118,0.232169
2119,0.232022
2120,0.232539
2121,0.234656
2122,0.238286
2123,0.239439
2124,0.242907
2125,0.243624
2126,0.244774
2127,0.247861
2128,0.248042
2129,0.248563
2130,0.252086
2131,0.254343
2132,0.255976
2133,0.255445
2134,0.255581
2135,0.257469
2136,0.260442
2137,0.263048
2138,0.264552
2139,0.263556
2140,0.264883
2141,0.265175
2142,0.267753
2143,0.272018
2144,0.274096
2145,0.275983
2146,0.274337
2147,0.275338
2148,0.278767
2149,0.277554
2150,0.278305
2151,0.282317
2152,0.286144
2153,0.285935
2154,0.287217
2155,0.288192
2156,0.289996
2157,0.291412
2158,0.292828
2159,0.295129
2160,0.297520
2161,0.298677
2162,0.299692
2163,0.303170
2164,0.300749
2165,0.301908
2166,0.301263
2167,0.304996
2168,0.302930
2169,0.304335
2170,0.306437
2171,0.309592
2172,0.310943
2173,0.311462
2174,0.312477
2175,0.312879
2176,0.315374
2177,0.314814
2178,0.317217
2179,0.316247
2180,0.317159
2181,0.320327
2182,0.323473
2183,0.325261
2184,0.328617
2185,0.329675
2186,0.329542
2187,0.328606
2188,0.329766
2189,0.333554
2190,0.335476
2191,0.337207
2192,0.337737
2193,0.337748
2194,0.338265
2195,0.340025
2196,0.341024
2197,0.343606
2198,0.344186
2199,0.346313
2200,0.344720
2201,0.348038
2202,0.347568
2203,0.352087
2204,0.350065
2205,0.352003
2206,0.352248
2207,0.353499
2208,0.357330
2209,0.357465
2210,0.358585
2211,0.360341
2212,0.358728
2213,0.363457
2214,0.364059
2215,0.364298
2216,0.365725
2217,0.368370
2218,0.365905
2219,0.367851
2220,0.368956
2221,0.371022
2222,0.372639
2223,0.372675
2224,0.373934
2225,0.375841
2226,0.377838
2227,0.379375
2228,0.382238
2229,0.384828
2230,0.385383
2231,0.384038
2232,0.384717
2233,0.385982
2234,0.384829
2235,0.386036
2236,0.391887
2237,0.391789
2238,0.389999
2239,0.393049
2240,0.395818
2241,0.396594
2242,0.398183
2243,0.396450
2244,0.394343
2245,0.398808
2246,0.400326
2247,0.404000
2248,0.402629
2249,0.404810
2250,0.401544
2251,0.401474
2252,0.407504
2253,0.404936
2254,0.404860
2255,0.409005
2256,0.408869
2257,0.410260
2258,0.411765
2259,0.413176
2260,0.415479
2261,0.415293
2262,0.415408
2263,0.416160
2264,0.418821
2265,0.419961
2266,0.421230
2267,0.423737
2268,0.424597
2269,0.423811
2270,0.427109
2271,0.426416
2272,0.427263
2273,0.427612
2274,0.429480
2275,0.430182
2276,0.432076
2277,0.433421
2278,0.434387
2279,0.435842
2280,0.437503
2281,0.439321
2282,0.440494
2283,0.438398
2284,0.439830
2285,0.442565
2286,0.443403
2287,0.443361
2288,0.444832
2289,0.445149
2290,0.442789
2291,0.445754
2292,0.446844
2293,0.447193
2294,0.450090
2295,0.452825
2296,0.454651
2297,0.453851
2298,0.453344
2299,0.455398
2300,0.456764
