-0.30548
-0.8426
-0.10602
-0.68106
-0.3007
-0.27922
-0.017681
-0.16523
-0.48418
-0.1902
0.015009
-0.02669
-0.061478
-0.056368
-0.018718
-0.16547
-0.044126
-0.20085
-0.0064459
-0.46669
-0.71571
-0.29142
-0.44788
-0.23596
-0.17782
-0.053374
-0.1292
-0.053424
-0.38103
-0.099643
-0.020099
-0.17227
-0.55916
-2.5706
-0.82337
-0.64518
-0.8579
-0.98042
-0.86148
-0.60425
-0.29766
0.036181
-1.0788
-0.4548
-0.66983
-0.5347
-0.87501
-0.26511
-0.10976
-0.21275
-0.41195
-1.5027
-0.49098
-0.10134
-5.3412
-2.265
-0.17044
-0.59958
-0.29123
-0.30519
-0.21662
-0.21247
-1.6511
-0.44731
-0.079454
-0.47807
-0.0089552
-0.11157
-0.0082796
-0.4616
-0.33826
-0.081932
-0.21921
-0.22137
-0.19333
-0.0599
-0.0071234
-0.046068
-0.079727
-0.10815
-0.48608
-2.1204
-0.65096
-0.97107
-0.32632
-0.0026236
-0.035871
-0.0099536
0.0026985
1.5966e-05
-0.0089147
-0.14922
-0.11799
-0.046683
-0.08372
-0.18416
-0.030959
-0.0021237
-0.1024
0.004739
-0.36112
-0.12744
-0.23753
-0.036033
-0.19497
-0.17646
0.0048915
-0.70429
0.0024834
-0.082228
0.17585
-0.0024398
0.074682
-0.60367
-0.043903
-0.059438
-0.26334
-0.11161
-0.072508
-0.13072
-0.082481
-0.12664
-0.060786
0.0080553
-0.16566
-0.15283
-0.087487
-0.36319
-0.088317
-0.16536
-0.0090255
-0.0029453
0.022751
-0.16961
-0.25254
-0.037372
-0.069015
-0.20505
-0.12355
-0.05084
0.31085
0.077802
-0.1943
-0.0084017
0.62176
-0.096782
-0.22225
-0.71576
-0.067577
-0.11896
-0.011526
-0.068319
-0.14413
-0.031368
-0.07597
-0.17054
-0.074232
-1.2467
-0.95886
-0.11423
-0.28139
2.9986
-0.12124
-0.77063
-0.70202
-0.1756
-0.39373
-0.1098
-0.23245
-0.4423
-0.37581
-0.091933
-0.57955
-0.49736
-0.22668
-0.35958
-0.034069
-0.17055
-0.28626
-0.53641
-0.21448
-0.064362
-0.18316
-0.93218
-0.35909
-0.19986
-0.10722
-0.13241
-0.15891
-0.12385
-0.096026
