gfdl-cm3,1875,2100,rcp85,global tas,K
1875,286.933929,-0.412141
1876,286.865753,-0.425053
1877,286.555298,-0.436150
1878,286.730988,-0.433036
1879,286.827087,-0.437880
1880,286.769165,-0.441136
1881,286.710175,-0.437547
1882,286.862244,-0.441785
1883,286.832367,-0.446168
1884,286.488464,-0.450968
1885,286.217102,-0.449662
1886,286.337433,-0.458476
1887,286.321381,-0.466490
1888,286.542511,-0.480522
1889,286.416718,-0.493490
1890,286.218109,-0.510210
1891,286.227997,-0.526199
1892,286.291443,-0.527088
1893,286.498962,-0.528824
1894,286.402161,-0.538838
1895,286.566193,-0.544267
1896,286.563721,-0.542520
1897,286.400848,-0.556832
1898,286.526093,-0.573283
1899,286.587555,-0.577083
1900,286.656281,-0.564704
1901,286.519287,-0.559727
1902,286.446930,-0.553120
1903,286.338623,-0.554962
1904,286.391022,-0.557317
1905,286.432312,-0.542563
1906,286.386078,-0.526781
1907,286.528625,-0.514431
1908,286.678925,-0.506129
1909,286.526672,-0.495291
1910,286.606293,-0.486920
1911,286.762573,-0.484673
1912,286.432892,-0.477128
1913,286.338837,-0.471078
1914,286.374451,-0.471561
1915,286.588470,-0.474521
1916,286.486755,-0.468548
1917,286.519592,-0.460334
1918,286.487244,-0.451730
1919,286.346069,-0.439845
1920,286.660736,-0.425669
1921,286.701447,-0.415479
1922,286.661957,-0.409411
1923,286.748016,-0.400585
1924,286.727295,-0.395644
1925,286.817322,-0.392645
1926,286.631134,-0.392366
1927,286.627197,-0.377157
1928,286.707581,-0.362590
1929,286.573090,-0.346266
1930,286.567474,-0.332735
1931,286.698486,-0.321416
1932,286.693329,-0.308892
1933,286.596741,-0.300351
1934,286.747589,-0.282559
1935,286.857574,-0.282220
1936,286.691803,-0.276741
1937,286.710663,-0.271272
1938,286.943695,-0.270966
1939,286.674896,-0.265642
1940,286.696259,-0.263904
1941,286.770966,-0.248263
1942,286.889160,-0.234539
1943,286.775848,-0.233201
1944,286.864166,-0.226829
1945,286.994385,-0.222265
1946,286.826324,-0.221799
1947,286.895325,-0.224265
1948,286.743469,-0.227251
1949,286.879822,-0.244411
1950,286.670898,-0.264863
1951,286.865845,-0.283013
1952,286.826019,-0.298370
1953,286.757202,-0.319777
1954,286.886993,-0.333625
1955,286.869476,-0.345705
1956,287.100372,-0.359244
1957,287.038910,-0.374821
1958,286.747711,-0.384632
1959,286.764252,-0.394236
1960,286.704407,-0.408057
1961,286.712463,-0.422746
1962,286.619354,-0.437174
1963,286.507141,-0.438930
1964,286.232788,-0.436795
1965,286.244019,-0.430345
1966,286.147308,-0.435161
1967,286.249939,-0.436551
1968,286.301483,-0.446303
1969,286.259460,-0.453681
1970,286.333862,-0.459961
1971,286.364807,-0.475483
1972,286.421844,-0.480754
1973,286.481506,-0.476034
1974,286.576050,-0.470535
1975,286.579773,-0.463473
1976,286.385651,-0.458804
1977,286.462463,-0.456809
1978,286.690796,-0.453240
1979,286.943878,-0.438942
1980,286.864410,-0.422048
1981,286.721344,-0.395790
1982,286.784332,-0.366651
1983,286.464630,-0.343640
1984,286.665649,-0.313834
1985,286.681091,-0.286730
1986,286.634705,-0.258386
1987,286.880798,-0.227883
1988,286.889313,-0.199228
1989,286.929199,-0.177743
1990,286.916260,-0.153012
1991,286.852539,-0.111392
1992,286.679199,-0.076545
1993,286.614227,-0.045227
1994,286.661713,-0.021255
1995,286.750854,-0.000005
1996,286.935059,0.025463
1997,287.124084,0.057905
1998,286.991821,0.105910
1999,287.153656,0.137542
2000,287.146973,0.167859
2001,287.215118,0.207635
2002,287.336945,0.241452
2003,287.341156,0.274755
2004,287.220612,0.308627
2005,287.321686,0.344485
2006,287.634247,0.378772
2007,287.507874,0.424613
2008,287.630341,0.473983
2009,287.663025,0.516506
2010,287.501923,0.562011
2011,287.485382,0.607802
2012,287.757599,0.647423
2013,287.904785,0.687786
2014,287.614594,0.732427
2015,287.590607,0.782148
2016,287.828003,0.823428
2017,287.895294,0.866216
2018,287.888397,0.905286
2019,287.945374,0.946689
2020,287.992004,0.993718
2021,287.881134,1.025999
2022,288.054443,1.064421
2023,288.095306,1.100306
2024,287.937408,1.134960
2025,288.115997,1.176369
2026,288.308807,1.221707
2027,288.312714,1.254502
2028,288.202698,1.291673
2029,288.492889,1.339045
2030,288.638611,1.385058
2031,288.453522,1.426555
2032,288.620575,1.467375
2033,288.513245,1.514475
2034,288.462708,1.550585
2035,288.732574,1.592914
2036,288.602661,1.644817
2037,288.660522,1.690731
2038,288.706909,1.740081
2039,288.702637,1.789292
2040,288.744202,1.846694
2041,288.845520,1.895399
2042,288.741455,1.943206
2043,289.019897,1.999021
2044,289.035767,2.042426
2045,288.970978,2.081685
2046,289.072937,2.134159
2047,289.119873,2.184052
2048,289.301392,2.238633
2049,289.028687,2.292060
2050,289.261871,2.344069
2051,289.438232,2.399143
2052,289.431854,2.463238
2053,289.575806,2.525265
2054,289.413757,2.582319
2055,289.838043,2.644495
2056,289.769958,2.709148
2057,289.746918,2.771423
2058,289.877167,2.828066
2059,289.795013,2.887295
2060,289.816406,2.946866
2061,290.027740,3.008149
2062,290.117340,3.072859
2063,290.150696,3.124769
2064,290.065521,3.192794
2065,290.292847,3.255082
2066,290.254883,3.305586
2067,290.583344,3.367073
2068,290.567749,3.426776
2069,290.414246,3.489457
2070,290.609467,3.544641
2071,290.785126,3.603787
2072,290.609711,3.659102
2073,290.719177,3.715105
2074,290.812622,3.779616
2075,290.758118,3.838275
2076,290.911438,3.893558
2077,291.061157,3.947479
2078,290.858704,4.002978
2079,291.069427,4.062379
2080,291.130524,4.120446
2081,290.953339,4.177373
2082,291.276459,4.225080
2083,291.366913,4.279707
2084,291.294189,4.338905
2085,291.493561,4.392451
2086,291.544342,4.442174
2087,291.406372,4.499585
2088,291.557251,4.555188
2089,291.730347,4.609517
2090,291.576172,4.667504
2091,291.686218,4.722221
2092,291.734985,4.773788
2093,291.815674,4.833945
2094,291.847534,4.888918
2095,292.034851,4.943696
2096,291.962708,5.006220
2097,292.014526,5.059815
2098,292.206573,5.112236
2099,292.190186,5.168922
2100,292.215851,5.220803
