cesm1-bgc,1875,2100,rcp85,global tas,K
1875,286.705658,-0.927730
1876,286.823395,-0.932430
1877,286.771790,-0.935329
1878,286.714325,-0.933814
1879,286.724609,-0.935925
1880,286.582825,-0.936755
1881,286.693726,-0.938611
1882,286.726166,-0.934456
1883,286.547546,-0.936065
1884,286.070984,-0.936740
1885,286.291504,-0.929372
1886,286.512939,-0.929078
1887,286.463165,-0.932833
1888,286.456970,-0.941940
1889,286.539429,-0.950176
1890,286.569763,-0.959767
1891,286.577362,-0.977003
1892,286.550476,-0.987963
1893,286.623749,-0.992675
1894,286.564209,-0.995558
1895,286.626648,-0.985868
1896,286.546021,-0.980893
1897,286.711304,-0.988092
1898,286.691406,-0.994206
1899,286.689240,-0.976399
1900,286.673309,-0.963102
1901,286.617889,-0.956661
1902,286.641724,-0.947093
1903,286.228973,-0.939013
1904,286.344055,-0.937759
1905,286.417938,-0.935403
1906,286.306305,-0.933435
1907,286.442993,-0.935047
1908,286.572968,-0.930633
1909,286.638123,-0.924450
1910,286.873505,-0.924089
1911,286.842987,-0.919408
1912,286.510193,-0.921178
1913,286.364136,-0.918336
1914,286.605194,-0.918986
1915,286.690399,-0.923314
1916,286.706177,-0.919100
1917,286.750214,-0.916199
1918,286.699371,-0.896735
1919,286.577026,-0.878102
1920,286.640442,-0.867258
1921,286.636414,-0.852199
1922,286.502106,-0.840056
1923,286.756195,-0.831907
1924,286.749695,-0.828324
1925,286.637482,-0.829089
1926,286.686432,-0.825136
1927,286.658203,-0.812807
1928,286.776672,-0.795998
1929,286.669739,-0.785840
1930,286.543457,-0.783117
1931,286.744324,-0.779506
1932,286.728760,-0.775563
1933,286.812897,-0.769710
1934,286.903046,-0.753868
1935,286.743256,-0.739638
1936,286.758057,-0.731517
1937,286.807281,-0.725796
1938,286.817444,-0.724830
1939,286.745605,-0.722952
1940,286.850555,-0.713638
1941,286.961578,-0.710023
1942,286.880066,-0.704184
1943,286.868408,-0.701004
1944,286.909943,-0.689469
1945,286.772095,-0.675866
1946,286.814484,-0.669304
1947,286.868530,-0.667185
1948,286.874939,-0.671941
1949,287.052307,-0.683381
1950,287.067322,-0.678783
1951,286.880066,-0.676694
1952,286.673737,-0.676825
1953,286.785156,-0.674400
1954,286.806030,-0.665629
1955,286.916901,-0.653723
1956,286.794891,-0.647806
1957,286.833374,-0.640929
1958,286.872070,-0.634167
1959,287.015778,-0.630363
1960,286.951569,-0.618529
1961,286.941162,-0.614571
1962,286.792328,-0.606368
1963,286.670227,-0.593812
1964,286.559845,-0.589418
1965,286.881195,-0.585700
1966,286.820740,-0.565464
1967,286.803345,-0.540807
1968,286.890198,-0.532051
1969,287.008728,-0.520437
1970,287.207733,-0.511758
1971,287.139099,-0.497976
1972,287.086365,-0.484429
1973,287.071259,-0.464955
1974,287.024078,-0.450385
1975,287.127106,-0.434906
1976,286.933228,-0.423064
1977,287.114624,-0.414913
1978,287.251617,-0.399269
1979,287.184143,-0.374946
1980,287.178833,-0.355182
1981,287.487152,-0.332725
1982,287.413452,-0.302647
1983,287.047852,-0.277789
1984,287.154449,-0.254372
1985,287.177246,-0.237816
1986,287.208374,-0.221567
1987,287.239777,-0.204713
1988,287.456299,-0.184697
1989,287.452881,-0.159930
1990,287.415924,-0.130610
1991,287.296417,-0.100814
1992,287.036865,-0.077889
1993,287.139557,-0.055281
1994,287.289520,-0.026149
1995,287.474121,0.000014
1996,287.494446,0.017780
1997,287.705688,0.035032
1998,287.635925,0.061958
1999,287.711243,0.089986
2000,287.704407,0.120955
2001,287.626587,0.149315
2002,287.591980,0.178236
2003,287.671722,0.203557
2004,287.767090,0.230110
2005,288.006714,0.253362
2006,287.827118,0.286141
2007,287.802368,0.324896
2008,287.929871,0.356163
2009,288.058075,0.386156
2010,287.963745,0.410563
2011,288.020111,0.436116
2012,287.931030,0.462612
2013,287.855621,0.493407
2014,287.995300,0.514923
2015,288.106323,0.540816
2016,288.059174,0.572257
2017,288.107391,0.601271
2018,288.215942,0.632688
2019,288.249451,0.667281
2020,288.113495,0.689142
2021,288.279785,0.716987
2022,288.199524,0.747532
2023,288.077545,0.774895
2024,288.189331,0.803431
2025,288.206329,0.835518
2026,288.261017,0.863682
2027,288.500580,0.894343
2028,288.559784,0.928455
2029,288.356720,0.962037
2030,288.481201,0.996100
2031,288.569824,1.027535
2032,288.462372,1.055124
2033,288.614258,1.081626
2034,288.804871,1.113949
2035,288.662537,1.151419
2036,288.662476,1.180137
2037,288.718719,1.213060
2038,288.750763,1.255960
2039,288.914154,1.297167
2040,288.926361,1.339097
2041,288.865021,1.377916
2042,288.850861,1.415312
2043,288.878967,1.452798
2044,289.002777,1.493538
2045,289.128204,1.532784
2046,289.002228,1.569393
2047,288.935059,1.610609
2048,289.011017,1.647881
2049,289.219116,1.680925
2050,289.237610,1.725121
2051,289.141327,1.770205
2052,289.187225,1.810444
2053,289.364532,1.849122
2054,289.425537,1.885877
2055,289.464233,1.926219
2056,289.425598,1.971029
2057,289.622437,2.015171
2058,289.684387,2.060842
2059,289.578918,2.103351
2060,289.658569,2.145602
2061,289.668091,2.188518
2062,289.698853,2.236259
2063,289.732422,2.285177
2064,289.796204,2.326864
2065,289.988403,2.375172
2066,290.014984,2.428541
2067,289.925903,2.480906
2068,289.911102,2.525207
2069,290.016815,2.566510
2070,290.136597,2.610082
2071,290.209320,2.656258
2072,290.175140,2.700598
2073,290.249084,2.745315
2074,290.278046,2.791991
2075,290.395721,2.836038
2076,290.289734,2.885407
2077,290.367279,2.935880
2078,290.478546,2.982660
2079,290.469727,3.027946
2080,290.686859,3.071010
2081,290.742401,3.114640
2082,290.758179,3.159968
2083,290.693542,3.207591
2084,290.664642,3.253272
2085,290.771393,3.297512
2086,290.810883,3.341223
2087,290.952637,3.387573
2088,291.025879,3.432956
2089,290.979218,3.478873
2090,290.979980,3.522366
2091,291.149170,3.570891
2092,291.213043,3.618329
2093,291.135803,3.663558
2094,291.154785,3.710579
2095,291.280334,3.751861
2096,291.323883,3.792791
2097,291.285736,3.834693
2098,291.339783,3.880249
2099,291.387238,3.928267
2100,291.463806,3.974226
