fio-esm,1875,2100,rcp45,global tas,K
1875,286.355408,-0.856678
1876,286.217468,-0.862730
1877,286.438385,-0.865739
1878,286.386475,-0.866205
1879,286.348877,-0.860060
1880,286.422821,-0.857381
1881,286.292023,-0.855300
1882,286.198120,-0.848244
1883,286.447845,-0.846889
1884,286.500732,-0.842337
1885,286.251343,-0.843302
1886,286.511292,-0.839754
1887,286.480438,-0.841546
1888,286.198639,-0.841380
1889,286.379272,-0.843555
1890,286.608551,-0.846208
1891,286.357666,-0.835104
1892,286.416443,-0.827992
1893,286.588013,-0.826568
1894,286.585968,-0.818305
1895,286.413330,-0.809704
1896,286.575531,-0.808511
1897,286.542114,-0.799381
1898,286.449341,-0.793748
1899,286.652222,-0.797744
1900,286.539032,-0.791175
1901,286.378693,-0.789715
1902,286.422668,-0.784288
1903,286.583221,-0.770164
1904,286.457092,-0.761472
1905,286.275818,-0.758394
1906,286.550568,-0.749835
1907,286.651764,-0.737025
1908,286.429199,-0.731206
1909,286.596741,-0.734437
1910,286.680878,-0.727437
1911,286.327789,-0.722081
1912,286.472015,-0.720392
1913,286.616852,-0.715109
1914,286.380859,-0.712797
1915,286.448395,-0.714666
1916,286.555115,-0.708123
1917,286.643250,-0.696646
1918,286.622345,-0.696429
1919,286.640045,-0.690637
1920,286.700867,-0.679293
1921,286.614441,-0.671230
1922,286.800751,-0.670258
1923,286.762573,-0.659873
1924,286.489044,-0.657159
1925,286.623322,-0.657265
1926,286.736206,-0.646137
1927,286.592804,-0.645300
1928,286.607819,-0.642312
1929,286.721588,-0.629171
1930,286.482971,-0.621672
1931,286.574982,-0.620579
1932,286.766968,-0.622561
1933,286.589722,-0.616196
1934,286.630859,-0.613793
1935,286.616150,-0.613711
1936,286.792450,-0.609683
1937,286.680939,-0.613832
1938,286.740723,-0.625045
1939,286.678162,-0.624933
1940,286.677704,-0.623955
1941,286.661621,-0.634679
1942,286.497131,-0.637202
1943,286.706512,-0.633181
1944,286.775085,-0.632784
1945,286.673370,-0.628479
1946,286.587891,-0.620254
1947,286.583801,-0.616916
1948,286.813293,-0.610079
1949,286.712128,-0.606526
1950,286.703339,-0.608517
1951,286.735260,-0.611520
1952,286.676300,-0.610931
1953,286.426178,-0.607536
1954,286.492401,-0.606307
1955,286.652649,-0.606377
1956,286.414490,-0.599944
1957,286.517120,-0.586139
1958,286.728455,-0.578345
1959,286.733490,-0.569206
1960,286.612122,-0.556231
1961,286.821747,-0.553673
1962,286.867096,-0.545173
1963,286.794830,-0.540662
1964,286.737457,-0.535417
1965,286.556396,-0.526294
1966,286.702362,-0.516615
1967,286.698608,-0.511262
1968,286.842590,-0.488911
1969,286.715027,-0.469019
1970,286.675598,-0.461855
1971,286.854614,-0.440668
1972,286.911285,-0.419398
1973,286.940338,-0.402963
1974,287.049255,-0.390723
1975,287.062622,-0.370459
1976,286.664612,-0.355128
1977,286.838806,-0.348088
1978,286.948639,-0.333590
1979,286.869476,-0.312745
1980,286.977020,-0.281345
1981,287.025635,-0.259747
1982,286.836884,-0.247597
1983,287.096710,-0.224596
1984,287.089172,-0.198152
1985,286.867554,-0.175583
1986,287.050110,-0.156596
1987,287.155212,-0.139559
1988,287.221497,-0.120717
1989,287.100708,-0.107124
1990,287.220032,-0.099428
1991,287.281677,-0.074864
1992,287.078308,-0.051858
1993,287.229767,-0.040474
1994,287.362793,-0.021249
1995,287.498413,-0.000002
1996,287.350281,0.016926
1997,287.063110,0.046088
1998,287.532623,0.061226
1999,287.508362,0.082589
2000,287.352661,0.112072
2001,287.424225,0.127872
2002,287.422394,0.145008
2003,287.505585,0.158472
2004,287.457062,0.169835
2005,287.293488,0.185284
2006,287.401550,0.199464
2007,287.528992,0.219952
2008,287.290131,0.242713
2009,287.446228,0.259930
2010,287.614441,0.270029
2011,287.533478,0.291533
2012,287.711731,0.314258
2013,287.550873,0.323607
2014,287.730042,0.335992
2015,287.752045,0.347091
2016,287.524109,0.359372
2017,287.669312,0.380899
2018,287.625397,0.390407
2019,287.441620,0.406900
2020,287.683502,0.431101
2021,287.707062,0.449449
2022,287.692963,0.466165
2023,287.912598,0.491214
2024,287.879303,0.511049
2025,287.801361,0.527792
2026,287.995422,0.543216
2027,287.744843,0.553563
2028,287.813110,0.567932
2029,287.879913,0.580530
2030,287.685608,0.591408
2031,287.792664,0.607214
2032,288.068207,0.626150
2033,287.790833,0.640989
2034,287.951843,0.662791
2035,288.019531,0.682557
2036,287.951965,0.696601
2037,288.030487,0.701351
2038,288.041595,0.711749
2039,288.041290,0.726003
2040,288.116730,0.738507
2041,287.996185,0.747976
2042,288.022156,0.755761
2043,287.981934,0.764260
2044,288.107971,0.777876
2045,288.078400,0.796447
2046,287.998291,0.803109
2047,288.237396,0.811419
2048,288.070557,0.826798
2049,288.095673,0.835580
2050,288.276489,0.841496
2051,288.128387,0.844289
2052,287.835449,0.851122
2053,288.224548,0.865517
2054,288.306915,0.876673
2055,288.176483,0.878412
2056,288.279480,0.890315
2057,287.978394,0.898151
2058,288.068085,0.902884
2059,288.288391,0.909075
2060,288.242737,0.916844
2061,287.992523,0.923959
2062,288.317505,0.916726
2063,288.252228,0.927285
2064,288.215302,0.937418
2065,288.196991,0.936579
2066,288.035767,0.941698
2067,288.235474,0.952263
2068,288.473450,0.946031
2069,288.375977,0.947273
2070,288.168884,0.950295
2071,288.353271,0.952467
2072,288.257233,0.966634
2073,288.123932,0.975138
2074,288.293701,0.978063
2075,288.311462,0.984233
2076,288.211761,0.998787
2077,288.020386,0.996231
2078,288.387329,0.991961
2079,288.399658,0.998213
2080,288.251343,1.005185
2081,288.281952,1.015827
2082,288.152405,1.019066
2083,288.037567,1.013330
2084,288.344177,1.005867
2085,288.267151,1.013439
2086,288.344635,1.013104
2087,288.403412,1.016084
2088,288.323212,1.023621
2089,288.376129,1.025613
2090,288.427826,1.027127
2091,288.429169,1.032078
2092,288.240814,1.043522
2093,288.124115,1.042849
2094,288.402863,1.041878
2095,288.406158,1.045965
2096,288.355042,1.049146
2097,288.332642,1.056758
2098,288.301361,1.068313
2099,288.152100,1.069760
2100,288.396027,1.073889
