ipsl-cm5a-mr,1875,2100,rcp60,global tas,K
1875,286.234894,-0.862240
1876,286.252533,-0.868416
1877,286.288300,-0.869093
1878,286.353882,-0.865145
1879,286.278748,-0.860130
1880,286.358124,-0.860067
1881,286.391907,-0.860082
1882,286.279114,-0.857672
1883,286.195129,-0.862253
1884,285.976379,-0.862760
1885,285.850342,-0.864158
1886,285.914429,-0.863197
1887,286.056458,-0.857548
1888,286.049469,-0.864430
1889,286.062927,-0.869157
1890,286.013885,-0.873162
1891,286.111572,-0.870492
1892,286.133362,-0.869168
1893,286.248993,-0.868487
1894,286.241394,-0.871025
1895,286.215698,-0.872358
1896,286.295319,-0.875148
1897,286.272095,-0.875466
1898,286.183502,-0.872927
1899,286.210724,-0.861729
1900,286.281311,-0.844310
1901,286.313934,-0.828049
1902,286.424438,-0.815148
1903,286.204651,-0.802062
1904,286.143402,-0.789335
1905,286.114746,-0.773957
1906,286.332642,-0.761439
1907,286.328003,-0.752610
1908,286.374329,-0.751376
1909,286.202606,-0.748415
1910,286.318115,-0.741862
1911,286.308228,-0.738717
1912,286.269562,-0.731592
1913,286.271301,-0.719534
1914,286.312317,-0.700959
1915,286.372925,-0.693922
1916,286.402252,-0.690220
1917,286.443481,-0.691331
1918,286.442047,-0.684314
1919,286.444733,-0.671227
1920,286.475220,-0.652923
1921,286.487122,-0.641864
1922,286.398224,-0.633427
1923,286.286011,-0.626876
1924,286.330231,-0.615060
1925,286.412292,-0.604879
1926,286.389679,-0.592311
1927,286.485840,-0.580497
1928,286.545227,-0.572008
1929,286.767975,-0.563046
1930,286.492432,-0.558892
1931,286.424988,-0.556557
1932,286.391113,-0.556103
1933,286.415161,-0.556327
1934,286.536011,-0.549365
1935,286.663879,-0.541982
1936,286.664398,-0.542820
1937,286.581116,-0.543083
1938,286.570862,-0.539541
1939,286.557068,-0.531476
1940,286.623566,-0.529814
1941,286.685272,-0.525204
1942,286.623962,-0.522811
1943,286.525970,-0.519537
1944,286.581177,-0.521924
1945,286.497559,-0.515629
1946,286.472290,-0.510284
1947,286.457123,-0.508495
1948,286.435303,-0.511034
1949,286.653595,-0.515447
1950,286.696716,-0.517246
1951,286.461975,-0.525973
1952,286.390350,-0.526778
1953,286.392273,-0.528723
1954,286.572174,-0.529778
1955,286.462158,-0.533280
1956,286.527954,-0.532255
1957,286.557648,-0.526019
1958,286.643433,-0.523640
1959,286.696381,-0.523896
1960,286.681274,-0.524476
1961,286.585327,-0.522478
1962,286.444794,-0.513325
1963,286.338989,-0.504766
1964,286.403625,-0.503145
1965,286.609894,-0.495845
1966,286.402588,-0.484206
1967,286.556976,-0.469462
1968,286.512512,-0.453833
1969,286.525421,-0.445551
1970,286.518494,-0.440062
1971,286.716034,-0.432276
1972,286.811035,-0.420285
1973,286.597351,-0.408327
1974,286.573486,-0.398733
1975,286.480164,-0.389077
1976,286.532227,-0.384242
1977,286.731720,-0.379638
1978,286.692078,-0.364057
1979,286.702209,-0.351848
1980,286.915741,-0.338809
1981,286.811127,-0.311317
1982,286.832672,-0.291481
1983,286.861145,-0.272275
1984,286.820648,-0.251288
1985,286.626801,-0.226442
1986,286.761536,-0.210378
1987,286.917389,-0.195261
1988,287.002167,-0.171992
1989,286.984222,-0.147833
1990,286.970947,-0.115669
1991,286.730377,-0.087266
1992,286.582916,-0.068629
1993,286.806396,-0.046160
1994,286.769897,-0.018907
1995,287.001068,0.000005
1996,287.227356,0.028190
1997,287.152069,0.054859
1998,287.088684,0.081339
1999,287.155029,0.110013
2000,287.263855,0.148062
2001,287.197968,0.177898
2002,287.264557,0.200227
2003,287.295410,0.222450
2004,287.298248,0.247223
2005,287.445099,0.271926
2006,287.384308,0.306620
2007,287.290833,0.349189
2008,287.366150,0.381814
2009,287.519806,0.410435
2010,287.483093,0.432524
2011,287.656677,0.451567
2012,287.632751,0.475641
2013,287.655518,0.505910
2014,287.680878,0.537038
2015,287.768280,0.556798
2016,287.656616,0.583339
2017,287.587250,0.603573
2018,287.668854,0.628698
2019,287.727417,0.655173
2020,287.712036,0.676796
2021,287.771210,0.697310
2022,287.859985,0.722664
2023,287.785126,0.746108
2024,287.628540,0.767309
2025,287.663727,0.787613
2026,287.798645,0.811700
2027,287.874298,0.838888
2028,287.996765,0.860018
2029,288.088867,0.884395
2030,287.856659,0.904879
2031,287.994202,0.925141
2032,287.871552,0.947792
2033,288.049164,0.972512
2034,288.092499,0.993437
2035,288.093811,1.014008
2036,287.999725,1.036502
2037,288.051453,1.053927
2038,288.069458,1.074570
2039,288.155823,1.103902
2040,288.092224,1.140744
2041,288.379303,1.166926
2042,288.448364,1.189913
2043,288.289429,1.212599
2044,288.412201,1.238364
2045,288.382782,1.265607
2046,288.264496,1.290600
2047,288.266754,1.320126
2048,288.410461,1.344927
2049,288.355164,1.366857
2050,288.329163,1.395265
2051,288.446045,1.422458
2052,288.382721,1.450893
2053,288.404419,1.482027
2054,288.508514,1.510862
2055,288.768982,1.538251
2056,288.584106,1.558105
2057,288.563904,1.572557
2058,288.677338,1.600951
2059,288.861816,1.630698
2060,288.673950,1.661198
2061,288.743988,1.697183
2062,288.757355,1.733451
2063,288.793182,1.763403
2064,288.750397,1.798634
2065,288.946045,1.832487
2066,288.815521,1.865242
2067,288.904510,1.905554
2068,289.003479,1.940291
2069,289.020874,1.973967
2070,288.913879,2.001248
2071,288.974945,2.040052
2072,288.881897,2.077833
2073,289.141266,2.111627
2074,289.304596,2.144046
2075,289.297791,2.182888
2076,289.344055,2.217450
2077,289.354797,2.244714
2078,289.309021,2.277170
2079,289.412079,2.311612
2080,289.344757,2.346803
2081,289.428680,2.384553
2082,289.592102,2.413728
2083,289.446533,2.435540
2084,289.518799,2.461524
2085,289.587402,2.494624
2086,289.748230,2.529037
2087,289.697327,2.567517
2088,289.691162,2.598317
2089,289.834381,2.624638
2090,289.839203,2.652152
2091,289.780853,2.679089
2092,289.575287,2.706634
2093,289.766846,2.736670
2094,289.783661,2.764236
2095,290.001770,2.795012
2096,289.948029,2.823956
2097,289.779755,2.848418
2098,289.657837,2.878699
2099,289.800385,2.907535
2100,289.906891,2.935051
