giss-e2-r-cc,1875,2100,rcp45,global tas,K
1875,287.469635,-0.724960
1876,287.412415,-0.724346
1877,287.510254,-0.723161
1878,287.470642,-0.720985
1879,287.482117,-0.713658
1880,287.485687,-0.709846
1881,287.455322,-0.710186
1882,287.588928,-0.705695
1883,287.527985,-0.701837
1884,287.196899,-0.701182
1885,287.139008,-0.701001
1886,287.242096,-0.698051
1887,287.161194,-0.695653
1888,287.279480,-0.696986
1889,287.407715,-0.695746
1890,287.320038,-0.696761
1891,287.479187,-0.692667
1892,287.507660,-0.692692
1893,287.472778,-0.696058
1894,287.582184,-0.691123
1895,287.548828,-0.687264
1896,287.494019,-0.683345
1897,287.638245,-0.682874
1898,287.540649,-0.681024
1899,287.566162,-0.669216
1900,287.526672,-0.656147
1901,287.553864,-0.644566
1902,287.534363,-0.632935
1903,287.381958,-0.624853
1904,287.396942,-0.616622
1905,287.439178,-0.610525
1906,287.535248,-0.606607
1907,287.509491,-0.605375
1908,287.369659,-0.598754
1909,287.630157,-0.595120
1910,287.601471,-0.593664
1911,287.572906,-0.592212
1912,287.603058,-0.588479
1913,287.583466,-0.582728
1914,287.551147,-0.576860
1915,287.531067,-0.572136
1916,287.589539,-0.566389
1917,287.510132,-0.561667
1918,287.521912,-0.555781
1919,287.654663,-0.552132
1920,287.502930,-0.545047
1921,287.596741,-0.541047
1922,287.544617,-0.536971
1923,287.671417,-0.526356
1924,287.691193,-0.522706
1925,287.592529,-0.520444
1926,287.537567,-0.517747
1927,287.750244,-0.514073
1928,287.713165,-0.510795
1929,287.742218,-0.507902
1930,287.668365,-0.503133
1931,287.726288,-0.499853
1932,287.676025,-0.493035
1933,287.558533,-0.487128
1934,287.506409,-0.484490
1935,287.651733,-0.476002
1936,287.655243,-0.470478
1937,287.631775,-0.463713
1938,287.688110,-0.461126
1939,287.739655,-0.458310
1940,287.669342,-0.450557
1941,287.653809,-0.440808
1942,287.713287,-0.438493
1943,287.681793,-0.436889
1944,287.637939,-0.434566
1945,287.674133,-0.426828
1946,287.687958,-0.419826
1947,287.714661,-0.413994
1948,287.699127,-0.405586
1949,287.733795,-0.404086
1950,287.757568,-0.409289
1951,287.762451,-0.410848
1952,287.747589,-0.410011
1953,287.749023,-0.410294
1954,287.775665,-0.411470
1955,287.825104,-0.407589
1956,287.830048,-0.404410
1957,287.819702,-0.402838
1958,287.761292,-0.399395
1959,287.811890,-0.393632
1960,287.900513,-0.389382
1961,287.936340,-0.385333
1962,287.850983,-0.380204
1963,287.810791,-0.374369
1964,287.551392,-0.366396
1965,287.495667,-0.360491
1966,287.608459,-0.352823
1967,287.656891,-0.348264
1968,287.679626,-0.349353
1969,287.704376,-0.348565
1970,287.785767,-0.348167
1971,287.749176,-0.343539
1972,287.760437,-0.336612
1973,287.785095,-0.325094
1974,287.810822,-0.318148
1975,287.801636,-0.312956
1976,287.809418,-0.311285
1977,287.868530,-0.311333
1978,287.874176,-0.309479
1979,287.972992,-0.295218
1980,287.934723,-0.273877
1981,287.992493,-0.258052
1982,287.884369,-0.241965
1983,287.716339,-0.223888
1984,287.799316,-0.204269
1985,287.837036,-0.186349
1986,287.968872,-0.166213
1987,288.027527,-0.142340
1988,288.106842,-0.126688
1989,288.020264,-0.112730
1990,288.056274,-0.093246
1991,287.986450,-0.074181
1992,287.849548,-0.053983
1993,287.866425,-0.035718
1994,287.979218,-0.018440
1995,288.135895,0.000004
1996,288.083221,0.015075
1997,288.139496,0.034077
1998,288.221924,0.059576
1999,288.292938,0.082013
2000,288.323364,0.103710
2001,288.353271,0.123399
2002,288.476624,0.140932
2003,288.254669,0.157764
2004,288.229553,0.177609
2005,288.386139,0.198005
2006,288.381378,0.218896
2007,288.474487,0.246517
2008,288.422119,0.273230
2009,288.491333,0.297941
2010,288.488037,0.321675
2011,288.444611,0.345603
2012,288.454437,0.365554
2013,288.481323,0.385805
2014,288.472412,0.404863
2015,288.487946,0.421601
2016,288.559540,0.435560
2017,288.553528,0.447045
2018,288.611786,0.465630
2019,288.615631,0.488063
2020,288.668152,0.507104
2021,288.613190,0.520893
2022,288.678162,0.537204
2023,288.667816,0.554915
2024,288.720551,0.570396
2025,288.847900,0.587702
2026,288.801086,0.606146
2027,288.738007,0.626170
2028,288.829468,0.644806
2029,288.864685,0.662695
2030,288.825500,0.677952
2031,288.772034,0.695077
2032,288.821167,0.713179
2033,288.812225,0.728012
2034,288.902527,0.744303
2035,288.957367,0.757484
2036,288.795074,0.776434
2037,288.963806,0.790746
2038,288.953461,0.805412
2039,288.955750,0.821065
2040,289.007233,0.833515
2041,288.997925,0.845049
2042,289.055145,0.860665
2043,289.040405,0.873467
2044,289.009094,0.885780
2045,288.945648,0.900270
2046,289.073273,0.914537
2047,289.096588,0.926085
2048,289.056793,0.937880
2049,289.104370,0.948316
2050,289.063568,0.956782
2051,289.181702,0.969180
2052,289.107513,0.974707
2053,289.107788,0.980294
2054,289.190155,0.984124
2055,289.221405,0.988292
2056,289.147095,0.994010
2057,289.206482,0.999861
2058,289.213531,1.006707
2059,289.234070,1.013919
2060,289.260193,1.025580
2061,289.200043,1.031638
2062,289.167633,1.036098
2063,289.166077,1.042983
2064,289.215607,1.048723
2065,289.211334,1.055622
2066,289.167023,1.056375
2067,289.129608,1.059029
2068,289.121063,1.064028
2069,289.070648,1.069263
2070,289.132294,1.073940
2071,289.169464,1.078368
2072,289.230652,1.084387
2073,289.245789,1.088902
2074,289.225464,1.091100
2075,289.295471,1.094097
2076,289.255005,1.097431
2077,289.230408,1.101768
2078,289.263336,1.105758
2079,289.276581,1.106530
2080,289.270538,1.109288
2081,289.204285,1.114082
2082,289.187134,1.120933
2083,289.257751,1.128149
2084,289.347198,1.138444
2085,289.361725,1.147827
2086,289.279938,1.154198
2087,289.387054,1.158682
2088,289.348969,1.162815
2089,289.300018,1.167778
2090,289.350098,1.170561
2091,289.300079,1.174847
2092,289.297729,1.180105
2093,289.285767,1.184419
2094,289.238770,1.188445
2095,289.294067,1.192825
2096,289.310852,1.199567
2097,289.335144,1.207034
2098,289.337555,1.212300
2099,289.379486,1.214738
2100,289.413788,1.216845
