bcc-csm1-1,1875,2300,rcp85,global tas,K
1875,287.136414,-0.930435
1876,287.082214,-0.938060
1877,287.119110,-0.944261
1878,286.962006,-0.938894
1879,287.124329,-0.935939
1880,287.179718,-0.930367
1881,287.156799,-0.925514
1882,287.161743,-0.922875
1883,287.067169,-0.917460
1884,286.571075,-0.912528
1885,286.796722,-0.911625
1886,286.760040,-0.913049
1887,286.900024,-0.911988
1888,286.821930,-0.926363
1889,286.783936,-0.940970
1890,286.922882,-0.953470
1891,286.659332,-0.960725
1892,286.784576,-0.968377
1893,286.872498,-0.973274
1894,286.982269,-0.981031
1895,287.049408,-0.993976
1896,286.964691,-1.005566
1897,287.029663,-1.016664
1898,287.078369,-1.026077
1899,287.129639,-1.016515
1900,287.067108,-1.010996
1901,287.078278,-1.002836
1902,287.086365,-0.999392
1903,286.663483,-0.993422
1904,286.658081,-0.985858
1905,286.761414,-0.976408
1906,286.864563,-0.963794
1907,286.889557,-0.953058
1908,286.815094,-0.947210
1909,286.891602,-0.943283
1910,286.791382,-0.938133
1911,286.809082,-0.932687
1912,286.828827,-0.921469
1913,286.784760,-0.916590
1914,286.857941,-0.916563
1915,286.962280,-0.916178
1916,287.004852,-0.908685
1917,287.003357,-0.904923
1918,287.001007,-0.884776
1919,287.010864,-0.866355
1920,287.206390,-0.851357
1921,287.037750,-0.843017
1922,287.106659,-0.831655
1923,287.047943,-0.816799
1924,287.100067,-0.807275
1925,287.203918,-0.794691
1926,287.128052,-0.782400
1927,287.366211,-0.770565
1928,287.224731,-0.756891
1929,287.130463,-0.745057
1930,287.078644,-0.736302
1931,287.303070,-0.728897
1932,287.199219,-0.721341
1933,287.267914,-0.715109
1934,287.210693,-0.706585
1935,287.211365,-0.709410
1936,287.114777,-0.706231
1937,287.230408,-0.703032
1938,287.260773,-0.696368
1939,287.177307,-0.694430
1940,287.168915,-0.694730
1941,287.177795,-0.692939
1942,287.183899,-0.697314
1943,287.194977,-0.695098
1944,287.212952,-0.692311
1945,287.224945,-0.686456
1946,287.226990,-0.691363
1947,287.230042,-0.687323
1948,287.187958,-0.693183
1949,287.266602,-0.703087
1950,287.121643,-0.709934
1951,287.133118,-0.710868
1952,287.202606,-0.712723
1953,287.247864,-0.716082
1954,287.158234,-0.717051
1955,287.194916,-0.718092
1956,287.181763,-0.716621
1957,287.234955,-0.715739
1958,287.291229,-0.713357
1959,287.214081,-0.705098
1960,287.254272,-0.703372
1961,287.155884,-0.698284
1962,287.320404,-0.694358
1963,287.092102,-0.691431
1964,286.913574,-0.685033
1965,287.005951,-0.677073
1966,287.086761,-0.664092
1967,287.174774,-0.655372
1968,287.160004,-0.650058
1969,287.148224,-0.638031
1970,287.137695,-0.627216
1971,287.221924,-0.609314
1972,287.210358,-0.593382
1973,287.266449,-0.576854
1974,287.460693,-0.555307
1975,287.276733,-0.532053
1976,287.379639,-0.506440
1977,287.347809,-0.498331
1978,287.275787,-0.478717
1979,287.458527,-0.450177
1980,287.360443,-0.425461
1981,287.522552,-0.397429
1982,287.464203,-0.370304
1983,287.407288,-0.343792
1984,287.519043,-0.315577
1985,287.519379,-0.285936
1986,287.718811,-0.258371
1987,287.712921,-0.227886
1988,287.787048,-0.202237
1989,287.860504,-0.181341
1990,287.951904,-0.154432
1991,287.924255,-0.128083
1992,287.563690,-0.097048
1993,287.680511,-0.060906
1994,287.769775,-0.032271
1995,287.747437,-0.000014
1996,287.927704,0.026977
1997,287.988525,0.051925
1998,287.955383,0.081003
1999,287.994659,0.104344
2000,288.026917,0.130074
2001,288.048889,0.148763
2002,288.124908,0.171111
2003,288.035919,0.193192
2004,288.087585,0.216467
2005,288.083984,0.236473
2006,288.170105,0.251407
2007,288.278870,0.277537
2008,288.360046,0.308455
2009,288.317566,0.334569
2010,288.328156,0.358530
2011,288.332275,0.380116
2012,288.212646,0.402310
2013,288.279633,0.426881
2014,288.219269,0.448616
2015,288.291290,0.471094
2016,288.279480,0.489862
2017,288.383362,0.509905
2018,288.449463,0.534421
2019,288.558777,0.563152
2020,288.552063,0.593038
2021,288.372284,0.617267
2022,288.347595,0.640644
2023,288.608063,0.664859
2024,288.553192,0.693321
2025,288.466248,0.720725
2026,288.575287,0.747122
2027,288.654358,0.779530
2028,288.692505,0.807355
2029,288.646698,0.838434
2030,288.701263,0.869875
2031,288.611938,0.904773
2032,288.726196,0.934612
2033,288.771393,0.965068
2034,288.949524,0.993337
2035,288.980560,1.024319
2036,288.896973,1.060069
2037,288.980194,1.097063
2038,289.086487,1.131172
2039,289.171417,1.168602
2040,289.150299,1.211146
2041,289.124176,1.246692
2042,289.184875,1.281460
2043,289.114380,1.319298
2044,289.151642,1.361911
2045,289.234528,1.405017
2046,289.326416,1.449893
2047,289.278534,1.495286
2048,289.363129,1.545163
2049,289.406860,1.589919
2050,289.481537,1.634149
2051,289.444763,1.686383
2052,289.457428,1.736765
2053,289.631317,1.778714
2054,289.676086,1.818972
2055,289.742584,1.861718
2056,289.641663,1.906340
2057,289.697388,1.952432
2058,289.827667,2.000127
2059,289.925079,2.042603
2060,289.994446,2.085020
2061,289.958221,2.130394
2062,290.087982,2.176959
2063,290.267700,2.220026
2064,290.292206,2.265515
2065,290.307465,2.308768
2066,290.463989,2.356220
2067,290.491638,2.402335
2068,290.344971,2.443321
2069,290.379150,2.486282
2070,290.432678,2.527451
2071,290.462860,2.570773
2072,290.567627,2.616899
2073,290.545227,2.661418
2074,290.425903,2.707740
2075,290.507050,2.750717
2076,290.687622,2.799619
2077,290.675507,2.844022
2078,290.655121,2.881977
2079,290.771545,2.920858
2080,290.779114,2.960572
2081,290.868317,2.992409
2082,290.840881,3.027111
2083,290.860901,3.071220
2084,290.964935,3.114631
2085,290.977631,3.158155
2086,290.941345,3.201336
2087,291.081146,3.241250
2088,291.163239,3.282779
2089,291.314758,3.332409
2090,291.283752,3.379894
2091,291.425293,3.429434
2092,291.420044,3.475580
2093,291.406372,3.521992
2094,291.458618,3.564817
2095,291.498901,3.608930
2096,291.419098,3.653743
2097,291.532684,3.700165
2098,291.668243,3.740863
2099,291.681488,3.783807
2100,291.738403,3.826645
2101,291.758270,3.869438
2102,291.765045,3.910825
2103,291.791107,3.953672
2104,291.914795,3.992275
2105,291.931610,4.033875
2106,292.173828,4.072074
2107,292.059875,4.112255
2108,292.047485,4.151557
2109,292.056305,4.192673
2110,292.102509,4.235244
2111,292.212677,4.280716
2112,292.233551,4.325316
2113,292.081848,4.364953
2114,292.253265,4.405188
2115,292.262756,4.447058
2116,292.225128,4.484221
2117,292.322754,4.524661
2118,292.448669,4.564087
2119,292.472839,4.599996
2120,292.531769,4.632696
2121,292.571259,4.659051
2122,292.625458,4.691795
2123,292.585449,4.724730
2124,292.692078,4.758327
2125,292.776031,4.792314
2126,292.783264,4.822390
2127,292.870697,4.855144
2128,292.857330,4.895157
2129,292.888550,4.928952
2130,292.994507,4.961175
2131,292.873169,5.003067
2132,292.978241,5.040628
2133,292.973877,5.071861
2134,292.992065,5.103769
2135,292.912598,5.132699
2136,292.964508,5.158442
2137,293.042175,5.188125
2138,293.035553,5.219402
2139,293.064209,5.249267
2140,293.122101,5.279427
2141,293.114960,5.312782
2142,293.216187,5.344111
2143,293.282227,5.370961
2144,293.267120,5.401724
2145,293.229462,5.429539
2146,293.481873,5.462853
2147,293.449585,5.494273
2148,293.385651,5.524223
2149,293.430084,5.554169
2150,293.399689,5.586225
2151,293.343536,5.622847
2152,293.515930,5.655553
2153,293.523773,5.689783
2154,293.588013,5.727289
2155,293.680847,5.761090
2156,293.783905,5.797055
2157,293.810577,5.834311
2158,293.662811,5.869136
2159,293.811462,5.900180
2160,293.828949,5.936452
2161,293.872589,5.965734
2162,293.920837,5.998389
2163,293.872375,6.030627
2164,293.890442,6.062390
2165,293.874268,6.097595
2166,294.063171,6.138011
2167,294.023376,6.175317
2168,294.062439,6.209341
2169,294.189392,6.242296
2170,294.136139,6.270899
2171,294.193909,6.294457
2172,294.333862,6.324143
2173,294.326996,6.358143
2174,294.198425,6.386934
2175,294.317627,6.418200
2176,294.360321,6.448179
2177,294.429230,6.476724
2178,294.352814,6.507325
2179,294.382965,6.537828
2180,294.455841,6.569009
2181,294.556000,6.593917
2182,294.635132,6.624077
2183,294.544464,6.655421
2184,294.576691,6.680015
2185,294.538940,6.708288
2186,294.490631,6.735680
2187,294.701172,6.757437
2188,294.682800,6.780231
2189,294.675201,6.808761
2190,294.766907,6.831534
2191,294.771973,6.852905
2192,294.777191,6.874246
2193,294.790405,6.901286
2194,294.805542,6.930772
2195,294.809692,6.952833
2196,294.810394,6.971474
2197,294.928192,6.992092
2198,295.002747,7.015783
2199,294.927216,7.039009
2200,294.984314,7.062648
2201,295.015686,7.089569
2202,294.986572,7.108649
2203,295.010803,7.126749
2204,295.054321,7.147145
2205,295.000824,7.166829
2206,295.001465,7.184853
2207,295.069458,7.206254
2208,295.164001,7.227645
2209,295.267548,7.247286
2210,295.117676,7.266742
2211,295.115234,7.287016
2212,295.253662,7.301494
2213,295.255188,7.314637
2214,295.273468,7.332556
2215,295.248138,7.350103
2216,295.298248,7.365079
2217,295.273560,7.377409
2218,295.225800,7.393212
2219,295.287079,7.409832
2220,295.357422,7.429544
2221,295.312714,7.450422
2222,295.419220,7.466173
2223,295.432129,7.478263
2224,295.394775,7.490170
2225,295.393372,7.507064
2226,295.418610,7.527438
2227,295.362549,7.543093
2228,295.397034,7.557092
2229,295.464783,7.569693
2230,295.510712,7.582181
2231,295.464966,7.594865
2232,295.356476,7.605979
2233,295.484894,7.620797
2234,295.552917,7.637516
2235,295.592194,7.647843
2236,295.627808,7.660890
2237,295.541992,7.669998
2238,295.526703,7.680722
2239,295.624756,7.693447
2240,295.624481,7.705488
2241,295.726471,7.711467
2242,295.723297,7.723472
2243,295.675171,7.732901
2244,295.651489,7.741956
2245,295.622772,7.750680
2246,295.678772,7.764313
2247,295.606995,7.777711
2248,295.670319,7.789019
2249,295.788666,7.798080
2250,295.667236,7.805260
2251,295.704102,7.811619
2252,295.692474,7.821838
2253,295.753845,7.830480
2254,295.776520,7.835291
2255,295.754608,7.838223
2256,295.597992,7.842023
2257,295.722687,7.846418
2258,295.679901,7.851468
2259,295.736420,7.857039
2260,295.772461,7.866237
2261,295.873932,7.870417
2262,295.758423,7.877253
2263,295.824127,7.882597
2264,295.824768,7.885147
2265,295.807587,7.889633
2266,295.818573,7.892626
2267,295.848572,7.899418
2268,295.785950,7.902968
2269,295.769104,7.908018
2270,295.712433,7.912135
2271,295.840454,7.922523
2272,295.855164,7.931424
2273,295.826660,7.942019
2274,295.818634,7.948472
2275,295.898712,7.957858
2276,295.804169,7.963046
2277,295.812073,7.971273
2278,295.830627,7.977124
2279,295.865173,7.983409
2280,295.801819,7.990531
2281,295.793884,7.995521
2282,295.896240,7.997783
2283,295.860352,8.003074
2284,295.928009,8.010294
2285,295.878113,8.021136
2286,295.909637,8.027575
2287,295.989716,8.033775
2288,295.997742,8.041176
2289,295.930023,8.049094
2290,296.054047,8.054594
2291,296.029572,8.063496
2292,296.005219,8.072385
2293,295.999664,8.080906
2294,296.013336,8.088526
2295,296.021240,8.098509
2296,295.968262,8.109006
2297,295.916443,8.116343
2298,295.944672,8.125126
2299,295.985687,8.131905
2300,296.037720,8.140597
