cesm1-cam5,1875,2300,rcp60,global tas,K
1875,286.254822,-0.559343
1876,286.245026,-0.558941
1877,286.147919,-0.559873
1878,286.228882,-0.571970
1879,286.424744,-0.578049
1880,286.253845,-0.575667
1881,286.275940,-0.572010
1882,286.310608,-0.570522
1883,286.266785,-0.570490
1884,285.888916,-0.576559
1885,285.973480,-0.582530
1886,286.109680,-0.590457
1887,286.032623,-0.598192
1888,286.043549,-0.614616
1889,286.113770,-0.623417
1890,286.240417,-0.623393
1891,286.213013,-0.622882
1892,286.230316,-0.622444
1893,286.106903,-0.623360
1894,286.210419,-0.629819
1895,286.272522,-0.626468
1896,286.228485,-0.630769
1897,286.263519,-0.634548
1898,286.288879,-0.640932
1899,286.224792,-0.633044
1900,286.263763,-0.619922
1901,286.131134,-0.609675
1902,286.172607,-0.597824
1903,285.894775,-0.587446
1904,285.983154,-0.583787
1905,286.255554,-0.582328
1906,286.260345,-0.576137
1907,286.161072,-0.569805
1908,286.201385,-0.561205
1909,286.230988,-0.557972
1910,286.354370,-0.555339
1911,286.146912,-0.545593
1912,286.197235,-0.540121
1913,286.075256,-0.534948
1914,286.125549,-0.532563
1915,286.367157,-0.531049
1916,286.417084,-0.522338
1917,286.388153,-0.517393
1918,286.354889,-0.502641
1919,286.223541,-0.487546
1920,286.284180,-0.481896
1921,286.398743,-0.481886
1922,286.420288,-0.478428
1923,286.364899,-0.472728
1924,286.307404,-0.465221
1925,286.351532,-0.463887
1926,286.520844,-0.459841
1927,286.427673,-0.458748
1928,286.444092,-0.449341
1929,286.296326,-0.438967
1930,286.309204,-0.436429
1931,286.392456,-0.440284
1932,286.320953,-0.445209
1933,286.337341,-0.448780
1934,286.436005,-0.441935
1935,286.425049,-0.435518
1936,286.260651,-0.437512
1937,286.264801,-0.440228
1938,286.372375,-0.437126
1939,286.456207,-0.433090
1940,286.394409,-0.432592
1941,286.268280,-0.441153
1942,286.230011,-0.443583
1943,286.357483,-0.444276
1944,286.436768,-0.438522
1945,286.443298,-0.431796
1946,286.301422,-0.433560
1947,286.240417,-0.431478
1948,286.247742,-0.430864
1949,286.428894,-0.436003
1950,286.476685,-0.437064
1951,286.338928,-0.431924
1952,286.338806,-0.427435
1953,286.457977,-0.428732
1954,286.428467,-0.431315
1955,286.366486,-0.429623
1956,286.264008,-0.422700
1957,286.354767,-0.412498
1958,286.423309,-0.404698
1959,286.468933,-0.398040
1960,286.510986,-0.396059
1961,286.339539,-0.387355
1962,286.383423,-0.377774
1963,286.355743,-0.367734
1964,286.281860,-0.359873
1965,286.393219,-0.351903
1966,286.414825,-0.333970
1967,286.399475,-0.321475
1968,286.333466,-0.319848
1969,286.378723,-0.314999
1970,286.445160,-0.308705
1971,286.475983,-0.298501
1972,286.536072,-0.285856
1973,286.591492,-0.276861
1974,286.636505,-0.274520
1975,286.502716,-0.274038
1976,286.562561,-0.265904
1977,286.527832,-0.259439
1978,286.548950,-0.251413
1979,286.664703,-0.244673
1980,286.715790,-0.240667
1981,286.876923,-0.229685
1982,286.713654,-0.218014
1983,286.506805,-0.198189
1984,286.573914,-0.177483
1985,286.555328,-0.165885
1986,286.570129,-0.150086
1987,286.734100,-0.132095
1988,286.693176,-0.119570
1989,286.539154,-0.108708
1990,286.525452,-0.088880
1991,286.583557,-0.071313
1992,286.577362,-0.053686
1993,286.596527,-0.034244
1994,286.484070,-0.017728
1995,286.513397,-0.000013
1996,286.744263,0.010310
1997,286.749634,0.023117
1998,286.928192,0.045003
1999,286.999908,0.069659
2000,286.793091,0.098688
2001,286.949951,0.121829
2002,287.075806,0.138676
2003,286.967255,0.161550
2004,286.962372,0.195335
2005,287.097534,0.229362
2006,287.089569,0.257727
2007,287.056671,0.282347
2008,287.132202,0.312977
2009,287.160187,0.345862
2010,287.247223,0.378246
2011,287.186615,0.404930
2012,287.097870,0.436065
2013,287.163391,0.458502
2014,287.313599,0.478365
2015,287.426178,0.507603
2016,287.264374,0.533541
2017,287.239502,0.554678
2018,287.379395,0.574253
2019,287.552704,0.595063
2020,287.546265,0.616121
2021,287.434509,0.638099
2022,287.315948,0.662195
2023,287.515442,0.687589
2024,287.470612,0.717723
2025,287.484924,0.742805
2026,287.544769,0.766604
2027,287.683685,0.796171
2028,287.601318,0.823707
2029,287.595795,0.849033
2030,287.670227,0.867062
2031,287.728088,0.888552
2032,287.709930,0.916639
2033,287.554504,0.942229
2034,287.586670,0.963165
2035,287.729279,0.985011
2036,287.748901,1.007578
2037,287.779541,1.032969
2038,287.894012,1.053813
2039,288.064209,1.081684
2040,287.999695,1.110500
2041,287.900574,1.131438
2042,287.984894,1.149481
2043,287.989471,1.177417
2044,288.073364,1.210881
2045,287.967072,1.233527
2046,287.909058,1.255274
2047,288.082123,1.279000
2048,288.147095,1.315084
2049,288.180786,1.351858
2050,288.201630,1.383388
2051,288.111511,1.413978
2052,288.077698,1.442582
2053,288.140747,1.469831
2054,288.306763,1.493185
2055,288.349396,1.520201
2056,288.172913,1.558013
2057,288.224976,1.592158
2058,288.439392,1.617316
2059,288.599701,1.642258
2060,288.349609,1.676889
2061,288.380524,1.715668
2062,288.421692,1.750691
2063,288.637024,1.786259
2064,288.689880,1.817993
2065,288.675201,1.851783
2066,288.666595,1.895138
2067,288.637665,1.940943
2068,288.711487,1.975849
2069,288.764832,2.009766
2070,288.810150,2.044477
2071,289.034943,2.092136
2072,289.009247,2.136264
2073,288.744202,2.173338
2074,288.821625,2.208892
2075,289.006012,2.256024
2076,289.072418,2.295973
2077,289.132812,2.333320
2078,289.214142,2.368208
2079,289.132812,2.406436
2080,289.215332,2.440518
2081,289.412140,2.475612
2082,289.451874,2.513724
2083,289.187927,2.554223
2084,289.324249,2.592838
2085,289.390747,2.624217
2086,289.602661,2.648678
2087,289.548828,2.672954
2088,289.551605,2.708621
2089,289.666321,2.747181
2090,289.763580,2.777610
2091,289.578979,2.800385
2092,289.542114,2.819304
2093,289.683655,2.845010
2094,289.836731,2.877383
2095,289.697662,2.899473
2096,289.719421,2.913564
2097,289.781006,2.928668
2098,289.926453,2.959013
2099,289.923279,2.986749
2100,289.751526,3.007802
2101,289.768768,3.025623
2102,289.737549,3.043780
2103,289.814209,3.057195
2104,289.978424,3.066577
2105,289.918884,3.074497
2106,289.755676,3.090928
2107,289.700378,3.107929
2108,289.985321,3.126498
2109,290.104004,3.146206
2110,289.878021,3.161315
2111,289.834869,3.177402
2112,289.904999,3.197011
2113,290.098267,3.212566
2114,290.156342,3.223606
2115,290.022339,3.242175
2116,290.137268,3.257822
2117,290.093536,3.277827
2118,289.954071,3.297476
2119,289.947784,3.314786
2120,290.001160,3.333852
2121,290.071930,3.353674
2122,290.052155,3.376435
2123,290.240723,3.392433
2124,290.427948,3.407285
2125,290.150940,3.423754
2126,290.202026,3.440944
2127,290.369293,3.464020
2128,290.393097,3.479429
2129,290.254486,3.486542
2130,290.308594,3.504333
2131,290.238159,3.523352
2132,290.337708,3.535629
2133,290.403687,3.551921
2134,290.497711,3.571972
2135,290.490875,3.590989
2136,290.350342,3.602587
2137,290.383209,3.617859
2138,290.465240,3.635611
2139,290.549591,3.647296
2140,290.372070,3.661823
2141,290.350586,3.676806
2142,290.597260,3.690462
2143,290.560547,3.702037
2144,290.369720,3.711418
2145,290.556091,3.722895
2146,290.707825,3.737865
2147,290.461853,3.745727
2148,290.442810,3.751082
2149,290.549316,3.760398
2150,290.571686,3.770922
2151,290.419861,3.783509
2152,290.510315,3.797916
2153,290.773285,3.813354
2154,290.778503,3.821906
2155,290.586731,3.834333
2156,290.651520,3.845778
2157,290.778992,3.855378
2158,290.740326,3.869940
2159,290.535919,3.885544
2160,290.652924,3.890145
2161,290.687256,3.892661
2162,290.573547,3.907940
2163,290.564362,3.922172
2164,290.777191,3.924044
2165,290.806580,3.924828
2166,290.727966,3.935027
2167,290.815399,3.948639
2168,290.928406,3.948124
2169,290.806122,3.943346
2170,290.744904,3.948184
2171,290.693939,3.955369
2172,290.885254,3.962995
2173,290.997406,3.970943
2174,290.837830,3.977396
2175,290.694122,3.982115
2176,290.783295,3.993027
2177,290.920227,4.008784
2178,290.869781,4.016725
2179,290.605469,4.014600
2180,290.595215,4.018731
2181,290.725830,4.031441
2182,290.918671,4.037027
2183,290.757843,4.035457
2184,290.635162,4.040301
2185,290.731873,4.050889
2186,290.867065,4.062651
2187,291.007782,4.074547
2188,290.978760,4.081436
2189,290.729492,4.087049
2190,290.794495,4.096003
2191,291.014618,4.111187
2192,291.046265,4.122114
2193,290.802582,4.135572
2194,290.713440,4.156178
2195,290.930511,4.175360
2196,291.109283,4.185794
2197,290.982971,4.196403
2198,290.881317,4.211652
2199,290.951447,4.221355
2200,291.062531,4.227366
2201,291.046783,4.237072
2202,291.242157,4.248024
2203,291.204071,4.255800
2204,291.006226,4.271423
2205,290.962738,4.285295
2206,291.238800,4.288634
2207,291.248047,4.296082
2208,291.273529,4.311214
2209,291.223633,4.324518
2210,291.170685,4.332578
2211,291.038849,4.343986
2212,291.236938,4.357812
2213,291.215302,4.376706
2214,290.926270,4.387113
2215,290.912201,4.392419
2216,291.158234,4.404543
2217,291.336365,4.409977
2218,291.212036,4.415450
2219,291.198181,4.428267
2220,291.210632,4.441237
2221,291.114807,4.445654
2222,291.269684,4.450276
2223,291.256561,4.448893
2224,291.112549,4.451840
2225,291.172302,4.457231
2226,291.451538,4.469321
2227,291.397766,4.474738
2228,291.448120,4.480000
2229,291.263641,4.491437
2230,291.221741,4.505898
2231,291.410492,4.516029
2232,291.405182,4.520505
2233,291.368256,4.529423
2234,291.390717,4.538731
2235,291.351868,4.549975
2236,291.371307,4.561821
2237,291.386688,4.560359
2238,291.232056,4.563032
2239,291.312042,4.576652
2240,291.332397,4.593623
2241,291.401550,4.602732
2242,291.399445,4.605414
2243,291.373169,4.602602
2244,291.269379,4.606558
2245,291.346039,4.617168
2246,291.462158,4.625374
2247,291.470642,4.634669
2248,291.479584,4.640210
2249,291.477417,4.646250
2250,291.547974,4.656873
2251,291.470154,4.663791
2252,291.225861,4.666941
2253,291.336731,4.680685
2254,291.521149,4.692186
2255,291.681427,4.697843
2256,291.724823,4.703166
2257,291.478210,4.711543
2258,291.363770,4.718737
2259,291.382324,4.721433
2260,291.540039,4.722788
2261,291.656677,4.729360
2262,291.684021,4.737410
2263,291.534485,4.740354
2264,291.571930,4.741426
2265,291.670532,4.744005
2266,291.578857,4.750982
2267,291.481201,4.768301
2268,291.644348,4.776223
2269,291.657104,4.777507
2270,291.502075,4.771421
2271,291.561279,4.768337
2272,291.650726,4.780640
2273,291.588989,4.790820
2274,291.350250,4.793981
2275,291.386719,4.795726
2276,291.659302,4.799657
2277,291.712128,4.804213
2278,291.567902,4.806511
2279,291.509583,4.806966
2280,291.625366,4.804726
2281,291.679443,4.808800
2282,291.745422,4.817738
2283,291.574402,4.818511
2284,291.559692,4.816133
2285,291.498840,4.825552
2286,291.632294,4.830482
2287,291.847290,4.832612
2288,291.669189,4.836979
2289,291.477142,4.849484
2290,291.592407,4.860954
2291,291.774597,4.863517
2292,291.820679,4.864500
2293,291.603455,4.870471
2294,291.585571,4.878565
2295,291.603333,4.882980
2296,291.701080,4.885773
2297,291.749329,4.886546
2298,291.667542,4.893200
2299,291.585785,4.900525
2300,291.784607,4.910058
