cnrm-cm5,1875,2300,rcp85,global tas,K
1875,286.531250,-0.671828
1876,286.416656,-0.678134
1877,286.480316,-0.675015
1878,286.574097,-0.664593
1879,286.475342,-0.660275
1880,286.593964,-0.661659
1881,286.534729,-0.655356
1882,286.736633,-0.644723
1883,286.379944,-0.634405
1884,285.863373,-0.623434
1885,286.046661,-0.608319
1886,286.137390,-0.592430
1887,286.401215,-0.580114
1888,286.512451,-0.575627
1889,286.512085,-0.575069
1890,286.381165,-0.575283
1891,286.331177,-0.572678
1892,286.518066,-0.569484
1893,286.709778,-0.563017
1894,286.538544,-0.560353
1895,286.572083,-0.556558
1896,286.717834,-0.552639
1897,286.725952,-0.560677
1898,286.711273,-0.564132
1899,286.820801,-0.546551
1900,286.810577,-0.531274
1901,286.822510,-0.518150
1902,286.858154,-0.512282
1903,286.553558,-0.516755
1904,286.543701,-0.519763
1905,286.524841,-0.510967
1906,286.494812,-0.504778
1907,286.576111,-0.498158
1908,286.768127,-0.505130
1909,286.555267,-0.502665
1910,286.707794,-0.502277
1911,286.652313,-0.504256
1912,286.495483,-0.507320
1913,286.276306,-0.510262
1914,286.390808,-0.521723
1915,286.504944,-0.529419
1916,286.531128,-0.539245
1917,286.577240,-0.552568
1918,286.378265,-0.553389
1919,286.421844,-0.550867
1920,286.645050,-0.548899
1921,286.516846,-0.536743
1922,286.716675,-0.533195
1923,286.500610,-0.537536
1924,286.612488,-0.531881
1925,286.583740,-0.532779
1926,286.658447,-0.528471
1927,286.634033,-0.517542
1928,286.623016,-0.503948
1929,286.476959,-0.488177
1930,286.579712,-0.482839
1931,286.527740,-0.475790
1932,286.458466,-0.467634
1933,286.528900,-0.455591
1934,286.619385,-0.441194
1935,286.583862,-0.436568
1936,286.859497,-0.426890
1937,286.682556,-0.427357
1938,286.637909,-0.421332
1939,286.724915,-0.418069
1940,286.680847,-0.412955
1941,286.781555,-0.405699
1942,286.823364,-0.394167
1943,286.684113,-0.389520
1944,286.863922,-0.381614
1945,286.665100,-0.372892
1946,286.742584,-0.363935
1947,286.821930,-0.355210
1948,286.739563,-0.348814
1949,286.853760,-0.356534
1950,286.783813,-0.358641
1951,286.807190,-0.362968
1952,286.702667,-0.363694
1953,286.681366,-0.359084
1954,286.710358,-0.360774
1955,286.737183,-0.360585
1956,286.876129,-0.356367
1957,286.979980,-0.358318
1958,286.762421,-0.359852
1959,286.714142,-0.363423
1960,286.841370,-0.366487
1961,286.796448,-0.372394
1962,286.720215,-0.378369
1963,286.720795,-0.382402
1964,286.387787,-0.384275
1965,286.520660,-0.383531
1966,286.729675,-0.379584
1967,286.660767,-0.373972
1968,286.776215,-0.376409
1969,286.674225,-0.375101
1970,286.686523,-0.374656
1971,286.908081,-0.371213
1972,286.764832,-0.373744
1973,286.638092,-0.367769
1974,286.756805,-0.361269
1975,286.573181,-0.350640
1976,286.565369,-0.341271
1977,286.642670,-0.343739
1978,286.618591,-0.338152
1979,286.797546,-0.313897
1980,286.806152,-0.299060
1981,286.925598,-0.290528
1982,286.871033,-0.272685
1983,286.608246,-0.260186
1984,286.749603,-0.246027
1985,286.750519,-0.226584
1986,286.979431,-0.216781
1987,286.904053,-0.198081
1988,286.941650,-0.173304
1989,286.909149,-0.150491
1990,287.160248,-0.119861
1991,287.077515,-0.092326
1992,286.646179,-0.071714
1993,286.888397,-0.044727
1994,287.115448,-0.023527
1995,286.965759,0.000009
1996,286.985626,0.018419
1997,287.196075,0.039882
1998,287.151184,0.066842
1999,287.098999,0.096793
2000,287.269806,0.120322
2001,287.202179,0.136263
2002,287.325806,0.158539
2003,287.381409,0.178162
2004,287.441193,0.201897
2005,287.492096,0.213695
2006,287.391418,0.234325
2007,287.261017,0.272402
2008,287.428223,0.298615
2009,287.433533,0.323259
2010,287.512238,0.348711
2011,287.477905,0.376437
2012,287.514923,0.396223
2013,287.417023,0.418236
2014,287.648132,0.449284
2015,287.456390,0.474856
2016,287.457672,0.503423
2017,287.572327,0.529456
2018,287.530334,0.554535
2019,287.621216,0.569503
2020,287.514191,0.585832
2021,287.696411,0.613973
2022,287.788483,0.643717
2023,287.674774,0.668266
2024,287.854797,0.697675
2025,287.729309,0.723352
2026,287.817413,0.753813
2027,287.789642,0.785137
2028,287.811584,0.817202
2029,288.030426,0.844138
2030,288.036957,0.878038
2031,288.059204,0.913052
2032,288.106781,0.948081
2033,288.133789,0.981928
2034,287.890228,1.012674
2035,287.981964,1.052868
2036,288.235657,1.082521
2037,288.153351,1.112482
2038,288.164673,1.152754
2039,288.315796,1.187090
2040,288.282562,1.227323
2041,288.391724,1.264051
2042,288.454651,1.309385
2043,288.378967,1.349132
2044,288.456207,1.383657
2045,288.473389,1.417446
2046,288.508118,1.453289
2047,288.623199,1.489620
2048,288.545715,1.530355
2049,288.543610,1.578382
2050,288.720001,1.624615
2051,288.585999,1.662902
2052,288.687317,1.709875
2053,288.882935,1.755023
2054,288.884888,1.798313
2055,288.936310,1.838283
2056,288.919250,1.877912
2057,289.149658,1.920583
2058,289.003998,1.961803
2059,289.066162,2.006841
2060,289.050629,2.055071
2061,289.134491,2.099514
2062,289.196716,2.146008
2063,289.355835,2.195014
2064,289.331055,2.248867
2065,289.368958,2.298526
2066,289.384247,2.351777
2067,289.562561,2.402589
2068,289.519104,2.447696
2069,289.614502,2.497722
2070,289.481659,2.542817
2071,289.580597,2.591642
2072,289.734772,2.634295
2073,289.615570,2.683115
2074,289.807343,2.731671
2075,289.920288,2.779586
2076,289.841400,2.832042
2077,290.018036,2.883779
2078,290.015869,2.933479
2079,290.159210,2.983412
2080,290.209778,3.031006
2081,290.183533,3.080898
2082,290.211670,3.128864
2083,290.236145,3.178014
2084,290.385681,3.222704
2085,290.289154,3.273438
2086,290.384003,3.325089
2087,290.429230,3.369962
2088,290.468597,3.421307
2089,290.522858,3.471231
2090,290.488068,3.516253
2091,290.708160,3.566649
2092,290.748840,3.611252
2093,290.846832,3.656867
2094,290.829041,3.702012
2095,290.796783,3.747400
2096,290.881012,3.796771
2097,291.001526,3.843975
2098,290.993622,3.892105
2099,290.955200,3.936154
2100,291.003693,3.985429
2101,291.130127,4.037896
2102,291.080933,4.084860
2103,291.155945,4.134211
2104,291.305054,4.181177
2105,291.270935,4.231928
2106,291.353302,4.279142
2107,291.356110,4.321590
2108,291.384308,4.361399
2109,291.513580,4.409321
2110,291.571411,4.459753
2111,291.664673,4.505140
2112,291.627777,4.545388
2113,291.680054,4.589090
2114,291.707153,4.635959
2115,291.767395,4.684254
2116,291.958008,4.732696
2117,291.838165,4.782690
2118,291.949127,4.829994
2119,291.931824,4.872725
2120,292.010620,4.919188
2121,292.124573,4.962784
2122,292.022278,5.009036
2123,292.041107,5.053710
2124,292.266693,5.099462
2125,292.309723,5.142282
2126,292.242645,5.183950
2127,292.208954,5.227442
2128,292.304688,5.271757
2129,292.361267,5.317186
2130,292.452545,5.361986
2131,292.583374,5.400223
2132,292.580750,5.443170
2133,292.575073,5.486135
2134,292.587006,5.530952
2135,292.664825,5.573870
2136,292.661163,5.609795
2137,292.743683,5.650670
2138,292.724518,5.693035
2139,292.886139,5.732847
2140,292.856018,5.770668
2141,292.914703,5.813437
2142,292.932556,5.858307
2143,293.009491,5.905925
2144,293.070038,5.949070
2145,293.111389,5.994749
2146,293.105103,6.036405
2147,293.126587,6.074463
2148,293.238068,6.113486
2149,293.276337,6.154822
2150,293.298157,6.194742
2151,293.202332,6.233724
2152,293.248505,6.274770
2153,293.312073,6.314963
2154,293.461060,6.352600
2155,293.444336,6.393970
2156,293.525726,6.434283
2157,293.555054,6.474812
2158,293.733246,6.511030
2159,293.655609,6.548768
2160,293.822906,6.583983
2161,293.833038,6.622732
2162,293.722504,6.660438
2163,293.745758,6.695716
2164,293.827087,6.730033
2165,293.862427,6.766279
2166,293.830627,6.811124
2167,293.975067,6.855356
2168,293.930298,6.896479
2169,294.015259,6.936263
2170,294.097107,6.975768
2171,294.124115,7.015282
2172,294.148407,7.051712
2173,294.096039,7.082586
2174,294.202179,7.114946
2175,294.167847,7.144470
2176,294.267548,7.176350
2177,294.257782,7.210221
2178,294.296417,7.249936
2179,294.305847,7.283626
2180,294.385529,7.315255
2181,294.547668,7.349974
2182,294.575470,7.381366
2183,294.545776,7.418446
2184,294.654572,7.451417
2185,294.629486,7.482027
2186,294.711151,7.513947
2187,294.647949,7.543169
2188,294.659454,7.577489
2189,294.626434,7.609212
2190,294.708618,7.641535
2191,294.789429,7.669962
2192,294.738647,7.701359
2193,294.937195,7.730765
2194,294.837799,7.762665
2195,294.811279,7.792341
2196,294.872192,7.817736
2197,294.916840,7.839951
2198,295.042694,7.866680
2199,295.004395,7.894063
2200,295.015411,7.923585
2201,295.081696,7.949666
2202,295.025085,7.975340
2203,295.125641,8.003909
2204,295.153870,8.034757
2205,295.137543,8.063648
2206,295.120361,8.092368
2207,295.199677,8.122087
2208,295.178589,8.152491
2209,295.262848,8.183267
2210,295.275818,8.213834
2211,295.309509,8.243763
2212,295.241913,8.272904
2213,295.347656,8.298629
2214,295.476074,8.325091
2215,295.515137,8.350267
2216,295.493561,8.379807
2217,295.418182,8.406693
2218,295.516541,8.432218
2219,295.551849,8.460110
2220,295.575378,8.488356
2221,295.651031,8.520594
2222,295.630188,8.546232
2223,295.849304,8.574662
2224,295.761078,8.599284
2225,295.728302,8.621673
2226,295.770081,8.646824
2227,295.791077,8.669971
2228,295.814423,8.689569
2229,295.798279,8.706927
2230,295.770691,8.720144
2231,295.967865,8.739347
2232,295.831665,8.764065
2233,295.891388,8.784225
2234,295.990631,8.803509
2235,295.984924,8.824637
2236,296.087494,8.841125
2237,295.968842,8.857032
2238,296.031494,8.868081
2239,296.001495,8.879146
2240,295.947479,8.890798
2241,296.064056,8.902975
2242,295.936340,8.913651
2243,295.935577,8.924696
2244,295.996826,8.938613
2245,295.911652,8.953114
2246,296.069611,8.963684
2247,296.159729,8.978208
2248,296.121338,8.992741
2249,296.130371,8.996762
2250,296.209259,9.002310
2251,296.145630,9.009566
2252,296.107422,9.018497
2253,296.180756,9.028013
2254,296.093018,9.039901
2255,296.077881,9.054071
2256,296.135406,9.065119
2257,296.111328,9.078596
2258,296.145782,9.093596
2259,296.215790,9.109116
2260,296.205719,9.126978
2261,296.284973,9.137397
2262,296.267365,9.148156
2263,296.327393,9.158939
2264,296.111267,9.169623
2265,296.151367,9.171834
2266,296.305176,9.178176
2267,296.236786,9.190387
2268,296.316956,9.197222
2269,296.358124,9.209805
2270,296.372589,9.221333
2271,296.395477,9.232333
2272,296.340668,9.243663
2273,296.385590,9.256976
2274,296.462402,9.269348
2275,296.447510,9.281613
2276,296.382202,9.288873
2277,296.482483,9.296922
2278,296.444855,9.301397
2279,296.450897,9.315398
2280,296.275574,9.326916
2281,296.335876,9.332289
2282,296.473755,9.340457
2283,296.385803,9.348280
2284,296.470490,9.354121
2285,296.423737,9.360671
2286,296.465424,9.365841
2287,296.451202,9.373026
2288,296.545197,9.378903
2289,296.586945,9.382408
2290,296.573669,9.386599
2291,296.502747,9.393155
2292,296.508850,9.396558
2293,296.461670,9.401402
2294,296.531281,9.406236
2295,296.496887,9.417101
2296,296.466370,9.426146
2297,296.481842,9.430782
2298,296.551636,9.438540
2299,296.533356,9.443664
2300,296.569092,9.450535
