miroc-esm-chem,1875,2100,rcp60,global tas,K
1875,286.438995,-0.699159
1876,286.334686,-0.700673
1877,286.451935,-0.704434
1878,286.574280,-0.706493
1879,286.487915,-0.701787
1880,286.515930,-0.692854
1881,286.603394,-0.691835
1882,286.791351,-0.689429
1883,286.557404,-0.685187
1884,286.165771,-0.678265
1885,286.143951,-0.673715
1886,286.194000,-0.672294
1887,286.278870,-0.670917
1888,286.333496,-0.674160
1889,286.409454,-0.679738
1890,286.471436,-0.681628
1891,286.359283,-0.678972
1892,286.298370,-0.681353
1893,286.420197,-0.688621
1894,286.524139,-0.694767
1895,286.537476,-0.693646
1896,286.537384,-0.696694
1897,286.683868,-0.705247
1898,286.699615,-0.707525
1899,286.558594,-0.697046
1900,286.531891,-0.688176
1901,286.575714,-0.676171
1902,286.466858,-0.665722
1903,286.416626,-0.654351
1904,286.339203,-0.647270
1905,286.382294,-0.640315
1906,286.414368,-0.629197
1907,286.380524,-0.615825
1908,286.356232,-0.602940
1909,286.303528,-0.592753
1910,286.549561,-0.585024
1911,286.511963,-0.579511
1912,286.534760,-0.579963
1913,286.489075,-0.580653
1914,286.480133,-0.580675
1915,286.410034,-0.579751
1916,286.554169,-0.577464
1917,286.592346,-0.569311
1918,286.674622,-0.559015
1919,286.621887,-0.544562
1920,286.680084,-0.529530
1921,286.692810,-0.516442
1922,286.699524,-0.502474
1923,286.806763,-0.489530
1924,286.829742,-0.468976
1925,286.769348,-0.458956
1926,286.702789,-0.446846
1927,286.670288,-0.439547
1928,286.678925,-0.425952
1929,286.557922,-0.413454
1930,286.559631,-0.401619
1931,286.644318,-0.394305
1932,286.711426,-0.389385
1933,286.725525,-0.383171
1934,286.772797,-0.382121
1935,286.833252,-0.383035
1936,286.807007,-0.385613
1937,286.799561,-0.387661
1938,286.744537,-0.388862
1939,286.920166,-0.389372
1940,286.850159,-0.392061
1941,286.875275,-0.388113
1942,286.753723,-0.385359
1943,286.896912,-0.377321
1944,286.855072,-0.371217
1945,286.765076,-0.369207
1946,286.773590,-0.365454
1947,286.739960,-0.362306
1948,286.861053,-0.362415
1949,286.653381,-0.364784
1950,286.652649,-0.369328
1951,286.615479,-0.375682
1952,286.638092,-0.376663
1953,286.770721,-0.378667
1954,286.814453,-0.386078
1955,286.688660,-0.389003
1956,286.821228,-0.392891
1957,286.752930,-0.393422
1958,286.920044,-0.399344
1959,286.741058,-0.401941
1960,286.619934,-0.400185
1961,286.756897,-0.397247
1962,286.805878,-0.392471
1963,286.722260,-0.387487
1964,286.701721,-0.371647
1965,286.696930,-0.357907
1966,286.616394,-0.345498
1967,286.770111,-0.338452
1968,286.684418,-0.338081
1969,286.697845,-0.337298
1970,286.762390,-0.324348
1971,286.758636,-0.319473
1972,286.737793,-0.313647
1973,286.719269,-0.308200
1974,286.777161,-0.293920
1975,286.817749,-0.276210
1976,286.861725,-0.263839
1977,286.883240,-0.265092
1978,287.010590,-0.261628
1979,287.128571,-0.258568
1980,287.064850,-0.246150
1981,286.987762,-0.227379
1982,286.849457,-0.216280
1983,286.781860,-0.199768
1984,286.837952,-0.183541
1985,287.077148,-0.171593
1986,286.967468,-0.152859
1987,286.927704,-0.136657
1988,287.083466,-0.121220
1989,287.169464,-0.105195
1990,287.151245,-0.086476
1991,287.128021,-0.068518
1992,286.768280,-0.054239
1993,286.826172,-0.039805
1994,286.793518,-0.021471
1995,287.069489,0.000014
1996,287.179504,0.021140
1997,287.103088,0.042610
1998,287.179779,0.072860
1999,287.184662,0.100794
2000,287.120819,0.123547
2001,287.320648,0.148868
2002,287.223877,0.177924
2003,287.182373,0.207421
2004,287.257904,0.233566
2005,287.379333,0.258029
2006,287.400452,0.280260
2007,287.311615,0.316383
2008,287.443604,0.353030
2009,287.678589,0.391491
2010,287.709412,0.426969
2011,287.621521,0.459267
2012,287.493561,0.489725
2013,287.689362,0.524319
2014,287.675995,0.556716
2015,287.759735,0.589835
2016,287.727081,0.617950
2017,287.799377,0.650051
2018,287.968384,0.679595
2019,287.953827,0.703470
2020,287.885132,0.726468
2021,287.794952,0.751939
2022,287.851959,0.782090
2023,287.925598,0.809954
2024,287.947327,0.833664
2025,288.133850,0.858358
2026,288.148438,0.888217
2027,288.016815,0.924780
2028,288.217621,0.960775
2029,288.156555,0.996587
2030,288.114380,1.029474
2031,288.164124,1.063997
2032,288.186890,1.095055
2033,288.068695,1.123243
2034,287.974152,1.151327
2035,288.069275,1.180185
2036,288.164581,1.216219
2037,288.216156,1.250378
2038,288.279510,1.282876
2039,288.389893,1.312327
2040,288.450226,1.339653
2041,288.517303,1.367680
2042,288.590454,1.404312
2043,288.769196,1.433612
2044,288.750366,1.467259
2045,288.746338,1.507113
2046,288.762787,1.541217
2047,288.731110,1.574580
2048,288.814026,1.615666
2049,288.796326,1.659948
2050,288.750885,1.701049
2051,288.875977,1.746286
2052,288.876740,1.788563
2053,288.900513,1.829495
2054,288.830872,1.867264
2055,288.953644,1.904713
2056,288.989227,1.940318
2057,289.115784,1.972641
2058,289.096619,2.001712
2059,289.165955,2.030344
2060,289.309998,2.059697
2061,289.187256,2.089861
2062,289.187775,2.122665
2063,289.301270,2.154362
2064,289.302612,2.189813
2065,289.302307,2.231294
2066,289.521698,2.268932
2067,289.484467,2.306214
2068,289.507477,2.339709
2069,289.522949,2.379009
2070,289.573700,2.413976
2071,289.585449,2.448911
2072,289.560150,2.483999
2073,289.641327,2.519122
2074,289.609314,2.554545
2075,289.626953,2.587439
2076,289.667694,2.619865
2077,289.715240,2.654757
2078,289.764923,2.685014
2079,289.859863,2.716724
2080,289.995300,2.751104
2081,290.005127,2.775272
2082,289.995209,2.808844
2083,289.905334,2.841166
2084,290.009888,2.870878
2085,290.002655,2.901161
2086,290.037292,2.932834
2087,290.168396,2.966421
2088,290.150330,2.998374
2089,290.228638,3.032464
2090,290.296814,3.067037
2091,290.160034,3.101324
2092,290.234528,3.135096
2093,290.208984,3.168284
2094,290.253906,3.199377
2095,290.333710,3.227027
2096,290.246735,3.255421
2097,290.491638,3.285216
2098,290.477142,3.319078
2099,290.414307,3.350526
2100,290.482178,3.383286
