bnu-esm,1875,2100,rcp45,global tas,K
1875,286.439911,-1.087253
1876,286.306854,-1.098134
1877,286.321259,-1.101945
1878,286.180542,-1.108005
1879,286.044128,-1.118770
1880,286.118378,-1.124202
1881,286.180267,-1.122417
1882,286.240906,-1.120402
1883,286.079071,-1.124818
1884,285.760040,-1.119166
1885,285.741272,-1.115698
1886,285.766510,-1.119857
1887,286.024292,-1.117047
1888,286.052002,-1.132698
1889,285.966309,-1.149041
1890,285.854156,-1.168101
1891,285.543640,-1.188675
1892,285.841675,-1.203798
1893,285.945770,-1.207822
1894,286.031891,-1.207180
1895,285.895630,-1.206137
1896,286.024597,-1.210896
1897,286.118073,-1.220041
1898,285.961121,-1.220232
1899,286.102081,-1.203967
1900,286.225433,-1.187446
1901,286.090424,-1.169708
1902,286.155426,-1.164081
1903,285.729126,-1.155136
1904,285.851776,-1.143272
1905,285.868103,-1.126016
1906,285.689636,-1.102712
1907,285.867554,-1.086573
1908,286.059845,-1.072990
1909,286.063385,-1.064953
1910,286.149658,-1.061352
1911,286.037506,-1.056817
1912,285.966553,-1.052292
1913,286.073334,-1.042147
1914,286.247986,-1.035429
1915,286.236908,-1.040906
1916,286.298645,-1.033973
1917,286.193115,-1.031340
1918,286.320343,-1.015032
1919,286.322235,-1.010385
1920,286.371826,-0.995676
1921,286.242767,-0.970443
1922,286.325836,-0.954200
1923,286.353271,-0.941409
1924,286.273010,-0.928409
1925,286.003662,-0.925370
1926,286.160645,-0.917864
1927,286.253815,-0.904252
1928,286.265472,-0.892348
1929,286.303619,-0.883107
1930,286.061127,-0.873524
1931,286.298401,-0.869521
1932,286.234406,-0.856404
1933,286.218384,-0.843494
1934,285.991180,-0.843336
1935,286.309387,-0.847399
1936,286.446625,-0.839638
1937,286.354828,-0.833092
1938,286.443573,-0.829638
1939,286.453400,-0.820337
1940,286.240814,-0.797791
1941,286.262695,-0.787887
1942,286.374908,-0.772873
1943,286.430450,-0.764643
1944,286.525208,-0.761828
1945,286.524414,-0.742159
1946,286.418732,-0.739926
1947,286.586639,-0.725950
1948,286.707642,-0.719876
1949,286.326965,-0.709450
1950,286.249939,-0.707786
1951,286.475586,-0.710900
1952,286.522217,-0.705733
1953,286.456909,-0.701442
1954,286.552032,-0.699910
1955,286.680054,-0.695276
1956,286.457764,-0.684525
1957,286.704224,-0.672974
1958,286.512360,-0.670006
1959,286.388092,-0.663890
1960,286.651184,-0.659373
1961,286.365387,-0.658020
1962,286.653687,-0.656679
1963,286.400604,-0.654545
1964,286.303955,-0.643287
1965,286.359314,-0.625764
1966,286.353210,-0.610843
1967,286.509827,-0.604051
1968,286.572296,-0.596804
1969,286.499359,-0.591483
1970,286.379852,-0.588785
1971,286.585236,-0.572988
1972,286.721436,-0.560965
1973,286.519470,-0.547449
1974,286.708710,-0.528089
1975,286.659912,-0.515442
1976,286.459320,-0.496511
1977,286.626862,-0.492441
1978,286.771667,-0.480013
1979,286.664703,-0.459250
1980,286.775635,-0.432645
1981,286.923218,-0.402195
1982,286.725983,-0.377146
1983,286.674316,-0.359530
1984,286.711670,-0.332145
1985,286.760986,-0.293235
1986,286.931671,-0.269271
1987,287.064911,-0.248434
1988,286.917847,-0.214415
1989,286.968872,-0.192021
1990,287.030609,-0.167824
1991,286.933319,-0.122321
1992,286.775787,-0.090553
1993,286.773438,-0.063977
1994,286.926849,-0.033273
1995,287.157471,-0.000013
1996,287.266693,0.026365
1997,287.261292,0.051716
1998,287.100800,0.089294
1999,287.320892,0.130301
2000,287.547150,0.162761
2001,287.304169,0.187014
2002,287.346527,0.207921
2003,287.540039,0.241795
2004,287.380554,0.277842
2005,287.385803,0.308204
2006,287.824432,0.341475
2007,287.579895,0.389047
2008,287.568939,0.430795
2009,287.585815,0.468183
2010,287.773438,0.497553
2011,287.714569,0.530381
2012,287.486511,0.569781
2013,287.801666,0.615878
2014,287.941864,0.644513
2015,287.734802,0.665806
2016,287.659241,0.698808
2017,287.692139,0.731330
2018,287.934052,0.756549
2019,288.050293,0.796312
2020,287.941467,0.829169
2021,287.931458,0.842506
2022,288.202942,0.872505
2023,288.025879,0.904341
2024,288.048492,0.922172
2025,288.038574,0.943480
2026,288.251526,0.966532
2027,288.443298,1.000791
2028,288.483704,1.021639
2029,288.179932,1.040562
2030,288.185944,1.070148
2031,288.294220,1.102443
2032,288.322205,1.139926
2033,288.296600,1.169240
2034,288.573456,1.197262
2035,288.371490,1.232639
2036,288.224548,1.265147
2037,288.479858,1.281101
2038,288.524017,1.299350
2039,288.120758,1.320064
2040,288.412689,1.346981
2041,288.406128,1.361879
2042,288.514282,1.374364
2043,288.427094,1.391832
2044,288.509552,1.422433
2045,288.622375,1.451652
2046,288.628113,1.476481
2047,288.816620,1.504706
2048,288.813477,1.533785
2049,288.890930,1.555870
2050,289.002777,1.579462
2051,288.906708,1.611604
2052,288.681549,1.635831
2053,288.573364,1.657277
2054,288.669922,1.692420
2055,288.846069,1.716986
2056,288.698456,1.741914
2057,288.817871,1.765957
2058,289.007721,1.786797
2059,289.097992,1.819911
2060,289.062500,1.841625
2061,289.039093,1.852879
2062,289.168945,1.860478
2063,289.168976,1.876383
2064,289.235992,1.894672
2065,289.079254,1.902766
2066,289.188812,1.922009
2067,289.206665,1.947000
2068,289.167419,1.973885
2069,289.175049,1.988415
2070,289.149658,2.002016
2071,289.153961,2.028463
2072,289.235565,2.045130
2073,289.052307,2.051938
2074,289.502960,2.058341
2075,289.273804,2.068041
2076,288.965729,2.079165
2077,289.044586,2.080081
2078,289.290649,2.075619
2079,289.439575,2.076347
2080,289.245605,2.085917
2081,289.484009,2.090771
2082,289.431274,2.095150
2083,289.379913,2.101748
2084,289.105804,2.108090
2085,289.254120,2.110322
2086,289.491852,2.116119
2087,289.317902,2.119301
2088,289.211945,2.128696
2089,289.290070,2.123175
2090,289.353516,2.125396
2091,289.372803,2.137992
2092,289.196442,2.148064
2093,289.035126,2.150039
2094,289.257812,2.147155
2095,289.366364,2.150841
2096,289.334442,2.146685
2097,289.338013,2.144391
2098,289.365356,2.143915
2099,289.365326,2.152680
2100,289.216614,2.156607
