gfdl-esm2m,1875,2100,rcp60,global tas,K
1875,287.046753,-0.676001
1876,286.763275,-0.674278
1877,286.811310,-0.678699
1878,286.682800,-0.683528
1879,286.854950,-0.679011
1880,286.882446,-0.671079
1881,286.805756,-0.664707
1882,286.879425,-0.670060
1883,286.878876,-0.670467
1884,286.547455,-0.670616
1885,286.455231,-0.669494
1886,286.594238,-0.670417
1887,286.477417,-0.664962
1888,286.619781,-0.672943
1889,286.684601,-0.682665
1890,286.883087,-0.682077
1891,286.845825,-0.671019
1892,286.765930,-0.667905
1893,286.765289,-0.659720
1894,286.938873,-0.654558
1895,287.113892,-0.648551
1896,287.225494,-0.636399
1897,286.839874,-0.634787
1898,286.885406,-0.636089
1899,287.031433,-0.620185
1900,287.107513,-0.599114
1901,286.996857,-0.582039
1902,286.988159,-0.562830
1903,286.736115,-0.546091
1904,286.755310,-0.533358
1905,287.064392,-0.525079
1906,287.095001,-0.515599
1907,286.904755,-0.504035
1908,286.928345,-0.495159
1909,287.009796,-0.492698
1910,287.062653,-0.497809
1911,287.170319,-0.496780
1912,286.927795,-0.479109
1913,286.839813,-0.476250
1914,287.024567,-0.477349
1915,287.087372,-0.477835
1916,287.106476,-0.477969
1917,287.053711,-0.472360
1918,287.121948,-0.456842
1919,287.066589,-0.450799
1920,287.131439,-0.454144
1921,287.130249,-0.447894
1922,287.112823,-0.431697
1923,287.031586,-0.431702
1924,287.012695,-0.435273
1925,286.960571,-0.437175
1926,287.256348,-0.441327
1927,287.370026,-0.432170
1928,286.971161,-0.430009
1929,286.998474,-0.431639
1930,287.092926,-0.425436
1931,286.992828,-0.426779
1932,287.156433,-0.427234
1933,287.201660,-0.424296
1934,286.936615,-0.427949
1935,286.964020,-0.430952
1936,287.282501,-0.431454
1937,287.390686,-0.422866
1938,286.928192,-0.417817
1939,286.902649,-0.415233
1940,287.005585,-0.411992
1941,287.045776,-0.415990
1942,287.202515,-0.415729
1943,286.904633,-0.409430
1944,286.975677,-0.404650
1945,287.273438,-0.394718
1946,287.066193,-0.382070
1947,287.040070,-0.384496
1948,287.210083,-0.393204
1949,286.957001,-0.399936
1950,287.041351,-0.402317
1951,287.115173,-0.408422
1952,287.370483,-0.422961
1953,287.183044,-0.423927
1954,287.090210,-0.422920
1955,287.057800,-0.423292
1956,287.136414,-0.422206
1957,287.377869,-0.425274
1958,287.160126,-0.410863
1959,287.141876,-0.405648
1960,287.390869,-0.415098
1961,287.372284,-0.415521
1962,287.083649,-0.408215
1963,286.940430,-0.406660
1964,286.734650,-0.396940
1965,286.892578,-0.388699
1966,287.099365,-0.385968
1967,286.954498,-0.386753
1968,286.899231,-0.383193
1969,286.932861,-0.376708
1970,286.994415,-0.373297
1971,287.078369,-0.367278
1972,287.110474,-0.361351
1973,287.336945,-0.346719
1974,287.132141,-0.346389
1975,286.989929,-0.350029
1976,287.053497,-0.344110
1977,287.259247,-0.336180
1978,287.256744,-0.329369
1979,287.248596,-0.312537
1980,287.288574,-0.296818
1981,287.197113,-0.275863
1982,287.346924,-0.250832
1983,287.289856,-0.232580
1984,287.284760,-0.213668
1985,287.160126,-0.188332
1986,287.316986,-0.163218
1987,287.555695,-0.139009
1988,287.599060,-0.131586
1989,287.151794,-0.114022
1990,287.281647,-0.088787
1991,287.549866,-0.063325
1992,287.321564,-0.041652
1993,287.144745,-0.029709
1994,287.239624,-0.014761
1995,287.364136,0.000003
1996,287.728027,0.024932
1997,287.705414,0.047764
1998,287.446808,0.064878
1999,287.500214,0.084784
2000,287.754486,0.103614
2001,287.831787,0.119343
2002,287.836761,0.132720
2003,287.559631,0.143693
2004,287.659058,0.175415
2005,287.746979,0.194115
2006,287.817352,0.204876
2007,287.909424,0.224404
2008,287.615051,0.254963
2009,287.697021,0.285298
2010,287.731506,0.307885
2011,287.944977,0.320510
2012,288.031891,0.337400
2013,287.803284,0.363434
2014,287.881927,0.375120
2015,287.725037,0.379397
2016,287.788849,0.388283
2017,287.957001,0.398774
2018,287.928253,0.416269
2019,288.103455,0.437005
2020,287.842651,0.448017
2021,287.872681,0.453962
2022,287.907410,0.461356
2023,288.061523,0.483694
2024,288.149658,0.506284
2025,288.041748,0.514935
2026,288.106781,0.523427
2027,288.212128,0.534713
2028,288.227814,0.548183
2029,287.850800,0.559067
2030,287.882782,0.578065
2031,288.098389,0.592443
2032,288.151489,0.605942
2033,288.084473,0.611698
2034,288.281128,0.612798
2035,288.077362,0.623353
2036,287.995697,0.633198
2037,288.131226,0.644807
2038,288.285217,0.651265
2039,288.374695,0.656620
2040,287.991058,0.669504
2041,288.199738,0.675649
2042,288.370453,0.674257
2043,288.207397,0.681849
2044,288.208435,0.702771
2045,288.294983,0.720542
2046,288.220184,0.732658
2047,288.361969,0.747864
2048,288.100952,0.766823
2049,288.136444,0.773690
2050,288.159302,0.790075
2051,288.168030,0.810194
2052,288.255676,0.827953
2053,288.255280,0.848532
2054,288.310303,0.858965
2055,288.428253,0.883272
2056,288.291138,0.905629
2057,288.170380,0.922387
2058,288.455566,0.946097
2059,288.478455,0.965803
2060,288.415924,0.984873
2061,288.461853,1.009903
2062,288.607666,1.028766
2063,288.653259,1.058901
2064,288.487122,1.090462
2065,288.568909,1.123172
2066,288.599274,1.151308
2067,288.664001,1.176792
2068,288.902588,1.206762
2069,288.687683,1.233397
2070,288.720276,1.254095
2071,288.870453,1.282417
2072,288.873169,1.310767
2073,288.918701,1.326470
2074,288.799622,1.351776
2075,288.867096,1.383142
2076,288.971069,1.404878
2077,288.927856,1.423949
2078,289.005005,1.444107
2079,289.083282,1.469775
2080,289.140594,1.491608
2081,289.012115,1.513569
2082,289.020203,1.535352
2083,289.154358,1.548329
2084,289.109375,1.569132
2085,289.049194,1.590156
2086,289.140778,1.606332
2087,289.020874,1.622965
2088,288.926666,1.638626
2089,289.237640,1.658803
2090,289.356903,1.677277
2091,289.113922,1.692832
2092,289.179810,1.710374
2093,289.257996,1.725891
2094,289.257172,1.739346
2095,289.223877,1.751436
2096,289.258118,1.768356
2097,289.317474,1.785553
2098,289.291901,1.798824
2099,289.311798,1.814141
2100,289.350983,1.832011
