hadgem2-es,1861,2299,rcp26,zostoga,m
1861,-0.003863
1862,-0.004016
1863,-0.004368
1864,-0.003300
1865,-0.002743
1866,-0.002216
1867,-0.002001
1868,-0.001418
1869,-0.002014
1870,-0.002439
1871,-0.002009
1872,-0.001119
1873,-0.001021
1874,-0.000657
1875,-0.000026
1876,0.001685
1877,0.002568
1878,0.001451
1879,-0.000075
1880,0.001138
1881,0.003773
1882,0.005512
1883,0.004880
1884,0.000653
1885,-0.000044
1886,-0.000635
1887,-0.001624
1888,-0.000076
1889,-0.000070
1890,0.000203
1891,-0.000567
1892,-0.001594
1893,-0.003493
1894,-0.002691
1895,-0.000886
1896,-0.000059
1897,-0.001320
1898,-0.001242
1899,-0.000307
1900,0.000000
1901,0.000343
1902,0.001490
1903,0.000384
1904,-0.000216
1905,-0.000023
1906,0.000181
1907,0.000249
1908,0.000256
1909,0.000852
1910,0.001890
1911,0.002282
1912,0.002538
1913,0.004433
1914,0.004266
1915,0.003951
1916,0.004525
1917,0.004281
1918,0.003728
1919,0.004328
1920,0.005339
1921,0.005355
1922,0.006062
1923,0.006087
1924,0.006689
1925,0.006610
1926,0.006838
1927,0.007709
1928,0.007654
1929,0.007332
1930,0.006863
1931,0.006900
1932,0.006623
1933,0.006217
1934,0.006181
1935,0.007302
1936,0.008611
1937,0.009350
1938,0.009499
1939,0.009646
1940,0.009840
1941,0.010612
1942,0.011780
1943,0.012374
1944,0.012389
1945,0.011881
1946,0.010753
1947,0.011139
1948,0.011764
1949,0.012771
1950,0.012983
1951,0.013472
1952,0.013043
1953,0.011879
1954,0.011052
1955,0.010473
1956,0.010548
1957,0.010963
1958,0.010636
1959,0.010419
1960,0.010593
1961,0.010823
1962,0.011743
1963,0.012050
1964,0.008969
1965,0.008090
1966,0.007580
1967,0.009086
1968,0.009950
1969,0.009882
1970,0.008975
1971,0.009252
1972,0.010944
1973,0.012032
1974,0.011525
1975,0.010612
1976,0.010994
1977,0.011413
1978,0.011278
1979,0.010781
1980,0.010955
1981,0.011821
1982,0.011412
1983,0.010955
1984,0.012442
1985,0.013541
1986,0.013550
1987,0.014601
1988,0.014792
1989,0.014999
1990,0.014865
1991,0.015399
1992,0.014487
1993,0.013526
1994,0.014068
1995,0.015237
1996,0.015463
1997,0.015738
1998,0.016436
1999,0.017344
2000,0.019011
2001,0.020713
2002,0.022556
2003,0.024634
2004,0.024974
2005,0.026323
2006,0.028740
2007,0.029054
2008,0.029598
2009,0.030511
2010,0.031663
2011,0.033172
2012,0.035622
2013,0.037610
2014,0.039108
2015,0.040514
2016,0.042635
2017,0.045965
2018,0.048155
2019,0.049990
2020,0.051579
2021,0.053269
2022,0.055612
2023,0.057201
2024,0.058912
2025,0.060542
2026,0.062129
2027,0.064678
2028,0.067077
2029,0.069753
2030,0.072122
2031,0.073662
2032,0.075272
2033,0.076322
2034,0.077639
2035,0.078803
2036,0.080098
2037,0.082032
2038,0.083133
2039,0.084354
2040,0.085870
2041,0.087465
2042,0.089217
2043,0.090389
2044,0.092922
2045,0.094320
2046,0.096761
2047,0.099055
2048,0.100968
2049,0.103317
2050,0.104539
2051,0.105646
2052,0.106391
2053,0.107418
2054,0.108719
2055,0.110564
2056,0.113191
2057,0.114881
2058,0.115594
2059,0.115957
2060,0.116482
2061,0.117601
2062,0.119086
2063,0.120588
2064,0.122345
2065,0.124427
2066,0.126435
2067,0.127252
2068,0.128169
2069,0.129508
2070,0.130516
2071,0.131617
2072,0.133009
2073,0.134378
2074,0.135333
2075,0.135641
2076,0.137168
2077,0.138656
2078,0.140252
2079,0.141230
2080,0.142403
2081,0.143264
2082,0.144772
2083,0.147478
2084,0.148225
2085,0.150263
2086,0.151246
2087,0.151800
2088,0.153246
2089,0.154440
2090,0.155248
2091,0.156235
2092,0.156797
2093,0.159541
2094,0.160566
2095,0.162275
2096,0.163639
2097,0.164768
2098,0.165260
2099,0.166915
2100,0.168060
2101,0.169627
2102,0.169403
2103,0.170459
2104,0.171578
2105,0.172343
2106,0.172624
2107,0.172956
2108,0.174137
2109,0.174840
2110,0.176719
2111,0.177801
2112,0.178321
2113,0.179601
2114,0.180960
2115,0.181942
2116,0.183146
2117,0.184228
2118,0.185323
2119,0.186502
2120,0.188004
2121,0.189196
2122,0.189520
2123,0.190129
2124,0.190870
2125,0.192280
2126,0.192246
2127,0.192446
2128,0.193612
2129,0.194871
2130,0.194857
2131,0.196525
2132,0.197933
2133,0.199304
2134,0.201303
2135,0.202685
2136,0.203539
2137,0.203725
2138,0.203760
2139,0.203992
2140,0.205174
2141,0.207086
2142,0.208623
2143,0.209628
2144,0.210786
2145,0.212678
2146,0.214259
2147,0.214207
2148,0.215029
2149,0.215910
2150,0.216650
2151,0.217218
2152,0.217921
2153,0.219376
2154,0.219959
2155,0.221251
2156,0.222241
2157,0.222393
2158,0.222015
2159,0.222071
2160,0.223161
2161,0.223472
2162,0.224731
2163,0.225075
2164,0.225139
2165,0.226057
2166,0.227482
2167,0.230108
2168,0.231103
2169,0.231644
2170,0.232766
2171,0.233715
2172,0.235163
2173,0.236094
2174,0.238216
2175,0.239581
2176,0.240985
2177,0.240790
2178,0.239842
2179,0.240539
2180,0.241632
2181,0.242591
2182,0.244339
2183,0.246026
2184,0.246796
2185,0.247614
2186,0.247403
2187,0.247659
2188,0.248671
2189,0.249560
2190,0.249742
2191,0.249917
2192,0.251010
2193,0.252019
2194,0.252463
2195,0.252606
2196,0.253127
2197,0.254241
2198,0.255086
2199,0.255255
2200,0.256114
2201,0.256771
2202,0.257617
2203,0.258008
2204,0.257752
2205,0.257806
2206,0.258389
2207,0.259239
2208,0.260069
2209,0.260946
2210,0.261457
2211,0.262097
2212,0.261508
2213,0.261565
2214,0.262911
2215,0.264462
2216,0.264856
2217,0.265986
2218,0.266998
2219,0.268456
2220,0.269497
2221,0.269122
2222,0.270201
2223,0.270788
2224,0.271649
2225,0.272165
2226,0.272180
2227,0.273346
2228,0.274333
2229,0.274643
2230,0.275593
2231,0.274924
2232,0.276369
2233,0.277689
2234,0.278895
2235,0.279995
2236,0.279852
2237,0.280250
2238,0.280982
2239,0.281270
2240,0.282494
2241,0.282235
2242,0.282310
2243,0.283822
2244,0.285333
2245,0.285624
2246,0.285188
2247,0.285253
2248,0.286198
2249,0.287291
2250,0.288191
2251,0.289090
2252,0.290702
2253,0.291912
2254,0.291871
2255,0.291654
2256,0.292229
2257,0.293122
2258,0.293641
2259,0.294692
2260,0.296435
2261,0.296498
2262,0.297055
2263,0.298185
2264,0.299704
2265,0.300553
2266,0.300601
2267,0.300700
2268,0.300154
2269,0.300255
2270,0.300779
2271,0.300759
2272,0.301787
2273,0.302865
2274,0.302993
2275,0.303821
2276,0.304660
2277,0.304779
2278,0.304602
2279,0.304805
2280,0.305820
2281,0.307118
2282,0.308122
2283,0.308706
2284,0.309365
2285,0.309297
2286,0.309514
2287,0.309604
2288,0.310597
2289,0.311592
2290,0.311703
2291,0.312318
2292,0.313267
2293,0.314502
2294,0.315662
2295,0.316322
2296,0.315735
2297,0.315806
2298,0.317031
2299,0.318942
