bcc-csm1-1-m,1875,2100,rcp45,global tas,K
1875,287.573242,-0.961786
1876,287.624237,-0.962161
1877,287.646362,-0.955031
1878,287.659607,-0.949572
1879,287.746857,-0.942802
1880,287.735962,-0.931107
1881,287.798431,-0.926093
1882,287.627380,-0.921028
1883,287.753113,-0.915151
1884,287.388489,-0.905360
1885,287.188202,-0.894056
1886,287.385010,-0.887576
1887,287.442078,-0.881313
1888,287.412506,-0.889647
1889,287.645050,-0.897097
1890,287.648346,-0.899306
1891,287.312439,-0.897772
1892,287.620667,-0.893465
1893,287.587769,-0.891441
1894,287.733337,-0.891457
1895,287.698975,-0.891425
1896,287.552185,-0.892161
1897,287.674805,-0.884995
1898,287.682159,-0.886668
1899,287.851868,-0.875838
1900,287.879181,-0.857029
1901,287.795990,-0.841003
1902,287.782257,-0.830928
1903,287.382294,-0.810986
1904,287.442322,-0.806878
1905,287.506958,-0.797558
1906,287.670258,-0.775943
1907,287.775574,-0.768327
1908,287.720337,-0.759219
1909,287.746368,-0.755766
1910,287.736938,-0.753682
1911,287.776337,-0.747939
1912,287.842377,-0.743630
1913,287.702911,-0.741486
1914,287.713379,-0.747573
1915,287.752472,-0.751300
1916,287.865784,-0.750886
1917,287.744354,-0.747215
1918,288.010742,-0.732948
1919,287.768311,-0.721603
1920,287.927948,-0.708157
1921,287.960876,-0.705590
1922,287.849152,-0.707620
1923,287.860992,-0.708326
1924,287.836945,-0.703369
1925,287.761475,-0.700167
1926,287.724487,-0.699450
1927,287.804077,-0.699996
1928,287.746490,-0.697278
1929,287.669250,-0.695886
1930,287.767365,-0.691189
1931,287.808411,-0.690863
1932,287.892395,-0.687673
1933,287.810303,-0.692782
1934,287.782654,-0.686962
1935,287.910339,-0.691998
1936,287.747284,-0.692456
1937,287.714661,-0.687649
1938,287.699158,-0.688352
1939,287.895081,-0.689214
1940,287.833008,-0.682138
1941,287.797852,-0.674528
1942,287.825989,-0.669018
1943,287.784454,-0.663163
1944,287.755127,-0.656175
1945,287.893402,-0.651747
1946,287.875549,-0.648079
1947,287.840057,-0.643613
1948,287.857483,-0.643644
1949,287.942902,-0.647595
1950,287.776855,-0.649450
1951,287.947144,-0.644064
1952,287.993378,-0.637887
1953,287.839874,-0.633083
1954,287.811096,-0.629754
1955,287.973755,-0.623684
1956,287.952789,-0.617899
1957,287.969391,-0.609882
1958,287.922119,-0.602787
1959,287.878906,-0.595034
1960,287.900208,-0.588971
1961,287.918427,-0.584317
1962,288.026398,-0.577589
1963,287.809357,-0.570579
1964,287.664124,-0.565085
1965,287.854706,-0.548479
1966,287.908844,-0.538346
1967,287.899994,-0.536046
1968,287.843262,-0.529209
1969,287.994965,-0.520587
1970,288.015106,-0.515799
1971,287.971405,-0.507117
1972,288.066498,-0.496133
1973,287.997284,-0.483715
1974,287.987732,-0.463493
1975,288.075287,-0.444396
1976,288.015167,-0.431390
1977,288.041901,-0.431543
1978,288.067780,-0.420985
1979,288.107727,-0.402231
1980,288.275024,-0.386929
1981,288.251129,-0.364789
1982,288.062378,-0.345791
1983,288.044983,-0.317634
1984,288.069763,-0.294719
1985,288.117401,-0.275060
1986,288.213257,-0.247465
1987,288.298889,-0.219019
1988,288.294678,-0.189065
1989,288.485565,-0.158916
1990,288.473114,-0.127422
1991,288.308594,-0.096727
1992,288.021820,-0.068397
1993,288.126099,-0.040593
1994,288.226746,-0.015471
1995,288.313751,-0.000010
1996,288.573059,0.021438
1997,288.469940,0.050953
1998,288.687958,0.087367
1999,288.682404,0.117044
2000,288.604889,0.148860
2001,288.799255,0.178775
2002,288.919891,0.208374
2003,288.895905,0.237155
2004,288.892181,0.264873
2005,289.020111,0.294024
2006,288.936005,0.328159
2007,288.891815,0.369446
2008,288.901886,0.409576
2009,288.861389,0.444355
2010,288.738861,0.473785
2011,288.894562,0.496049
2012,288.947845,0.525556
2013,289.137390,0.547342
2014,288.960083,0.571119
2015,289.071869,0.599064
2016,289.110718,0.618918
2017,289.186859,0.638536
2018,289.158112,0.658686
2019,289.317108,0.681223
2020,289.347626,0.701250
2021,289.332642,0.720221
2022,289.260437,0.742493
2023,289.330017,0.768212
2024,289.270111,0.793009
2025,289.196655,0.822447
2026,289.240967,0.847491
2027,289.355164,0.870706
2028,289.341522,0.887546
2029,289.395721,0.912410
2030,289.443237,0.930398
2031,289.394867,0.945399
2032,289.508423,0.959872
2033,289.500427,0.975706
2034,289.568268,0.985534
2035,289.620941,0.996128
2036,289.505127,1.005686
2037,289.559967,1.018960
2038,289.673462,1.031513
2039,289.605316,1.041204
2040,289.621979,1.058194
2041,289.645905,1.071832
2042,289.644287,1.083096
2043,289.642578,1.096677
2044,289.706024,1.106632
2045,289.611481,1.119713
2046,289.560760,1.132290
2047,289.621063,1.141115
2048,289.633118,1.147235
2049,289.611938,1.155977
2050,289.665466,1.164565
2051,289.619385,1.178356
2052,289.658630,1.193774
2053,289.706635,1.202798
2054,289.560822,1.211189
2055,289.706360,1.220405
2056,289.650116,1.225984
2057,289.693085,1.233526
2058,289.748932,1.244619
2059,289.694397,1.247967
2060,289.835663,1.255836
2061,289.772156,1.264384
2062,289.773193,1.277702
2063,289.684021,1.292195
2064,289.830536,1.305737
2065,289.878571,1.320106
2066,289.918854,1.332986
2067,290.022522,1.346295
2068,289.944183,1.352930
2069,289.857025,1.371996
2070,289.898468,1.378759
2071,289.813263,1.385476
2072,289.870544,1.389461
2073,289.975372,1.401173
2074,289.806458,1.412807
2075,289.847565,1.413661
2076,289.817200,1.419117
2077,290.020599,1.423274
2078,290.067902,1.434871
2079,290.018219,1.440945
2080,290.096527,1.442704
2081,290.005798,1.445878
2082,290.057892,1.446834
2083,289.905670,1.451286
2084,290.132812,1.459295
2085,289.909241,1.463152
2086,289.851624,1.470692
2087,289.812653,1.476473
2088,290.100281,1.478912
2089,290.043427,1.487131
2090,289.861267,1.494131
2091,289.935852,1.502295
2092,289.897888,1.503829
2093,290.031952,1.503937
2094,290.012756,1.505853
2095,289.931335,1.505309
2096,290.014069,1.507940
2097,290.051208,1.508986
2098,290.077728,1.515257
2099,290.097290,1.514107
2100,290.014191,1.520560
