miroc5,1875,2100,rcp60,global tas,K
1875,287.643280,-0.456138
1876,287.685577,-0.456568
1877,287.898346,-0.469302
1878,287.918060,-0.478847
1879,287.590118,-0.475919
1880,287.577637,-0.466965
1881,287.584442,-0.460253
1882,287.676575,-0.460862
1883,287.759155,-0.470772
1884,287.664795,-0.476623
1885,287.388458,-0.474945
1886,287.408478,-0.477836
1887,287.521820,-0.489446
1888,287.599854,-0.499113
1889,287.871277,-0.503155
1890,287.997345,-0.506249
1891,287.664185,-0.506141
1892,287.358490,-0.508739
1893,287.521149,-0.511440
1894,287.667297,-0.505117
1895,287.782471,-0.501351
1896,287.808868,-0.495412
1897,287.677917,-0.491182
1898,287.580078,-0.493861
1899,287.701538,-0.495779
1900,287.745789,-0.484275
1901,287.690887,-0.473444
1902,287.592957,-0.468704
1903,287.598114,-0.463074
1904,287.512207,-0.466712
1905,287.550446,-0.475841
1906,287.688812,-0.469029
1907,287.820404,-0.448682
1908,287.837036,-0.436441
1909,287.779816,-0.433312
1910,287.690613,-0.435119
1911,287.762604,-0.435878
1912,287.803467,-0.431754
1913,287.678802,-0.425327
1914,287.607239,-0.420476
1915,287.733582,-0.413566
1916,287.733429,-0.397973
1917,287.664001,-0.375877
1918,287.768768,-0.372019
1919,287.762115,-0.368807
1920,287.723480,-0.357987
1921,287.868561,-0.351911
1922,287.968903,-0.347853
1923,287.888367,-0.343995
1924,287.761169,-0.339121
1925,287.728271,-0.331694
1926,287.786072,-0.330778
1927,287.801666,-0.331808
1928,287.772888,-0.323383
1929,287.847046,-0.312439
1930,287.953094,-0.308718
1931,288.158691,-0.303132
1932,288.255829,-0.291081
1933,287.713837,-0.282515
1934,287.608582,-0.277946
1935,287.875031,-0.268283
1936,287.871094,-0.256771
1937,287.942169,-0.245985
1938,287.952759,-0.246028
1939,287.926025,-0.246153
1940,287.913452,-0.240757
1941,287.790070,-0.234705
1942,287.772552,-0.228421
1943,287.931580,-0.218815
1944,287.935547,-0.207428
1945,287.845215,-0.195386
1946,287.901001,-0.196542
1947,288.025543,-0.215335
1948,288.025726,-0.216467
1949,287.899200,-0.215633
1950,288.013367,-0.214314
1951,288.213928,-0.205968
1952,288.292480,-0.213349
1953,287.887085,-0.228322
1954,287.757416,-0.238734
1955,287.890137,-0.245304
1956,287.967651,-0.248239
1957,287.990173,-0.251707
1958,288.061066,-0.261486
1959,288.188660,-0.266902
1960,288.314362,-0.259960
1961,288.123993,-0.252279
1962,287.692047,-0.262538
1963,287.679871,-0.274748
1964,287.633606,-0.277315
1965,287.914612,-0.279586
1966,288.121460,-0.288325
1967,287.720734,-0.305774
1968,287.503571,-0.315818
1969,287.613678,-0.318177
1970,287.716339,-0.321141
1971,287.702026,-0.322887
1972,287.668518,-0.322737
1973,287.638214,-0.328203
1974,287.773071,-0.336625
1975,288.053467,-0.346785
1976,288.131439,-0.347709
1977,287.717773,-0.336643
1978,287.659424,-0.315800
1979,287.822174,-0.302418
1980,287.945251,-0.303518
1981,287.951752,-0.307258
1982,287.769012,-0.288955
1983,287.585754,-0.262931
1984,287.686646,-0.239705
1985,287.801239,-0.220735
1986,287.915253,-0.201281
1987,287.994690,-0.177463
1988,287.897064,-0.148183
1989,287.936005,-0.116700
1990,288.009552,-0.095266
1991,288.096283,-0.086018
1992,288.024017,-0.065423
1993,288.305176,-0.038267
1994,288.035065,-0.014348
1995,287.881622,0.000002
1996,288.009247,0.017896
1997,288.269836,0.051889
1998,288.284271,0.093548
1999,288.310455,0.120226
2000,288.285461,0.135900
2001,288.285645,0.154531
2002,288.383057,0.175954
2003,288.516602,0.199644
2004,288.717560,0.221556
2005,288.696503,0.240449
2006,288.408875,0.263567
2007,288.335632,0.293764
2008,288.474091,0.306031
2009,288.539734,0.322544
2010,288.375763,0.347768
2011,288.488556,0.370455
2012,288.788818,0.391691
2013,288.835510,0.417441
2014,288.487000,0.428977
2015,288.271454,0.438347
2016,288.474182,0.451627
2017,288.637390,0.463900
2018,288.607758,0.479402
2019,288.593353,0.490943
2020,288.576355,0.490004
2021,288.789825,0.495934
2022,288.929932,0.509850
2023,288.673187,0.526521
2024,288.530457,0.544288
2025,288.638336,0.559633
2026,288.689850,0.570398
2027,288.906921,0.573429
2028,289.056763,0.585860
2029,288.656555,0.616067
2030,288.566559,0.639078
2031,288.684021,0.649852
2032,288.751251,0.660452
2033,288.981659,0.679627
2034,289.063812,0.706163
2035,288.668335,0.727222
2036,288.586761,0.738566
2037,288.753113,0.745863
2038,288.974213,0.765887
2039,289.072754,0.792870
2040,288.836121,0.810470
2041,288.811493,0.824003
2042,288.879761,0.834167
2043,289.208435,0.838949
2044,289.393188,0.855567
2045,288.961792,0.874391
2046,288.797394,0.898768
2047,288.955414,0.929613
2048,289.183014,0.943094
2049,289.389404,0.951957
2050,289.208130,0.974552
2051,289.130157,1.004058
2052,289.148834,1.038488
2053,289.273926,1.061521
2054,289.339935,1.073302
2055,289.166321,1.096619
2056,289.095856,1.125600
2057,289.211853,1.156878
2058,289.200195,1.177851
2059,289.155121,1.197429
2060,289.131256,1.230094
2061,289.415344,1.260273
2062,289.676605,1.282962
2063,289.386078,1.302967
2064,289.329712,1.326044
2065,289.346191,1.358694
2066,289.471924,1.386726
2067,289.786011,1.408306
2068,289.665222,1.433824
2069,289.426178,1.465919
2070,289.535614,1.508027
2071,289.680939,1.539976
2072,289.818085,1.562526
2073,289.837646,1.591992
2074,289.980530,1.628265
2075,289.941742,1.668194
2076,289.702759,1.705075
2077,289.636078,1.726328
2078,289.783173,1.745761
2079,290.081696,1.769992
2080,290.187653,1.802163
2081,289.971100,1.833450
2082,289.796234,1.841430
2083,290.039459,1.854387
2084,290.302795,1.878307
2085,290.429565,1.906795
2086,290.054321,1.928695
2087,289.888367,1.946607
2088,290.084167,1.964452
2089,290.243317,1.978118
2090,290.329102,1.993662
2091,290.521790,2.017756
2092,290.314209,2.044657
2093,289.969055,2.067239
2094,290.056641,2.080455
2095,290.311310,2.090724
2096,290.410553,2.108795
2097,290.025391,2.133280
2098,290.053955,2.150241
2099,290.143768,2.159009
2100,290.390259,2.164135
