ipsl-cm5a-lr,1875,2100,rcp60,global tas,K
1875,285.551270,-0.995690
1876,285.364380,-1.002065
1877,285.398315,-1.002441
1878,285.390381,-1.005081
1879,285.223602,-1.013560
1880,285.354614,-1.025501
1881,285.543671,-1.033344
1882,285.384857,-1.035907
1883,285.229919,-1.039401
1884,284.889801,-1.047193
1885,284.975098,-1.051126
1886,285.108093,-1.056983
1887,285.089813,-1.052934
1888,285.174500,-1.057640
1889,285.022339,-1.062077
1890,285.076080,-1.067120
1891,285.124054,-1.066878
1892,285.230957,-1.066474
1893,285.149200,-1.067031
1894,285.121460,-1.062644
1895,285.147614,-1.063987
1896,285.142578,-1.066712
1897,285.115326,-1.067931
1898,285.090607,-1.064668
1899,285.096039,-1.048342
1900,285.191864,-1.033983
1901,285.201660,-1.028316
1902,285.405334,-1.017794
1903,285.270081,-1.006661
1904,285.311188,-0.994172
1905,285.399963,-0.984641
1906,285.371643,-0.974190
1907,285.410431,-0.962730
1908,285.373688,-0.951021
1909,285.355194,-0.939535
1910,285.314331,-0.925197
1911,285.461914,-0.904557
1912,285.348297,-0.884253
1913,285.327820,-0.864615
1914,285.379578,-0.845299
1915,285.405853,-0.831671
1916,285.278107,-0.816759
1917,285.405487,-0.804967
1918,285.508484,-0.798974
1919,285.397003,-0.797646
1920,285.362000,-0.803153
1921,285.437592,-0.796253
1922,285.574768,-0.787929
1923,285.500458,-0.780575
1924,285.466034,-0.775461
1925,285.577759,-0.765933
1926,285.761780,-0.759939
1927,285.724457,-0.748863
1928,285.679749,-0.735545
1929,285.675507,-0.725852
1930,285.600708,-0.718501
1931,285.649017,-0.705032
1932,285.759094,-0.696166
1933,285.449890,-0.690813
1934,285.351013,-0.672651
1935,285.234741,-0.655398
1936,285.578644,-0.642028
1937,285.660156,-0.640491
1938,285.594330,-0.631092
1939,285.508606,-0.622142
1940,285.600159,-0.621002
1941,285.641754,-0.623021
1942,285.680573,-0.625024
1943,285.727356,-0.630518
1944,285.670349,-0.630283
1945,285.626404,-0.617794
1946,285.682159,-0.607589
1947,285.671478,-0.610164
1948,285.669067,-0.605528
1949,285.941864,-0.603890
1950,285.879608,-0.601561
1951,285.838684,-0.605798
1952,285.620880,-0.605228
1953,285.782410,-0.606072
1954,285.734558,-0.603492
1955,285.611938,-0.599958
1956,285.701202,-0.597959
1957,285.664368,-0.597836
1958,285.514954,-0.596520
1959,285.682556,-0.591794
1960,285.975372,-0.588528
1961,285.955170,-0.583893
1962,285.681824,-0.577945
1963,285.588989,-0.574881
1964,285.400146,-0.583425
1965,285.304596,-0.589273
1966,285.451538,-0.588401
1967,285.677277,-0.578497
1968,285.569000,-0.577211
1969,285.585999,-0.572698
1970,285.706177,-0.568879
1971,285.701721,-0.561227
1972,285.684265,-0.547818
1973,285.766846,-0.527948
1974,285.812134,-0.509854
1975,285.724365,-0.499701
1976,285.821228,-0.496960
1977,285.849915,-0.487294
1978,285.760986,-0.466672
1979,285.685547,-0.441163
1980,285.704163,-0.415683
1981,285.864838,-0.391573
1982,285.917999,-0.368814
1983,285.820984,-0.337027
1984,285.869965,-0.305517
1985,285.726501,-0.275945
1986,285.930756,-0.246369
1987,286.066650,-0.216697
1988,286.111053,-0.190891
1989,286.225372,-0.165598
1990,286.279968,-0.134637
1991,286.037384,-0.109176
1992,285.971832,-0.085339
1993,286.207642,-0.060737
1994,286.165405,-0.030839
1995,286.069000,-0.000005
1996,286.174835,0.023971
1997,286.360046,0.047818
1998,286.522614,0.082059
1999,286.531311,0.115827
2000,286.593323,0.154261
2001,286.588989,0.186516
2002,286.574432,0.216604
2003,286.541046,0.248669
2004,286.570923,0.272315
2005,286.653168,0.294574
2006,286.585083,0.326541
2007,286.565002,0.362552
2008,286.499054,0.389560
2009,286.582489,0.420747
2010,286.629181,0.460067
2011,286.584106,0.492845
2012,286.633423,0.517613
2013,286.848206,0.538751
2014,286.883026,0.560265
2015,286.879517,0.580492
2016,286.898407,0.600182
2017,286.969269,0.627545
2018,287.073029,0.649800
2019,286.934753,0.672865
2020,286.947723,0.697302
2021,286.996399,0.718323
2022,287.052155,0.744111
2023,287.017883,0.777089
2024,287.101013,0.802423
2025,287.248596,0.826537
2026,287.158173,0.853422
2027,287.103088,0.878810
2028,287.156769,0.903732
2029,287.176727,0.929816
2030,287.200134,0.961857
2031,287.179688,0.994459
2032,287.395325,1.021030
2033,287.208679,1.039210
2034,287.262878,1.065447
2035,287.386292,1.091654
2036,287.215698,1.118361
2037,287.338654,1.144381
2038,287.488403,1.174257
2039,287.342499,1.198876
2040,287.352600,1.216088
2041,287.390656,1.242454
2042,287.395050,1.268931
2043,287.595886,1.301101
2044,287.665527,1.327752
2045,287.840759,1.356398
2046,287.876465,1.379210
2047,287.766388,1.404782
2048,287.618439,1.432250
2049,287.721863,1.459822
2050,287.733948,1.478586
2051,287.797607,1.509498
2052,287.832733,1.533014
2053,287.914185,1.559300
2054,287.839569,1.586090
2055,287.764954,1.620159
2056,287.949158,1.654053
2057,287.897400,1.680625
2058,288.121857,1.704259
2059,287.976257,1.722854
2060,288.059509,1.736020
2061,287.864075,1.749291
2062,288.162476,1.768022
2063,288.032715,1.794980
2064,288.090027,1.823821
2065,287.949219,1.855478
2066,288.143066,1.877762
2067,288.044128,1.906108
2068,288.276978,1.928275
2069,288.146210,1.953723
2070,288.374664,1.982221
2071,288.407471,2.005311
2072,288.192230,2.032503
2073,288.304901,2.055190
2074,288.223358,2.089733
2075,288.235748,2.123580
2076,288.274597,2.167401
2077,288.328308,2.194428
2078,288.427185,2.216301
2079,288.587097,2.238287
2080,288.683655,2.271040
2081,288.466125,2.296958
2082,288.683105,2.329299
2083,288.579193,2.360531
2084,288.603027,2.393751
2085,288.619904,2.416988
2086,288.641846,2.442955
2087,288.713165,2.477161
2088,288.802460,2.508676
2089,289.012543,2.543973
2090,289.074921,2.579921
2091,289.178711,2.615639
2092,288.973297,2.650631
2093,288.688904,2.683391
2094,288.749603,2.711885
2095,288.931793,2.738225
2096,288.920624,2.772880
2097,289.014343,2.801367
2098,289.213928,2.834382
2099,289.142822,2.867667
2100,289.071777,2.901453
