bcc-csm1-1,1861,2300,rcp85,zostoga,m
1861,-0.001134
1862,-0.000886
1863,-0.001345
1864,-0.000502
1865,-0.000606
1866,-0.000149
1867,0.000950
1868,0.001069
1869,0.001215
1870,0.002048
1871,0.002164
1872,0.002268
1873,0.002967
1874,0.003473
1875,0.003643
1876,0.004124
1877,0.004224
1878,0.004374
1879,0.005443
1880,0.006207
1881,0.006657
1882,0.007455
1883,0.007215
1884,-0.000368
1885,-0.002446
1886,-0.001629
1887,-0.000137
1888,0.000300
1889,0.000928
1890,0.000114
1891,-0.002513
1892,-0.002469
1893,-0.001739
1894,-0.000722
1895,-0.000890
1896,-0.000891
1897,-0.000350
1898,-0.000747
1899,-0.000848
1900,-0.000417
1901,-0.000205
1902,0.000568
1903,-0.004534
1904,-0.006929
1905,-0.006273
1906,-0.005394
1907,-0.005225
1908,-0.004928
1909,-0.004863
1910,-0.004253
1911,-0.004008
1912,-0.003994
1913,-0.004212
1914,-0.004360
1915,-0.003912
1916,-0.003249
1917,-0.002948
1918,-0.002805
1919,-0.001956
1920,-0.001631
1921,-0.001632
1922,-0.001243
1923,-0.000988
1924,0.000211
1925,0.001421
1926,0.001722
1927,0.002043
1928,0.002301
1929,0.002371
1930,0.002993
1931,0.003958
1932,0.004668
1933,0.004544
1934,0.004401
1935,0.004865
1936,0.005669
1937,0.005999
1938,0.006367
1939,0.006289
1940,0.006224
1941,0.006246
1942,0.005951
1943,0.005667
1944,0.005576
1945,0.006257
1946,0.006131
1947,0.007093
1948,0.007741
1949,0.007970
1950,0.008541
1951,0.008383
1952,0.009149
1953,0.009107
1954,0.009037
1955,0.010232
1956,0.010721
1957,0.011180
1958,0.011937
1959,0.013086
1960,0.013229
1961,0.014627
1962,0.015228
1963,0.012902
1964,0.009335
1965,0.009801
1966,0.011460
1967,0.012560
1968,0.013531
1969,0.013825
1970,0.013863
1971,0.015297
1972,0.016362
1973,0.017833
1974,0.018382
1975,0.018700
1976,0.019598
1977,0.020577
1978,0.021324
1979,0.022631
1980,0.023505
1981,0.025032
1982,0.025610
1983,0.023508
1984,0.024442
1985,0.026950
1986,0.029155
1987,0.030792
1988,0.033092
1989,0.035536
1990,0.037568
1991,0.038625
1992,0.033907
1993,0.034309
1994,0.036554
1995,0.038433
1996,0.039907
1997,0.041302
1998,0.043932
1999,0.045302
2000,0.046144
2001,0.048142
2002,0.049351
2003,0.050467
2004,0.052408
2005,0.053913
2006,0.055704
2007,0.057943
2008,0.058849
2009,0.060324
2010,0.061511
2011,0.061618
2012,0.062478
2013,0.064548
2014,0.066431
2015,0.069054
2016,0.070946
2017,0.072397
2018,0.074477
2019,0.075482
2020,0.077003
2021,0.078307
2022,0.080257
2023,0.082933
2024,0.084155
2025,0.087169
2026,0.089244
2027,0.091714
2028,0.092388
2029,0.094267
2030,0.096766
2031,0.098680
2032,0.100916
2033,0.104044
2034,0.106859
2035,0.108043
2036,0.109952
2037,0.112238
2038,0.114130
2039,0.117293
2040,0.119257
2041,0.121102
2042,0.123109
2043,0.124746
2044,0.127898
2045,0.130050
2046,0.131499
2047,0.133640
2048,0.136831
2049,0.139907
2050,0.142968
2051,0.145687
2052,0.148665
2053,0.152258
2054,0.154628
2055,0.157255
2056,0.160325
2057,0.162511
2058,0.165644
2059,0.169180
2060,0.172891
2061,0.176354
2062,0.180308
2063,0.184232
2064,0.187245
2065,0.191185
2066,0.195181
2067,0.198953
2068,0.202125
2069,0.205312
2070,0.208366
2071,0.211870
2072,0.215754
2073,0.218677
2074,0.222514
2075,0.226597
2076,0.230788
2077,0.233951
2078,0.237834
2079,0.242247
2080,0.245732
2081,0.249426
2082,0.253023
2083,0.256649
2084,0.260575
2085,0.264190
2086,0.268604
2087,0.272098
2088,0.275256
2089,0.280019
2090,0.284086
2091,0.287905
2092,0.292249
2093,0.296531
2094,0.300319
2095,0.303988
2096,0.308047
2097,0.312277
2098,0.314938
2099,0.319228
2100,0.322380
2101,0.326860
2102,0.331661
2103,0.336872
2104,0.341181
2105,0.346104
2106,0.350503
2107,0.353594
2108,0.357792
2109,0.362267
2110,0.366529
2111,0.370979
2112,0.374718
2113,0.379064
2114,0.384103
2115,0.388287
2116,0.392455
2117,0.397145
2118,0.401709
2119,0.406387
2120,0.411099
2121,0.415605
2122,0.420258
2123,0.423893
2124,0.428231
2125,0.432864
2126,0.437635
2127,0.441924
2128,0.446481
2129,0.451766
2130,0.455888
2131,0.460501
2132,0.465144
2133,0.470089
2134,0.474943
2135,0.479941
2136,0.485429
2137,0.490377
2138,0.495110
2139,0.499128
2140,0.503795
2141,0.509068
2142,0.513747
2143,0.519022
2144,0.523432
2145,0.528416
2146,0.532959
2147,0.536609
2148,0.541195
2149,0.546020
2150,0.550605
2151,0.555408
2152,0.560489
2153,0.565811
2154,0.570615
2155,0.575087
2156,0.580593
2157,0.585775
2158,0.590638
2159,0.596543
2160,0.601166
2161,0.605539
2162,0.609822
2163,0.614253
2164,0.619154
2165,0.624772
2166,0.629948
2167,0.635094
2168,0.639747
2169,0.644942
2170,0.650109
2171,0.655463
2172,0.660327
2173,0.664604
2174,0.670420
2175,0.676433
2176,0.681580
2177,0.685768
2178,0.690705
2179,0.696395
2180,0.701269
2181,0.706415
2182,0.711014
2183,0.715258
2184,0.720174
2185,0.724961
2186,0.730553
2187,0.735248
2188,0.739919
2189,0.744476
2190,0.749162
2191,0.754902
2192,0.760212
2193,0.765110
2194,0.769401
2195,0.773299
2196,0.778703
2197,0.784042
2198,0.788758
2199,0.793017
2200,0.797926
2201,0.801621
2202,0.806267
2203,0.810289
2204,0.814714
2205,0.818770
2206,0.823699
2207,0.828732
2208,0.834535
2209,0.839813
2210,0.844130
2211,0.849521
2212,0.854533
2213,0.858768
2214,0.864486
2215,0.869419
2216,0.873383
2217,0.876812
2218,0.881335
2219,0.886403
2220,0.891520
2221,0.895883
2222,0.899915
2223,0.903421
2224,0.907860
2225,0.913064
2226,0.916948
2227,0.920331
2228,0.925616
2229,0.930309
2230,0.935297
2231,0.939235
2232,0.943642
2233,0.948464
2234,0.952613
2235,0.957493
2236,0.962348
2237,0.966789
2238,0.971511
2239,0.976005
2240,0.980288
2241,0.984193
2242,0.987991
2243,0.991591
2244,0.995675
2245,0.999733
2246,1.003788
2247,1.008741
2248,1.013353
2249,1.016842
2250,1.020774
2251,1.024368
2252,1.028579
2253,1.032694
2254,1.036433
2255,1.039755
2256,1.043798
2257,1.048165
2258,1.051160
2259,1.055622
2260,1.060277
2261,1.064594
2262,1.069157
2263,1.073143
2264,1.076128
2265,1.080105
2266,1.083679
2267,1.086675
2268,1.090811
2269,1.094317
2270,1.098045
2271,1.102129
2272,1.105950
2273,1.109853
2274,1.113619
2275,1.117343
2276,1.120705
2277,1.124385
2278,1.127870
2279,1.131727
2280,1.135442
2281,1.139135
2282,1.141945
2283,1.145094
2284,1.149319
2285,1.152780
2286,1.156975
2287,1.161179
2288,1.164661
2289,1.168729
2290,1.171615
2291,1.174471
2292,1.177953
2293,1.181315
2294,1.185023
2295,1.187965
2296,1.192014
2297,1.194848
2298,1.197840
2299,1.201201
2300,1.204345
