ccsm4,1875,2299,rcp45,global tas,K
1875,286.591614,-0.995193
1876,286.574219,-0.994711
1877,286.451996,-1.002125
1878,286.384705,-1.010222
1879,286.470886,-1.012689
1880,286.682190,-1.010728
1881,286.614685,-1.006012
1882,286.487183,-1.003082
1883,286.421478,-0.999892
1884,286.027679,-1.003810
1885,286.277039,-1.004563
1886,286.172241,-1.000656
1887,286.086853,-0.996701
1888,286.339935,-1.017459
1889,286.361969,-1.034698
1890,286.418915,-1.046610
1891,286.456177,-1.059466
1892,286.250702,-1.066977
1893,286.288208,-1.065229
1894,286.502258,-1.058922
1895,286.544006,-1.064147
1896,286.385590,-1.072626
1897,286.461456,-1.076005
1898,286.572662,-1.077876
1899,286.506042,-1.062759
1900,286.484039,-1.055915
1901,286.667419,-1.040899
1902,286.594086,-1.022536
1903,285.905273,-1.017209
1904,285.930420,-1.009394
1905,286.234283,-1.000096
1906,286.188538,-0.995911
1907,286.226654,-0.982744
1908,286.437134,-0.967397
1909,286.660095,-0.955412
1910,286.525452,-0.951282
1911,286.360321,-0.940797
1912,286.385803,-0.924898
1913,286.365356,-0.918131
1914,286.481171,-0.916492
1915,286.482361,-0.905961
1916,286.622742,-0.898211
1917,286.637726,-0.896528
1918,286.499756,-0.875259
1919,286.596405,-0.850505
1920,286.697876,-0.841824
1921,286.581726,-0.824196
1922,286.645691,-0.805731
1923,286.748627,-0.795484
1924,286.861816,-0.790818
1925,286.667908,-0.778869
1926,286.700134,-0.763228
1927,286.938416,-0.751478
1928,286.775696,-0.737806
1929,286.555206,-0.729946
1930,286.799957,-0.723075
1931,286.899933,-0.718413
1932,286.644562,-0.710604
1933,286.543335,-0.698512
1934,286.673065,-0.696418
1935,286.494690,-0.697074
1936,286.717377,-0.688110
1937,286.780609,-0.679582
1938,286.744537,-0.675656
1939,286.800079,-0.678240
1940,286.883942,-0.673806
1941,286.829529,-0.668099
1942,286.738312,-0.668958
1943,286.775513,-0.667538
1944,286.716980,-0.656197
1945,286.688477,-0.654048
1946,286.762604,-0.659121
1947,286.872009,-0.656496
1948,286.862518,-0.655304
1949,286.659210,-0.657971
1950,286.678192,-0.651811
1951,286.850647,-0.653071
1952,286.901550,-0.657443
1953,286.866394,-0.654851
1954,286.784302,-0.646325
1955,286.800934,-0.643884
1956,286.871338,-0.647087
1957,286.912659,-0.642546
1958,286.818268,-0.640053
1959,286.895447,-0.633047
1960,286.864441,-0.622259
1961,286.747742,-0.608341
1962,286.723297,-0.601631
1963,286.579102,-0.596179
1964,286.593048,-0.582070
1965,286.679504,-0.565015
1966,286.679565,-0.551378
1967,286.649445,-0.543590
1968,286.822296,-0.539400
1969,287.055878,-0.531911
1970,286.957153,-0.523399
1971,286.733459,-0.511130
1972,286.874542,-0.498681
1973,286.850281,-0.488218
1974,286.927155,-0.479149
1975,287.012115,-0.462720
1976,287.180145,-0.441976
1977,287.073334,-0.427687
1978,287.026062,-0.402523
1979,287.082489,-0.384194
1980,287.189850,-0.369511
1981,287.259735,-0.353540
1982,287.135193,-0.329725
1983,286.992096,-0.304753
1984,287.008972,-0.289232
1985,287.056305,-0.267368
1986,287.239410,-0.232264
1987,287.286133,-0.201482
1988,287.132141,-0.176358
1989,287.167511,-0.151698
1990,287.357330,-0.126974
1991,287.370056,-0.103125
1992,287.151978,-0.072407
1993,287.334015,-0.048253
1994,287.142914,-0.024699
1995,287.119995,-0.000003
1996,287.158691,0.019089
1997,287.363892,0.038090
1998,287.571472,0.064763
1999,287.521484,0.098873
2000,287.613098,0.129602
2001,287.786560,0.153150
2002,287.798004,0.176548
2003,287.604004,0.202724
2004,287.666962,0.227185
2005,287.753815,0.245677
2006,287.895630,0.266271
2007,287.994873,0.295919
2008,287.750671,0.317058
2009,287.789124,0.347924
2010,287.930725,0.379817
2011,287.832489,0.410122
2012,287.705231,0.439142
2013,287.792297,0.458355
2014,288.032257,0.477003
2015,287.978180,0.493310
2016,287.945862,0.509876
2017,287.988068,0.529012
2018,287.917419,0.552360
2019,287.901337,0.575692
2020,287.912079,0.594844
2021,287.987885,0.608655
2022,288.041412,0.620082
2023,287.968201,0.642107
2024,288.068878,0.665975
2025,288.076782,0.685478
2026,288.067841,0.708421
2027,288.234497,0.730010
2028,288.147858,0.755525
2029,288.080933,0.776072
2030,288.102295,0.797510
2031,288.283569,0.817256
2032,288.372070,0.837343
2033,288.304443,0.863441
2034,288.366913,0.889368
2035,288.328369,0.912594
2036,288.309967,0.930857
2037,288.337677,0.951116
2038,288.411438,0.976632
2039,288.505157,0.996170
2040,288.515808,1.015570
2041,288.520782,1.031532
2042,288.352905,1.040204
2043,288.557739,1.057526
2044,288.648682,1.079940
2045,288.621307,1.105476
2046,288.538239,1.126956
2047,288.590698,1.143835
2048,288.700348,1.167766
2049,288.679138,1.187978
2050,288.608856,1.205849
2051,288.535797,1.224751
2052,288.649170,1.243572
2053,288.733673,1.260165
2054,288.655029,1.272480
2055,288.658783,1.292085
2056,288.546692,1.311392
2057,288.494659,1.330572
2058,288.667511,1.341523
2059,288.753357,1.351352
2060,288.868378,1.366491
2061,288.927979,1.379508
2062,288.878448,1.392399
2063,289.022369,1.400499
2064,288.973267,1.408024
2065,288.864502,1.420678
2066,288.877014,1.441351
2067,288.902313,1.458259
2068,288.909241,1.463224
2069,288.874603,1.474640
2070,289.103943,1.485689
2071,289.100006,1.502488
2072,288.928284,1.521721
2073,288.886292,1.533410
2074,288.943542,1.542894
2075,289.075470,1.548348
2076,288.928772,1.550813
2077,288.977417,1.555848
2078,288.943329,1.556906
2079,288.904907,1.558742
2080,288.988464,1.569267
2081,289.156006,1.580123
2082,289.156403,1.583063
2083,288.882629,1.587987
2084,288.997498,1.599391
2085,288.990265,1.605744
2086,289.050659,1.605383
2087,289.071655,1.609736
2088,289.018158,1.614603
2089,289.037872,1.620960
2090,289.032013,1.623817
2091,289.001923,1.634230
2092,289.029510,1.645032
2093,289.054108,1.657089
2094,289.028351,1.663806
2095,289.180237,1.674287
2096,289.202698,1.682935
2097,288.990509,1.686466
2098,289.056976,1.702474
2099,289.216705,1.714992
2100,289.294556,1.724941
2101,289.089172,1.740326
2102,289.058868,1.750949
2103,289.032288,1.758012
2104,289.134277,1.764659
2105,289.161163,1.771512
2106,289.241180,1.783903
2107,289.301453,1.796989
2108,289.305054,1.804394
2109,289.106415,1.809126
2110,289.302887,1.817932
2111,289.415436,1.825382
2112,289.262329,1.834019
2113,289.362885,1.840366
2114,289.373047,1.838317
2115,289.288727,1.838301
2116,289.512207,1.847418
2117,289.390350,1.855714
2118,289.230042,1.867752
2119,289.237274,1.880115
2120,289.237610,1.891641
2121,289.373657,1.900296
2122,289.422089,1.903881
2123,289.276276,1.910739
2124,289.170288,1.920193
2125,289.444427,1.920882
2126,289.426178,1.918847
2127,289.249634,1.927426
2128,289.247375,1.930833
2129,289.155243,1.926667
2130,289.294067,1.931317
2131,289.362701,1.928009
2132,289.307739,1.928458
2133,289.393433,1.934537
2134,289.505157,1.944903
2135,289.506958,1.957328
2136,289.500824,1.956764
2137,289.408997,1.954657
2138,289.510803,1.961757
2139,289.390045,1.970007
2140,289.323547,1.973037
2141,289.354370,1.974753
2142,289.519714,1.979322
2143,289.465088,1.984635
2144,289.248077,1.992599
2145,289.428223,1.993215
2146,289.412964,1.991894
2147,289.403809,1.996564
2148,289.412415,2.000006
2149,289.548248,1.995612
2150,289.610382,1.990554
2151,289.356720,1.990827
2152,289.358887,1.990886
2153,289.489288,1.985087
2154,289.417786,1.987589
2155,289.535309,1.994491
2156,289.477661,1.996338
2157,289.386719,1.992682
2158,289.406769,1.992861
2159,289.394165,1.999352
2160,289.312531,2.003391
2161,289.323090,2.010755
2162,289.447815,2.016352
2163,289.496704,2.018666
2164,289.373322,2.019808
2165,289.355225,2.020208
2166,289.509033,2.025543
2167,289.410767,2.031394
2168,289.336823,2.031372
2169,289.465088,2.033623
2170,289.530609,2.033238
2171,289.409790,2.031548
2172,289.410034,2.035978
2173,289.470459,2.034023
2174,289.442810,2.031517
2175,289.549377,2.038263
2176,289.633911,2.050209
2177,289.571716,2.058899
2178,289.481812,2.061398
2179,289.582520,2.062098
2180,289.622375,2.066078
2181,289.516785,2.068626
2182,289.534393,2.075987
2183,289.488647,2.082363
2184,289.485321,2.084364
2185,289.523743,2.088552
2186,289.426971,2.098178
2187,289.519623,2.101708
2188,289.348114,2.107611
2189,289.318970,2.115906
2190,289.514923,2.118267
2191,289.681458,2.119149
2192,289.708527,2.120676
2193,289.571686,2.122756
2194,289.394318,2.120481
2195,289.474609,2.115895
2196,289.585480,2.119935
2197,289.631592,2.124264
2198,289.528107,2.122486
2199,289.525116,2.124804
2200,289.656250,2.132132
2201,289.698578,2.134688
2202,289.515930,2.133765
2203,289.647552,2.143684
2204,289.691650,2.154207
2205,289.620209,2.157447
2206,289.660370,2.151816
2207,289.617523,2.144862
2208,289.544220,2.149935
2209,289.514282,2.163418
2210,289.484772,2.164066
2211,289.638000,2.161556
2212,289.664246,2.161829
2213,289.435333,2.162811
2214,289.554840,2.164723
2215,289.743591,2.163589
2216,289.503662,2.163192
2217,289.491913,2.166405
2218,289.645691,2.167192
2219,289.634674,2.163938
2220,289.612122,2.163724
2221,289.512512,2.169139
2222,289.499908,2.175341
2223,289.723877,2.173983
2224,289.798798,2.176062
2225,289.494049,2.179731
2226,289.510193,2.178455
2227,289.639771,2.175231
2228,289.557587,2.181450
2229,289.582458,2.183126
2230,289.622253,2.179262
2231,289.686646,2.182975
2232,289.612335,2.185431
2233,289.671143,2.186951
2234,289.594055,2.186895
2235,289.613770,2.185639
2236,289.822815,2.188113
2237,289.803589,2.193466
2238,289.503479,2.191841
2239,289.576660,2.182179
2240,289.594849,2.187679
2241,289.599701,2.193653
2242,289.567535,2.197325
2243,289.621918,2.198803
2244,289.605103,2.195048
2245,289.627686,2.186891
2246,289.615051,2.181124
2247,289.565582,2.181653
2248,289.691284,2.181161
2249,289.632996,2.184486
2250,289.574463,2.187546
2251,289.586731,2.189678
2252,289.660492,2.189582
2253,289.675110,2.194869
2254,289.508942,2.190300
2255,289.659058,2.189919
2256,289.689423,2.190109
2257,289.749908,2.191028
2258,289.601929,2.194142
2259,289.469818,2.199203
2260,289.377533,2.199739
2261,289.513641,2.205310
2262,289.628204,2.209972
2263,289.656403,2.206127
2264,289.693787,2.205812
2265,289.705566,2.211670
2266,289.886780,2.211321
2267,289.800720,2.212100
2268,289.662079,2.210933
2269,289.439606,2.215788
2270,289.583405,2.211800
2271,289.605408,2.211335
2272,289.595093,2.206186
2273,289.715332,2.204629
2274,289.756927,2.215586
2275,289.643768,2.226256
2276,289.782196,2.229420
2277,289.705444,2.229580
2278,289.575928,2.231682
2279,289.623535,2.228214
2280,289.750214,2.224868
2281,289.576263,2.220642
2282,289.683868,2.219222
2283,289.640106,2.221746
2284,289.654572,2.234249
2285,289.539429,2.238163
2286,289.675476,2.241418
2287,289.595428,2.245092
2288,289.555237,2.244833
2289,289.798523,2.243262
2290,289.697632,2.245538
2291,289.608551,2.243274
2292,289.632996,2.243644
2293,289.719482,2.248406
2294,289.589722,2.251656
2295,289.605194,2.250758
2296,289.760010,2.255733
2297,289.758118,2.257197
2298,289.737793,2.260194
2299,289.814697,2.262784
