bcc-csm1-1,1875,2100,rcp60,global tas,K
1875,287.136414,-0.930435
1876,287.082214,-0.938060
1877,287.119110,-0.944261
1878,286.962006,-0.938894
1879,287.124329,-0.935939
1880,287.179718,-0.930367
1881,287.156799,-0.925514
1882,287.161743,-0.922875
1883,287.067169,-0.917460
1884,286.571075,-0.912528
1885,286.796722,-0.911625
1886,286.760040,-0.913049
1887,286.900024,-0.911988
1888,286.821930,-0.926363
1889,286.783936,-0.940970
1890,286.922882,-0.953470
1891,286.659332,-0.960725
1892,286.784576,-0.968377
1893,286.872498,-0.973274
1894,286.982269,-0.981031
1895,287.049408,-0.993976
1896,286.964691,-1.005566
1897,287.029663,-1.016664
1898,287.078369,-1.026077
1899,287.129639,-1.016515
1900,287.067108,-1.010996
1901,287.078278,-1.002836
1902,287.086365,-0.999392
1903,286.663483,-0.993422
1904,286.658081,-0.985858
1905,286.761414,-0.976408
1906,286.864563,-0.963794
1907,286.889557,-0.953058
1908,286.815094,-0.947210
1909,286.891602,-0.943283
1910,286.791382,-0.938133
1911,286.809082,-0.932687
1912,286.828827,-0.921469
1913,286.784760,-0.916590
1914,286.857941,-0.916563
1915,286.962280,-0.916178
1916,287.004852,-0.908685
1917,287.003357,-0.904923
1918,287.001007,-0.884776
1919,287.010864,-0.866355
1920,287.206390,-0.851357
1921,287.037750,-0.843017
1922,287.106659,-0.831655
1923,287.047943,-0.816799
1924,287.100067,-0.807275
1925,287.203918,-0.794691
1926,287.128052,-0.782400
1927,287.366211,-0.770565
1928,287.224731,-0.756891
1929,287.130463,-0.745057
1930,287.078644,-0.736302
1931,287.303070,-0.728897
1932,287.199219,-0.721341
1933,287.267914,-0.715109
1934,287.210693,-0.706585
1935,287.211365,-0.709410
1936,287.114777,-0.706231
1937,287.230408,-0.703032
1938,287.260773,-0.696368
1939,287.177307,-0.694430
1940,287.168915,-0.694730
1941,287.177795,-0.692939
1942,287.183899,-0.697314
1943,287.194977,-0.695098
1944,287.212952,-0.692311
1945,287.224945,-0.686456
1946,287.226990,-0.691363
1947,287.230042,-0.687323
1948,287.187958,-0.693183
1949,287.266602,-0.703087
1950,287.121643,-0.709934
1951,287.133118,-0.710868
1952,287.202606,-0.712723
1953,287.247864,-0.716082
1954,287.158234,-0.717051
1955,287.194916,-0.718092
1956,287.181763,-0.716621
1957,287.234955,-0.715739
1958,287.291229,-0.713357
1959,287.214081,-0.705098
1960,287.254272,-0.703372
1961,287.155884,-0.698284
1962,287.320404,-0.694358
1963,287.092102,-0.691431
1964,286.913574,-0.685033
1965,287.005951,-0.677073
1966,287.086761,-0.664092
1967,287.174774,-0.655372
1968,287.160004,-0.650058
1969,287.148224,-0.638031
1970,287.137695,-0.627216
1971,287.221924,-0.609314
1972,287.210358,-0.593382
1973,287.266449,-0.576854
1974,287.460693,-0.555307
1975,287.276733,-0.532053
1976,287.379639,-0.506440
1977,287.347809,-0.498331
1978,287.275787,-0.478717
1979,287.458527,-0.450177
1980,287.360443,-0.425461
1981,287.522552,-0.397429
1982,287.464203,-0.370304
1983,287.407288,-0.343792
1984,287.519043,-0.315577
1985,287.519379,-0.285936
1986,287.718811,-0.258371
1987,287.712921,-0.227886
1988,287.787048,-0.202237
1989,287.860504,-0.181341
1990,287.951904,-0.154432
1991,287.924255,-0.128083
1992,287.563690,-0.097048
1993,287.680511,-0.060906
1994,287.769775,-0.032271
1995,287.747437,-0.000014
1996,287.927704,0.026977
1997,287.988525,0.051925
1998,287.955383,0.080584
1999,287.994659,0.107403
2000,288.026917,0.132326
2001,288.048889,0.150730
2002,288.124908,0.167293
2003,288.035919,0.182761
2004,288.087585,0.200099
2005,288.083984,0.210919
2006,288.170105,0.223498
2007,288.278870,0.245603
2008,288.360046,0.263671
2009,288.317566,0.278678
2010,288.328156,0.300741
2011,288.332275,0.321569
2012,288.212646,0.341324
2013,288.267059,0.363641
2014,288.323608,0.383802
2015,288.267090,0.402257
2016,288.270935,0.420895
2017,288.209808,0.437481
2018,288.251068,0.458731
2019,288.380646,0.475783
2020,288.276520,0.497965
2021,288.301605,0.519161
2022,288.226868,0.533360
2023,288.222534,0.546274
2024,288.220001,0.563104
2025,288.409302,0.580267
2026,288.552551,0.597981
2027,288.581177,0.621878
2028,288.624908,0.644919
2029,288.599487,0.666206
2030,288.580566,0.687563
2031,288.608032,0.711469
2032,288.622467,0.743119
2033,288.673431,0.765741
2034,288.599152,0.783384
2035,288.749451,0.807327
2036,288.805969,0.835347
2037,288.704834,0.868513
2038,288.747467,0.901618
2039,288.822479,0.935893
2040,288.843048,0.961325
2041,288.863678,0.982675
2042,288.929565,1.004088
2043,288.958282,1.026473
2044,288.962219,1.050397
2045,288.907806,1.072056
2046,288.988098,1.095083
2047,289.159332,1.115421
2048,288.929718,1.133463
2049,288.909943,1.157526
2050,288.994812,1.176882
2051,289.142212,1.194594
2052,289.221832,1.215369
2053,289.215698,1.235762
2054,289.248230,1.256014
2055,289.172272,1.275548
2056,289.193054,1.294669
2057,289.223572,1.314588
2058,289.296448,1.329712
2059,289.317200,1.347283
2060,289.230347,1.363991
2061,289.298828,1.379129
2062,289.232605,1.391112
2063,289.214691,1.415330
2064,289.321045,1.437446
2065,289.330139,1.456022
2066,289.337341,1.473742
2067,289.328064,1.491024
2068,289.359253,1.512188
2069,289.430054,1.527631
2070,289.429077,1.545085
2071,289.437286,1.564874
2072,289.527161,1.587349
2073,289.411987,1.609827
2074,289.489349,1.629575
2075,289.409058,1.651051
2076,289.442230,1.672047
2077,289.518829,1.696677
2078,289.656250,1.720331
2079,289.573425,1.743140
2080,289.552094,1.766796
2081,289.673798,1.786368
2082,289.740295,1.807396
2083,289.850616,1.828737
2084,289.711517,1.848098
2085,289.695892,1.866825
2086,289.786743,1.889472
2087,289.897827,1.909885
2088,289.970764,1.934898
2089,289.909637,1.958092
2090,289.874634,1.984725
2091,289.928711,2.011013
2092,289.971497,2.035508
2093,289.924316,2.056184
2094,290.005310,2.080382
2095,290.039825,2.106052
2096,289.924500,2.128427
2097,289.958923,2.149346
2098,289.999481,2.167348
2099,290.010864,2.190749
2100,289.990906,2.215431
