miroc5,1875,2100,rcp85,global tas,K
1875,287.643280,-0.467826
1876,287.685577,-0.468257
1877,287.898346,-0.480991
1878,287.918060,-0.490535
1879,287.590118,-0.487607
1880,287.577637,-0.478653
1881,287.584442,-0.471941
1882,287.676575,-0.472550
1883,287.759155,-0.482461
1884,287.664795,-0.488311
1885,287.388458,-0.486633
1886,287.408478,-0.489524
1887,287.521820,-0.501134
1888,287.599854,-0.510801
1889,287.871277,-0.514843
1890,287.997345,-0.517937
1891,287.664185,-0.517829
1892,287.358490,-0.520427
1893,287.521149,-0.523128
1894,287.667297,-0.516805
1895,287.782471,-0.513039
1896,287.808868,-0.507100
1897,287.677917,-0.502871
1898,287.580078,-0.505549
1899,287.701538,-0.507468
1900,287.745789,-0.495964
1901,287.690887,-0.485132
1902,287.592957,-0.480392
1903,287.598114,-0.474762
1904,287.512207,-0.478401
1905,287.550446,-0.487529
1906,287.688812,-0.480717
1907,287.820404,-0.460370
1908,287.837036,-0.448129
1909,287.779816,-0.445000
1910,287.690613,-0.446807
1911,287.762604,-0.447567
1912,287.803467,-0.443442
1913,287.678802,-0.437015
1914,287.607239,-0.432165
1915,287.733582,-0.425254
1916,287.733429,-0.409661
1917,287.664001,-0.387565
1918,287.768768,-0.383708
1919,287.762115,-0.380495
1920,287.723480,-0.369676
1921,287.868561,-0.363600
1922,287.968903,-0.359541
1923,287.888367,-0.355683
1924,287.761169,-0.350810
1925,287.728271,-0.343382
1926,287.786072,-0.342466
1927,287.801666,-0.343497
1928,287.772888,-0.335071
1929,287.847046,-0.324127
1930,287.953094,-0.320406
1931,288.158691,-0.314820
1932,288.255829,-0.302769
1933,287.713837,-0.294204
1934,287.608582,-0.289634
1935,287.875031,-0.279971
1936,287.871094,-0.268459
1937,287.942169,-0.257673
1938,287.952759,-0.257716
1939,287.926025,-0.257841
1940,287.913452,-0.252445
1941,287.790070,-0.246393
1942,287.772552,-0.240109
1943,287.931580,-0.230503
1944,287.935547,-0.219116
1945,287.845215,-0.207074
1946,287.901001,-0.208231
1947,288.025543,-0.227023
1948,288.025726,-0.228156
1949,287.899200,-0.227321
1950,288.013367,-0.226002
1951,288.213928,-0.217656
1952,288.292480,-0.225038
1953,287.887085,-0.240011
1954,287.757416,-0.250422
1955,287.890137,-0.256993
1956,287.967651,-0.259927
1957,287.990173,-0.263395
1958,288.061066,-0.273174
1959,288.188660,-0.278590
1960,288.314362,-0.271648
1961,288.123993,-0.263967
1962,287.692047,-0.274226
1963,287.679871,-0.286436
1964,287.633606,-0.289003
1965,287.914612,-0.291274
1966,288.121460,-0.300013
1967,287.720734,-0.317462
1968,287.503571,-0.327507
1969,287.613678,-0.329866
1970,287.716339,-0.332829
1971,287.702026,-0.334575
1972,287.668518,-0.334425
1973,287.638214,-0.339892
1974,287.773071,-0.348313
1975,288.053467,-0.358474
1976,288.131439,-0.359397
1977,287.717773,-0.348332
1978,287.659424,-0.327488
1979,287.822174,-0.314106
1980,287.945251,-0.315206
1981,287.951752,-0.318946
1982,287.769012,-0.300643
1983,287.585754,-0.274620
1984,287.686646,-0.251394
1985,287.801239,-0.232423
1986,287.915253,-0.212969
1987,287.994690,-0.189151
1988,287.897064,-0.159871
1989,287.936005,-0.128388
1990,288.009552,-0.106954
1991,288.096283,-0.098565
1992,288.024017,-0.075402
1993,288.305176,-0.049271
1994,288.035065,-0.023580
1995,287.881622,-0.000002
1996,288.009247,0.016905
1997,288.269836,0.044976
1998,288.284271,0.087563
1999,288.310455,0.128815
2000,288.285461,0.150362
2001,288.285645,0.165248
2002,288.383057,0.181211
2003,288.516602,0.210610
2004,288.717560,0.247152
2005,288.696503,0.272262
2006,288.383118,0.294936
2007,288.412659,0.322741
2008,288.443359,0.345008
2009,288.592896,0.376532
2010,288.652588,0.410456
2011,288.458954,0.440031
2012,288.611145,0.463803
2013,288.863373,0.496427
2014,288.924194,0.532039
2015,288.447662,0.556374
2016,288.361816,0.574861
2017,288.473602,0.596945
2018,288.779022,0.622434
2019,289.032257,0.651266
2020,288.762848,0.668310
2021,288.776520,0.690911
2022,288.858154,0.714775
2023,288.973206,0.743453
2024,288.980774,0.771288
2025,288.899353,0.790600
2026,288.896484,0.817712
2027,288.983002,0.849768
2028,289.263000,0.880695
2029,289.378815,0.899488
2030,289.015503,0.930914
2031,288.840240,0.967386
2032,289.045593,1.006562
2033,289.281281,1.040039
2034,289.582520,1.057899
2035,289.207794,1.082060
2036,289.061157,1.108015
2037,289.128571,1.140561
2038,289.303711,1.178069
2039,289.427948,1.213476
2040,289.231934,1.252373
2041,289.272339,1.288061
2042,289.572815,1.321423
2043,289.791168,1.350801
2044,289.488007,1.381090
2045,289.390442,1.429415
2046,289.455963,1.472159
2047,289.648895,1.504304
2048,289.783325,1.534664
2049,289.568054,1.562094
2050,289.487671,1.607313
2051,289.555176,1.661245
2052,289.834534,1.708168
2053,290.098450,1.743915
2054,290.042969,1.775602
2055,290.066284,1.818247
2056,289.967133,1.869273
2057,289.983856,1.909713
2058,290.144318,1.940872
2059,290.287506,1.979430
2060,290.465240,2.026296
2061,290.122559,2.082349
2062,290.009949,2.135073
2063,290.192078,2.174526
2064,290.405426,2.216766
2065,290.564362,2.265765
2066,290.679108,2.318121
2067,290.536255,2.369965
2068,290.376129,2.413021
2069,290.378571,2.448771
2070,290.511292,2.482182
2071,290.803101,2.526406
2072,290.786011,2.577744
2073,290.725952,2.622730
2074,290.644745,2.659645
2075,290.796417,2.692386
2076,291.137543,2.743990
2077,291.230621,2.799217
2078,290.966919,2.838139
2079,290.835266,2.870755
2080,290.957642,2.904977
2081,291.125854,2.939678
2082,291.389832,2.986256
2083,291.390137,3.044749
2084,291.115479,3.093668
2085,291.068604,3.138551
2086,291.293854,3.176590
2087,291.523987,3.216563
2088,291.493896,3.259903
2089,291.394958,3.307315
2090,291.447479,3.351035
2091,291.670685,3.384750
2092,291.666748,3.416727
2093,291.359741,3.458859
2094,291.383911,3.506744
2095,291.591034,3.551914
2096,291.720123,3.592842
2097,291.933594,3.626336
2098,292.130920,3.661185
2099,291.846130,3.706553
2100,291.857788,3.754849
