miroc-esm,1861,2300,rcp45,zostoga,m
1861,-0.037424
1862,-0.036561
1863,-0.035721
1864,-0.034930
1865,-0.032963
1866,-0.031604
1867,-0.030367
1868,-0.028901
1869,-0.027055
1870,-0.026494
1871,-0.025790
1872,-0.024595
1873,-0.023149
1874,-0.021556
1875,-0.020659
1876,-0.020403
1877,-0.019199
1878,-0.017830
1879,-0.016316
1880,-0.015719
1881,-0.014655
1882,-0.013902
1883,-0.012620
1884,-0.015588
1885,-0.016741
1886,-0.014763
1887,-0.013803
1888,-0.012712
1889,-0.011426
1890,-0.010450
1891,-0.010449
1892,-0.009684
1893,-0.008343
1894,-0.006650
1895,-0.004980
1896,-0.003943
1897,-0.003838
1898,-0.002492
1899,-0.001164
1900,0.000000
1901,0.000551
1902,0.002559
1903,0.001367
1904,0.000587
1905,0.001887
1906,0.002721
1907,0.004080
1908,0.004735
1909,0.006838
1910,0.007995
1911,0.009754
1912,0.011371
1913,0.011260
1914,0.012163
1915,0.014390
1916,0.016452
1917,0.017319
1918,0.019504
1919,0.021536
1920,0.023214
1921,0.024372
1922,0.026643
1923,0.029320
1924,0.030471
1925,0.031274
1926,0.032429
1927,0.033603
1928,0.034355
1929,0.034464
1930,0.036188
1931,0.037387
1932,0.038534
1933,0.039292
1934,0.040241
1935,0.042117
1936,0.043836
1937,0.046545
1938,0.047601
1939,0.049085
1940,0.051623
1941,0.053323
1942,0.054964
1943,0.056663
1944,0.058239
1945,0.059190
1946,0.060974
1947,0.061973
1948,0.064004
1949,0.065682
1950,0.066919
1951,0.068082
1952,0.068970
1953,0.069892
1954,0.070672
1955,0.071931
1956,0.071620
1957,0.073354
1958,0.075157
1959,0.075981
1960,0.077663
1961,0.079367
1962,0.080983
1963,0.080686
1964,0.079522
1965,0.078599
1966,0.079390
1967,0.080564
1968,0.081854
1969,0.081584
1970,0.083612
1971,0.085308
1972,0.087088
1973,0.088148
1974,0.090130
1975,0.090918
1976,0.092413
1977,0.094884
1978,0.096483
1979,0.097910
1980,0.099563
1981,0.101226
1982,0.101393
1983,0.100961
1984,0.102226
1985,0.104397
1986,0.106743
1987,0.108793
1988,0.111175
1989,0.113452
1990,0.115757
1991,0.117543
1992,0.115838
1993,0.116132
1994,0.118399
1995,0.121303
1996,0.124329
1997,0.126684
1998,0.130436
1999,0.132264
2000,0.134168
2001,0.136959
2002,0.139768
2003,0.140369
2004,0.141648
2005,0.143489
2006,0.146558
2007,0.148922
2008,0.151132
2009,0.153383
2010,0.156159
2011,0.159578
2012,0.162469
2013,0.165348
2014,0.167944
2015,0.170026
2016,0.172531
2017,0.175485
2018,0.177884
2019,0.181303
2020,0.184760
2021,0.187609
2022,0.190698
2023,0.193512
2024,0.195969
2025,0.199505
2026,0.203466
2027,0.207148
2028,0.209699
2029,0.212843
2030,0.215556
2031,0.219390
2032,0.223095
2033,0.226368
2034,0.230600
2035,0.233542
2036,0.236960
2037,0.240551
2038,0.243670
2039,0.248285
2040,0.252192
2041,0.255160
2042,0.258365
2043,0.262011
2044,0.265687
2045,0.269290
2046,0.272859
2047,0.276915
2048,0.281053
2049,0.285155
2050,0.289055
2051,0.293065
2052,0.296266
2053,0.299369
2054,0.302929
2055,0.305783
2056,0.309623
2057,0.314582
2058,0.319099
2059,0.323213
2060,0.327000
2061,0.331287
2062,0.336609
2063,0.340703
2064,0.343987
2065,0.348067
2066,0.352828
2067,0.356435
2068,0.359823
2069,0.362849
2070,0.366907
2071,0.370912
2072,0.374979
2073,0.378726
2074,0.382695
2075,0.386955
2076,0.391600
2077,0.394857
2078,0.397764
2079,0.402562
2080,0.406312
2081,0.409196
2082,0.412808
2083,0.417185
2084,0.421431
2085,0.424710
2086,0.427573
2087,0.430769
2088,0.434548
2089,0.438370
2090,0.442496
2091,0.446324
2092,0.449850
2093,0.453137
2094,0.456574
2095,0.459509
2096,0.462945
2097,0.466358
2098,0.469993
2099,0.474192
2100,0.477561
2101,0.480290
2102,0.483312
2103,0.487144
2104,0.490888
2105,0.493320
2106,0.496202
2107,0.500366
2108,0.503312
2109,0.507026
2110,0.510824
2111,0.514508
2112,0.517990
2113,0.521575
2114,0.524326
2115,0.527027
2116,0.529894
2117,0.532654
2118,0.535916
2119,0.538407
2120,0.541764
2121,0.545878
2122,0.549767
2123,0.553504
2124,0.557157
2125,0.560481
2126,0.562753
2127,0.565143
2128,0.568083
2129,0.571381
2130,0.574463
2131,0.578158
2132,0.581201
2133,0.584485
2134,0.588160
2135,0.591536
2136,0.595315
2137,0.597398
2138,0.600209
2139,0.603835
2140,0.607636
2141,0.611022
2142,0.612211
2143,0.614179
2144,0.617918
2145,0.622282
2146,0.625755
2147,0.629282
2148,0.632891
2149,0.635405
2150,0.638244
2151,0.640922
2152,0.644132
2153,0.646466
2154,0.649847
2155,0.653639
2156,0.657197
2157,0.660019
2158,0.662883
2159,0.665306
2160,0.668033
2161,0.670914
2162,0.674189
2163,0.677321
2164,0.681176
2165,0.683741
2166,0.686792
2167,0.689785
2168,0.692595
2169,0.694891
2170,0.697421
2171,0.700140
2172,0.702901
2173,0.707038
2174,0.710587
2175,0.713117
2176,0.717052
2177,0.719800
2178,0.722562
2179,0.725173
2180,0.728031
2181,0.731233
2182,0.733838
2183,0.737071
2184,0.740311
2185,0.743217
2186,0.747044
2187,0.750269
2188,0.753559
2189,0.757690
2190,0.760396
2191,0.763199
2192,0.765783
2193,0.768220
2194,0.770432
2195,0.773775
2196,0.776207
2197,0.779009
2198,0.781916
2199,0.785657
2200,0.789128
2201,0.792378
2202,0.794397
2203,0.796777
2204,0.799500
2205,0.802002
2206,0.804979
2207,0.808101
2208,0.811852
2209,0.815202
2210,0.818171
2211,0.821148
2212,0.824090
2213,0.826982
2214,0.828621
2215,0.831286
2216,0.833737
2217,0.836841
2218,0.841032
2219,0.843264
2220,0.846029
2221,0.848620
2222,0.850678
2223,0.853436
2224,0.855762
2225,0.858378
2226,0.861585
2227,0.864384
2228,0.867289
2229,0.870627
2230,0.873133
2231,0.876127
2232,0.878670
2233,0.881800
2234,0.884650
2235,0.887101
2236,0.889491
2237,0.892716
2238,0.894589
2239,0.896142
2240,0.898186
2241,0.901970
2242,0.906178
2243,0.908265
2244,0.910461
2245,0.913701
2246,0.917021
2247,0.919840
2248,0.921601
2249,0.923978
2250,0.926989
2251,0.929860
2252,0.931908
2253,0.934459
2254,0.936625
2255,0.938727
2256,0.941407
2257,0.944343
2258,0.947774
2259,0.949929
2260,0.951339
2261,0.953278
2262,0.956383
2263,0.959721
2264,0.962064
2265,0.965633
2266,0.969040
2267,0.970902
2268,0.973803
2269,0.977778
2270,0.981102
2271,0.984011
2272,0.985639
2273,0.987459
2274,0.990628
2275,0.992730
2276,0.994719
2277,0.996698
2278,0.999202
2279,1.002328
2280,1.004802
2281,1.008175
2282,1.010963
2283,1.013700
2284,1.016585
2285,1.019710
2286,1.022231
2287,1.024820
2288,1.026970
2289,1.029707
2290,1.032241
2291,1.035520
2292,1.038396
2293,1.040416
2294,1.042934
2295,1.045905
2296,1.047925
2297,1.050038
2298,1.052876
2299,1.055827
2300,1.058122
