mri-cgcm3,1875,2100,rcp45,global tas,K
1875,286.831360,-0.434375
1876,286.819214,-0.437517
1877,286.616852,-0.440422
1878,286.719360,-0.438951
1879,286.900513,-0.440130
1880,286.766083,-0.439464
1881,286.846649,-0.437671
1882,286.905884,-0.436990
1883,286.683685,-0.437760
1884,286.377838,-0.435333
1885,286.543182,-0.438720
1886,286.531525,-0.441835
1887,286.539764,-0.444079
1888,286.627228,-0.457924
1889,286.712128,-0.471986
1890,286.632721,-0.480547
1891,286.649658,-0.485426
1892,286.713318,-0.483127
1893,286.809998,-0.477210
1894,286.729858,-0.477257
1895,286.754883,-0.475749
1896,286.763550,-0.479396
1897,286.670380,-0.484573
1898,286.694702,-0.481177
1899,286.765228,-0.465870
1900,286.689758,-0.456395
1901,286.691742,-0.446595
1902,286.751373,-0.436452
1903,286.335968,-0.427869
1904,286.444366,-0.426342
1905,286.574524,-0.416870
1906,286.672852,-0.405654
1907,286.685822,-0.398325
1908,286.896851,-0.399896
1909,286.899109,-0.394302
1910,286.811340,-0.389894
1911,286.737244,-0.389380
1912,286.750549,-0.385054
1913,286.785583,-0.377896
1914,286.837036,-0.375564
1915,286.827423,-0.371335
1916,286.825531,-0.367186
1917,286.844055,-0.363522
1918,286.884735,-0.350724
1919,286.757935,-0.334720
1920,286.916870,-0.317479
1921,286.986145,-0.308125
1922,286.933197,-0.297025
1923,286.762848,-0.293784
1924,286.897675,-0.290937
1925,286.887146,-0.287748
1926,286.778961,-0.285476
1927,286.800171,-0.278338
1928,286.909424,-0.277090
1929,286.835205,-0.278503
1930,286.816620,-0.278655
1931,286.816193,-0.272838
1932,286.861298,-0.272724
1933,286.719910,-0.269253
1934,286.924500,-0.260736
1935,287.091736,-0.263041
1936,286.953491,-0.267279
1937,287.018829,-0.270382
1938,286.994080,-0.264883
1939,286.984497,-0.262695
1940,286.907013,-0.260063
1941,286.805420,-0.255390
1942,286.964691,-0.254969
1943,286.822998,-0.255644
1944,286.794647,-0.252425
1945,286.822876,-0.247486
1946,287.000031,-0.241785
1947,286.847473,-0.240646
1948,286.988892,-0.230278
1949,287.013428,-0.230725
1950,286.847717,-0.240153
1951,286.859009,-0.244537
1952,286.840118,-0.250353
1953,286.927795,-0.253232
1954,286.963318,-0.252213
1955,286.966125,-0.249154
1956,286.919128,-0.240546
1957,286.812805,-0.239520
1958,286.889191,-0.235654
1959,286.931763,-0.232792
1960,286.964783,-0.226893
1961,286.987244,-0.223496
1962,286.895447,-0.212929
1963,287.030975,-0.210866
1964,286.911072,-0.207869
1965,286.808899,-0.201411
1966,286.821960,-0.193753
1967,286.844360,-0.185028
1968,286.907715,-0.179177
1969,287.015076,-0.172999
1970,286.998779,-0.166406
1971,287.063660,-0.165781
1972,286.995453,-0.156789
1973,286.938995,-0.152887
1974,286.880493,-0.145528
1975,286.999847,-0.138896
1976,287.101929,-0.132262
1977,287.164490,-0.132191
1978,287.050781,-0.132781
1979,287.103333,-0.132721
1980,287.041473,-0.123016
1981,287.088745,-0.112026
1982,287.101868,-0.102330
1983,287.103333,-0.094330
1984,287.148651,-0.091230
1985,287.163910,-0.084660
1986,286.937897,-0.080186
1987,287.082550,-0.071936
1988,287.006256,-0.059477
1989,287.152527,-0.045324
1990,287.163757,-0.033912
1991,287.186249,-0.029029
1992,286.897583,-0.026666
1993,287.013275,-0.017615
1994,286.912872,-0.009054
1995,287.100037,-0.000006
1996,287.151672,0.011289
1997,287.135254,0.017327
1998,287.147705,0.026634
1999,287.108063,0.039157
2000,287.195892,0.047290
2001,287.197876,0.061138
2002,287.242950,0.074195
2003,287.312775,0.086954
2004,287.305084,0.098491
2005,287.342194,0.108626
2006,287.248413,0.124516
2007,287.235382,0.149908
2008,287.322327,0.172034
2009,287.360168,0.197538
2010,287.312897,0.222368
2011,287.427612,0.244819
2012,287.282990,0.264859
2013,287.382538,0.287047
2014,287.524353,0.310904
2015,287.407898,0.329500
2016,287.353333,0.353787
2017,287.474274,0.375813
2018,287.389008,0.390387
2019,287.498657,0.406868
2020,287.467804,0.423191
2021,287.662933,0.443612
2022,287.659363,0.463938
2023,287.677032,0.483732
2024,287.678009,0.503433
2025,287.844940,0.526805
2026,287.825195,0.547132
2027,287.736450,0.567332
2028,287.813354,0.584793
2029,287.823761,0.601144
2030,287.753784,0.619187
2031,287.926483,0.643043
2032,287.903717,0.665687
2033,287.750000,0.694274
2034,287.799530,0.716398
2035,287.831879,0.743444
2036,287.861023,0.767294
2037,287.845184,0.790973
2038,287.916138,0.806599
2039,287.951202,0.823895
2040,288.014038,0.841260
2041,288.037445,0.857442
2042,287.888977,0.871924
2043,287.906372,0.883460
2044,288.014893,0.896434
2045,287.949188,0.913151
2046,288.069000,0.924816
2047,288.153595,0.937824
2048,288.246613,0.956525
2049,288.162384,0.978514
2050,288.279175,0.997685
2051,288.378448,1.010156
2052,288.369720,1.024684
2053,288.145813,1.040586
2054,288.196899,1.056943
2055,288.365875,1.071585
2056,288.310669,1.087661
2057,288.170898,1.111715
2058,288.159454,1.133083
2059,288.212952,1.150687
2060,288.255310,1.173568
2061,288.276428,1.188948
2062,288.293976,1.206376
2063,288.311005,1.217659
2064,288.459198,1.231971
2065,288.407013,1.242026
2066,288.235168,1.256828
2067,288.281006,1.267536
2068,288.393219,1.288636
2069,288.441895,1.305842
2070,288.453308,1.316987
2071,288.519714,1.335032
2072,288.610596,1.351638
2073,288.547424,1.369536
2074,288.542999,1.389228
2075,288.635620,1.406747
2076,288.530396,1.424866
2077,288.676453,1.445096
2078,288.585114,1.462336
2079,288.591736,1.474868
2080,288.580811,1.490336
2081,288.822510,1.511192
2082,288.690979,1.526607
2083,288.778809,1.540239
2084,288.713074,1.556249
2085,288.700226,1.578338
2086,288.852020,1.592490
2087,288.669067,1.604065
2088,288.696411,1.618197
2089,288.803711,1.632928
2090,288.780884,1.645024
2091,288.819977,1.661079
2092,288.900879,1.672716
2093,288.828217,1.687850
2094,288.835144,1.703215
2095,288.871063,1.719396
2096,288.860840,1.727971
2097,288.743469,1.741383
2098,288.802185,1.752319
2099,288.922180,1.765897
2100,289.115967,1.780355
