miroc-esm,1875,2100,rcp85,global tas,K
1875,286.593933,-0.722451
1876,286.539215,-0.721864
1877,286.480927,-0.728786
1878,286.465393,-0.728495
1879,286.728180,-0.722573
1880,286.488861,-0.722012
1881,286.442200,-0.718318
1882,286.480286,-0.720254
1883,286.460785,-0.722427
1884,286.178650,-0.726149
1885,286.228729,-0.727580
1886,286.266083,-0.724687
1887,286.499878,-0.725013
1888,286.473724,-0.731612
1889,286.497955,-0.741434
1890,286.544403,-0.746931
1891,286.417786,-0.749466
1892,286.319672,-0.750183
1893,286.421631,-0.752411
1894,286.486084,-0.759109
1895,286.522949,-0.758170
1896,286.552490,-0.754803
1897,286.470215,-0.751375
1898,286.495087,-0.754847
1899,286.674438,-0.746329
1900,286.589569,-0.738049
1901,286.642029,-0.728368
1902,286.566559,-0.728734
1903,286.433533,-0.728770
1904,286.359161,-0.724484
1905,286.429016,-0.724243
1906,286.463165,-0.717656
1907,286.459412,-0.703791
1908,286.398560,-0.686927
1909,286.527222,-0.673529
1910,286.517059,-0.665660
1911,286.543182,-0.655847
1912,286.583130,-0.642468
1913,286.356628,-0.631737
1914,286.434204,-0.629929
1915,286.477112,-0.624182
1916,286.556519,-0.619083
1917,286.488892,-0.616589
1918,286.472656,-0.608399
1919,286.626526,-0.600680
1920,286.551636,-0.592432
1921,286.615387,-0.581335
1922,286.735626,-0.565005
1923,286.927551,-0.551165
1924,286.888031,-0.544244
1925,286.759033,-0.533414
1926,286.846863,-0.525401
1927,286.871582,-0.520835
1928,286.817017,-0.502489
1929,286.728699,-0.485498
1930,286.761963,-0.471968
1931,286.795013,-0.459326
1932,286.641357,-0.445576
1933,286.679230,-0.428046
1934,286.590759,-0.416545
1935,286.676453,-0.396570
1936,286.796051,-0.382284
1937,286.949310,-0.375582
1938,286.813782,-0.377808
1939,286.734833,-0.378218
1940,286.841980,-0.374130
1941,286.783569,-0.375276
1942,286.720093,-0.376940
1943,286.907013,-0.371283
1944,286.943939,-0.365577
1945,286.883026,-0.361487
1946,286.935760,-0.354598
1947,286.901398,-0.342434
1948,286.998566,-0.333673
1949,286.971558,-0.332402
1950,287.150879,-0.337627
1951,287.043976,-0.342186
1952,286.936676,-0.346159
1953,286.860779,-0.351108
1954,286.875732,-0.353713
1955,286.881653,-0.359309
1956,286.812500,-0.362175
1957,286.821655,-0.362628
1958,286.986725,-0.369978
1959,286.899872,-0.373344
1960,286.884674,-0.376893
1961,287.001678,-0.378206
1962,287.006287,-0.372528
1963,286.942047,-0.368795
1964,286.628906,-0.367028
1965,286.519684,-0.373298
1966,286.659271,-0.374364
1967,286.830139,-0.375340
1968,286.665314,-0.376145
1969,286.656677,-0.375516
1970,286.674103,-0.372809
1971,286.697571,-0.364262
1972,286.706512,-0.355049
1973,286.686523,-0.349850
1974,286.842957,-0.341854
1975,286.776550,-0.327048
1976,286.896362,-0.320848
1977,287.071747,-0.324985
1978,287.110565,-0.324947
1979,287.024567,-0.310434
1980,286.962769,-0.290869
1981,287.011993,-0.271078
1982,286.907410,-0.252424
1983,286.836609,-0.231312
1984,286.894623,-0.208263
1985,286.962860,-0.182704
1986,287.068909,-0.153773
1987,287.098053,-0.129487
1988,287.142670,-0.107350
1989,287.139771,-0.095223
1990,287.328857,-0.077350
1991,287.187683,-0.062184
1992,286.882172,-0.046488
1993,286.943176,-0.029683
1994,287.064301,-0.014556
1995,287.106628,0.000004
1996,287.252991,0.014131
1997,287.389771,0.038026
1998,287.298676,0.062571
1999,287.348145,0.082401
2000,287.440887,0.107303
2001,287.565491,0.132951
2002,287.435089,0.154245
2003,287.350647,0.178600
2004,287.206757,0.206599
2005,287.312744,0.228416
2006,287.351349,0.260000
2007,287.542603,0.300373
2008,287.614716,0.339083
2009,287.478394,0.374617
2010,287.399567,0.414825
2011,287.435791,0.454796
2012,287.624268,0.491992
2013,287.572968,0.530783
2014,287.489502,0.565732
2015,287.709930,0.598208
2016,287.838348,0.629394
2017,287.736877,0.666630
2018,287.873322,0.714509
2019,287.979736,0.767415
2020,287.983368,0.815119
2021,288.135193,0.861041
2022,288.093384,0.901693
2023,288.104462,0.943859
2024,288.130310,0.994569
2025,288.312897,1.047227
2026,288.452118,1.098013
2027,288.505646,1.145922
2028,288.462402,1.196151
2029,288.396606,1.248434
2030,288.415161,1.293091
2031,288.501068,1.338273
2032,288.552185,1.389787
2033,288.787018,1.432080
2034,288.793945,1.475384
2035,288.743866,1.524053
2036,288.729004,1.565717
2037,288.762146,1.612275
2038,288.879700,1.663202
2039,288.999695,1.714388
2040,288.979309,1.759905
2041,288.959381,1.802295
2042,289.061523,1.842934
2043,289.079834,1.889738
2044,289.058014,1.935755
2045,289.049622,1.986256
2046,289.193817,2.036164
2047,289.282288,2.082378
2048,289.142120,2.122649
2049,289.278839,2.166951
2050,289.443451,2.219379
2051,289.385101,2.272772
2052,289.490143,2.324033
2053,289.632263,2.374677
2054,289.665894,2.421586
2055,289.678406,2.470959
2056,289.723816,2.521421
2057,289.724823,2.576072
2058,289.866516,2.634812
2059,289.777130,2.693902
2060,289.930176,2.754105
2061,289.998322,2.814364
2062,289.938599,2.871840
2063,289.995148,2.936986
2064,290.123016,2.996585
2065,290.316681,3.054382
2066,290.330811,3.119813
2067,290.299957,3.184809
2068,290.399048,3.246003
2069,290.406952,3.309378
2070,290.460510,3.372905
2071,290.473236,3.433730
2072,290.701050,3.499612
2073,290.842041,3.564265
2074,290.830688,3.633123
2075,290.855713,3.698066
2076,291.001587,3.761176
2077,291.006592,3.826774
2078,291.096497,3.893412
2079,291.066803,3.955367
2080,291.177368,4.016630
2081,291.348022,4.081456
2082,291.440033,4.154126
2083,291.468079,4.220117
2084,291.567139,4.286146
2085,291.584229,4.359995
2086,291.548553,4.430867
2087,291.701294,4.496338
2088,291.806091,4.559305
2089,291.842865,4.624846
2090,291.878479,4.691746
2091,291.891602,4.755979
2092,291.906555,4.822240
2093,291.994293,4.887699
2094,291.981659,4.956343
2095,292.154572,5.023496
2096,292.275574,5.087155
2097,292.480072,5.149941
2098,292.378784,5.213988
2099,292.387817,5.276927
2100,292.675995,5.341493
