   1.8500000e+03             NaN             NaN
   1.8510000e+03   7.2219326e-01   1.8551536e+01
   1.8520000e+03   1.2067076e+00   1.8442934e+01
   1.8530000e+03   2.8971920e+00   1.8442298e+01
   1.8540000e+03   5.0488121e+00   1.8216661e+01
   1.8550000e+03   7.9776924e+00   1.7988981e+01
   1.8560000e+03   8.5538610e+00   1.7824478e+01
   1.8570000e+03   8.5070067e+00   1.7823858e+01
   1.8580000e+03   8.9336328e+00   1.7823258e+01
   1.8590000e+03   1.0104293e+01   1.7704626e+01
   1.8600000e+03   1.0741890e+01   1.7609431e+01
   1.8610000e+03   1.1614989e+01   1.7608781e+01
   1.8620000e+03   1.2801417e+01   1.7607858e+01
   1.8630000e+03   1.3448730e+01   1.7596181e+01
   1.8640000e+03   1.4199911e+01   1.7595575e+01
   1.8650000e+03   1.5964116e+01   1.7594822e+01
   1.8660000e+03   2.1777129e+01   1.7466985e+01
   1.8670000e+03   2.2229324e+01   1.7106763e+01
   1.8680000e+03   2.4462833e+01   1.7106145e+01
   1.8690000e+03   2.8129743e+01   1.6963445e+01
   1.8700000e+03   2.9016034e+01   1.6765312e+01
   1.8710000e+03   3.0351452e+01   1.6764654e+01
   1.8720000e+03   3.7197132e+01   1.6639506e+01
   1.8730000e+03   3.6865780e+01   1.6200057e+01
   1.8740000e+03   3.7745975e+01   1.6199377e+01
   1.8750000e+03   3.8086019e+01   1.6198668e+01
   1.8760000e+03   3.8217406e+01   1.6198015e+01
   1.8770000e+03   4.0932170e+01   1.6197356e+01
   1.8780000e+03   4.3669067e+01   1.6027175e+01
   1.8790000e+03   4.4061404e+01   1.5878912e+01
   1.8800000e+03   4.4545518e+01   1.5865003e+01
   1.8810000e+03   4.4883472e+01   1.5864284e+01
   1.8820000e+03   4.5717617e+01   1.5863626e+01
   1.8830000e+03   4.6135672e+01   1.5749033e+01
   1.8840000e+03   4.6395923e+01   1.5748323e+01
   1.8850000e+03   4.6615523e+01   1.5747576e+01
   1.8860000e+03   4.6888776e+01   1.5746731e+01
   1.8870000e+03   4.7093821e+01   1.5746041e+01
   1.8880000e+03   4.7656743e+01   1.5745392e+01
   1.8890000e+03   4.7710552e+01   1.5744726e+01
   1.8900000e+03   4.8264968e+01   1.5744066e+01
   1.8910000e+03   4.8981002e+01   1.5620675e+01
   1.8920000e+03   5.1093022e+01   1.5619890e+01
   1.8930000e+03   5.1972722e+01   1.5485060e+01
   1.8940000e+03   5.6444854e+01   1.5484357e+01
   1.8950000e+03   5.9600616e+01   1.5077459e+01
   1.8960000e+03   6.6308380e+01   1.4743463e+01
   1.8970000e+03   7.0708605e+01   1.4257920e+01
   1.8980000e+03   7.0836046e+01   1.3938954e+01
   1.8990000e+03   7.1941931e+01   1.3938206e+01
   1.9000000e+03   7.2554849e+01   1.3803278e+01
   1.9010000e+03   7.4987668e+01   1.3669933e+01
   1.9020000e+03   7.6460951e+01   1.3511067e+01
   1.9030000e+03   7.7042268e+01   1.3366825e+01
   1.9040000e+03   7.7152164e+01   1.3222786e+01
   1.9050000e+03   7.7433590e+01   1.3221968e+01
   1.9060000e+03   7.9399338e+01   1.3221152e+01
   1.9070000e+03   7.9581027e+01   1.3070866e+01
   1.9080000e+03   8.7769686e+01   1.3055935e+01
   1.9090000e+03   9.2549682e+01   1.2075837e+01
   1.9100000e+03   9.4221096e+01   1.1791121e+01
   1.9110000e+03   9.6774089e+01   1.1517443e+01
   1.9120000e+03   9.7710850e+01   1.1338475e+01
   1.9130000e+03   9.7946183e+01   1.1188369e+01
   1.9140000e+03   1.0103595e+02   1.1187471e+01
   1.9150000e+03   1.0246304e+02   1.0893719e+01
   1.9160000e+03   1.0285946e+02   1.0748385e+01
   1.9170000e+03   1.0347275e+02   1.0747423e+01
   1.9180000e+03   1.0519387e+02   1.0604600e+01
   1.9190000e+03   1.0577929e+02   1.0438054e+01
   1.9200000e+03   1.0652325e+02   1.0437068e+01
   1.9210000e+03   1.0762750e+02   1.0314287e+01
   1.9220000e+03   1.0838518e+02   1.0048764e+01
   1.9230000e+03   1.0856720e+02   9.9251547e+00
   1.9240000e+03   1.0876386e+02   9.9241468e+00
   1.9250000e+03   1.1275135e+02   9.9231993e+00
   1.9260000e+03   1.1453848e+02   9.5939732e+00
   1.9270000e+03   1.1694599e+02   9.4223426e+00
   1.9280000e+03   1.1837035e+02   9.2111323e+00
   1.9290000e+03   1.2228655e+02   9.0399407e+00
   1.9300000e+03   1.2352262e+02   8.7427895e+00
   1.9310000e+03   1.2524084e+02   8.5942113e+00
   1.9320000e+03   1.2612521e+02   8.4244305e+00
   1.9330000e+03   1.2771341e+02   8.2802424e+00
   1.9340000e+03   1.2975733e+02   8.0902753e+00
   1.9350000e+03   1.3134610e+02   7.9289616e+00
   1.9360000e+03   1.3201611e+02   7.6415719e+00
   1.9370000e+03   1.3338007e+02   7.5176700e+00
   1.9380000e+03   1.3413987e+02   7.3713572e+00
   1.9390000e+03   1.3495076e+02   7.3701474e+00
   1.9400000e+03   1.3572506e+02   7.3689526e+00
   1.9410000e+03   1.3994083e+02   7.2243459e+00
   1.9420000e+03   1.4104912e+02   6.5776841e+00
   1.9430000e+03   1.4149027e+02   6.4257394e+00
   1.9440000e+03   1.4406474e+02   6.4244562e+00
   1.9450000e+03   1.4901377e+02   6.1869368e+00
   1.9460000e+03   1.4950150e+02   5.4668546e+00
   1.9470000e+03   1.5128541e+02   5.4652981e+00
   1.9480000e+03   1.5407567e+02   5.2877101e+00
   1.9490000e+03   1.5593476e+02   4.9103579e+00
   1.9500000e+03   1.5758122e+02   4.7336961e+00
   1.9510000e+03   1.6039128e+02   4.5452478e+00
   1.9520000e+03   1.6090046e+02   4.1080983e+00
   1.9530000e+03   1.6133427e+02   3.9679610e+00
   1.9540000e+03   1.6324624e+02   3.9659185e+00
   1.9550000e+03   1.6548439e+02   3.7830791e+00
   1.9560000e+03   1.6583867e+02   3.5583964e+00
   1.9570000e+03   1.6782423e+02   3.5562124e+00
   1.9580000e+03   1.7038820e+02   3.3251711e+00
   1.9590000e+03   1.7361781e+02   2.9670389e+00
   1.9600000e+03   1.7713844e+02   2.3965864e+00
   1.9610000e+03   1.7770248e+02   1.8153500e+00
   1.9620000e+03   1.7899649e+02   1.8107001e+00
   1.9630000e+03   1.8088182e+02   1.6421376e+00
   1.9640000e+03   1.8168686e+02   1.4767644e+00
   1.9650000e+03   1.8295418e+02   1.4717071e+00
   1.9660000e+03   1.8407398e+02   1.3260894e+00
   1.9670000e+03   1.8430841e+02   1.1862358e+00
   1.9680000e+03   1.8447940e+02   1.1802409e+00
   1.9690000e+03   1.8499903e+02   1.1744972e+00
   1.9700000e+03   1.8666013e+02   1.1685164e+00
   1.9710000e+03   1.8806369e+02   1.0751897e+00
   1.9720000e+03   1.8891513e+02   9.8653675e-01
   1.9730000e+03   1.9002732e+02   9.1228771e-01
   1.9740000e+03   1.9089259e+02   7.7407657e-01
   1.9750000e+03   1.9135306e+02   6.9845870e-01
   1.9760000e+03   1.9179746e+02   6.8887402e-01
   1.9770000e+03   1.9273834e+02   6.7929318e-01
   1.9780000e+03   1.9293884e+02   6.3472427e-01
   1.9790000e+03   1.9334313e+02   6.2491255e-01
   1.9800000e+03   1.9324521e+02   6.1376827e-01
   1.9810000e+03   1.9371014e+02   6.0284128e-01
   1.9820000e+03   1.9417848e+02   5.9179738e-01
   1.9830000e+03   1.9484487e+02   5.8077650e-01
   1.9840000e+03   1.9587263e+02   5.6970887e-01
   1.9850000e+03   1.9706078e+02   5.4492299e-01
   1.9860000e+03   1.9810547e+02   5.2343475e-01
   1.9870000e+03   1.9902922e+02   5.1367064e-01
   1.9880000e+03   2.0006621e+02   5.0087445e-01
   1.9890000e+03   2.0064718e+02   4.6912020e-01
   1.9900000e+03   2.0093133e+02   4.5515213e-01
   1.9910000e+03   2.0151080e+02   4.4070663e-01
   1.9920000e+03   2.0187566e+02   4.2531275e-01
   1.9930000e+03   2.0188952e+02   4.0168815e-01
   1.9940000e+03   2.0168669e+02   3.8611477e-01
   1.9950000e+03   2.0224029e+02   3.6952433e-01
   1.9960000e+03   2.0315684e+02   3.5192882e-01
   1.9970000e+03   2.0383719e+02   3.2791955e-01
   1.9980000e+03   2.0484809e+02   3.0685855e-01
   1.9990000e+03   2.0576907e+02   2.8578944e-01
   2.0000000e+03   2.0671875e+02   2.6162747e-01
   2.0010000e+03   2.0775602e+02   2.2909633e-01
   2.0020000e+03   2.0843830e+02   2.0073021e-01
   2.0030000e+03   2.0886790e+02   1.9748547e-01
   2.0040000e+03   2.0996275e+02   1.9822748e-01
   2.0050000e+03   2.1053895e+02   1.9661579e-01
   2.0060000e+03   2.1103612e+02   1.9751695e-01
   2.0070000e+03   2.1251717e+02   2.2392678e-01
   2.0080000e+03   2.1315448e+02   2.4557539e-01
   2.0090000e+03   2.1422615e+02   2.7006519e-01
   2.0100000e+03   2.1470761e+02   2.9179937e-01
   2.0110000e+03   2.1484944e+02   3.1220330e-01
   2.0120000e+03   2.1521000e+02   3.3143668e-01
   2.0130000e+03   2.1629000e+02   3.5788408e-01
   2.0140000e+03   2.1702805e+02   3.7491944e-01
   2.0150000e+03   2.1831572e+02   3.9166398e-01
   2.0160000e+03   2.1884731e+02   4.0710150e-01
   2.0170000e+03   2.1929947e+02   4.2189360e-01
   2.0180000e+03   2.1967404e+02   4.3701580e-01
   2.0190000e+03   2.2089472e+02   4.5665084e-01
   2.0200000e+03   2.2176973e+02   5.0261263e-01
   2.0210000e+03   2.2238279e+02   5.2068999e-01
   2.0220000e+03   2.2317984e+02   5.3282246e-01
   2.0230000e+03   2.2403145e+02   5.5054966e-01
   2.0240000e+03   2.2503976e+02   5.8059384e-01
   2.0250000e+03   2.2599489e+02   6.2468697e-01
   2.0260000e+03   2.2722037e+02   6.5246038e-01
   2.0270000e+03   2.2869465e+02   7.3442038e-01
   2.0280000e+03   2.2977966e+02   7.4289579e-01
   2.0290000e+03   2.3041641e+02   7.5144997e-01
   2.0300000e+03   2.3133189e+02   7.6311582e-01
   2.0310000e+03   2.3276284e+02   7.7315300e-01
   2.0320000e+03   2.3408348e+02   7.9739205e-01
   2.0330000e+03   2.3596608e+02   8.4990182e-01
   2.0340000e+03   2.3730922e+02   8.6220433e-01
   2.0350000e+03   2.3895394e+02   8.8264461e-01
   2.0360000e+03   2.4010825e+02   8.9796804e-01
   2.0370000e+03   2.4122280e+02   9.0487009e-01
   2.0380000e+03   2.4261750e+02   9.1223545e-01
   2.0390000e+03   2.4457323e+02   9.3359643e-01
   2.0400000e+03   2.4568837e+02   9.4362794e-01
   2.0410000e+03   2.4692083e+02   9.5111560e-01
   2.0420000e+03   2.4827326e+02   9.7244134e-01
   2.0430000e+03   2.4976961e+02   1.0775372e+00
   2.0440000e+03   2.5239268e+02   1.1282503e+00
   2.0450000e+03   2.5392896e+02   1.1526527e+00
   2.0460000e+03   2.5546595e+02   1.1612012e+00
   2.0470000e+03   2.5798966e+02   1.2541234e+00
   2.0480000e+03   2.5932802e+02   1.2943143e+00
   2.0490000e+03   2.6097866e+02   1.3121575e+00
   2.0500000e+03   2.6273239e+02   1.3269517e+00
   2.0510000e+03   2.6530120e+02   1.5956348e+00
   2.0520000e+03   2.6827540e+02   1.7330232e+00
   2.0530000e+03   2.7018516e+02   1.7562853e+00
   2.0540000e+03   2.7225406e+02   1.8115968e+00
   2.0550000e+03   2.7492597e+02   1.8234599e+00
   2.0560000e+03   2.7703392e+02   1.8479003e+00
   2.0570000e+03   2.7938537e+02   1.8640173e+00
   2.0580000e+03   2.8179865e+02   1.9158144e+00
   2.0590000e+03   2.8407976e+02   1.9565878e+00
   2.0600000e+03   2.8624833e+02   2.0002880e+00
   2.0610000e+03   2.8835042e+02   2.0916352e+00
   2.0620000e+03   2.9091423e+02   2.2746826e+00
   2.0630000e+03   2.9281334e+02   2.2801731e+00
   2.0640000e+03   2.9506023e+02   2.3024813e+00
   2.0650000e+03   2.9721277e+02   2.3058193e+00
   2.0660000e+03   2.9985025e+02   2.6620038e+00
   2.0670000e+03   3.0255726e+02   2.9268941e+00
   2.0680000e+03   3.0499514e+02   3.0747016e+00
   2.0690000e+03   3.0702049e+02   3.1034343e+00
   2.0700000e+03   3.0896306e+02   3.1381245e+00
   2.0710000e+03   3.1134901e+02   3.1542426e+00
   2.0720000e+03   3.1360322e+02   3.1793963e+00
   2.0730000e+03   3.1630444e+02   3.3406045e+00
   2.0740000e+03   3.1898797e+02   3.3656167e+00
   2.0750000e+03   3.2155714e+02   3.4471810e+00
   2.0760000e+03   3.2366068e+02   3.5717038e+00
   2.0770000e+03   3.2577061e+02   3.7641173e+00
   2.0780000e+03   3.2863673e+02   3.8821326e+00
   2.0790000e+03   3.3101495e+02   4.0007504e+00
   2.0800000e+03   3.3368434e+02   4.1469136e+00
   2.0810000e+03   3.3615043e+02   4.2859661e+00
   2.0820000e+03   3.3859617e+02   4.4043618e+00
   2.0830000e+03   3.4114967e+02   4.4216832e+00
   2.0840000e+03   3.4333123e+02   4.4439540e+00
   2.0850000e+03   3.4548861e+02   4.4858249e+00
   2.0860000e+03   3.4825476e+02   4.5181029e+00
   2.0870000e+03   3.5087710e+02   4.5998748e+00
   2.0880000e+03   3.5339641e+02   4.7078075e+00
   2.0890000e+03   3.5629279e+02   4.7886204e+00
   2.0900000e+03   3.5998000e+02   4.8620625e+00
   2.0910000e+03   3.6270514e+02   4.8635453e+00
   2.0920000e+03   3.6531415e+02   4.8653397e+00
   2.0930000e+03   3.6754562e+02   4.8667937e+00
   2.0940000e+03   3.6942963e+02   4.8683160e+00
   2.0950000e+03   3.7164691e+02   4.8698210e+00
   2.0960000e+03   3.7426939e+02   4.8721254e+00
   2.0970000e+03   3.7660848e+02   4.8737789e+00
   2.0980000e+03   3.7919570e+02   4.8752835e+00
   2.0990000e+03   3.8209079e+02   4.8773837e+00
   2.1000000e+03   3.8497375e+02   4.8787791e+00
   2.1010000e+03             NaN             NaN
   2.1020000e+03             NaN             NaN
   2.1030000e+03             NaN             NaN
   2.1040000e+03             NaN             NaN
   2.1050000e+03             NaN             NaN
   2.1060000e+03             NaN             NaN
   2.1070000e+03             NaN             NaN
   2.1080000e+03             NaN             NaN
   2.1090000e+03             NaN             NaN
   2.1100000e+03             NaN             NaN
   2.1110000e+03             NaN             NaN
   2.1120000e+03             NaN             NaN
   2.1130000e+03             NaN             NaN
   2.1140000e+03             NaN             NaN
   2.1150000e+03             NaN             NaN
   2.1160000e+03             NaN             NaN
   2.1170000e+03             NaN             NaN
   2.1180000e+03             NaN             NaN
   2.1190000e+03             NaN             NaN
   2.1200000e+03             NaN             NaN
   2.1210000e+03             NaN             NaN
   2.1220000e+03             NaN             NaN
   2.1230000e+03             NaN             NaN
   2.1240000e+03             NaN             NaN
   2.1250000e+03             NaN             NaN
   2.1260000e+03             NaN             NaN
   2.1270000e+03             NaN             NaN
   2.1280000e+03             NaN             NaN
   2.1290000e+03             NaN             NaN
   2.1300000e+03             NaN             NaN
   2.1310000e+03             NaN             NaN
   2.1320000e+03             NaN             NaN
   2.1330000e+03             NaN             NaN
   2.1340000e+03             NaN             NaN
   2.1350000e+03             NaN             NaN
   2.1360000e+03             NaN             NaN
   2.1370000e+03             NaN             NaN
   2.1380000e+03             NaN             NaN
   2.1390000e+03             NaN             NaN
   2.1400000e+03             NaN             NaN
   2.1410000e+03             NaN             NaN
   2.1420000e+03             NaN             NaN
   2.1430000e+03             NaN             NaN
   2.1440000e+03             NaN             NaN
   2.1450000e+03             NaN             NaN
   2.1460000e+03             NaN             NaN
   2.1470000e+03             NaN             NaN
   2.1480000e+03             NaN             NaN
   2.1490000e+03             NaN             NaN
   2.1500000e+03             NaN             NaN
   2.1510000e+03             NaN             NaN
   2.1520000e+03             NaN             NaN
   2.1530000e+03             NaN             NaN
   2.1540000e+03             NaN             NaN
   2.1550000e+03             NaN             NaN
   2.1560000e+03             NaN             NaN
   2.1570000e+03             NaN             NaN
   2.1580000e+03             NaN             NaN
   2.1590000e+03             NaN             NaN
   2.1600000e+03             NaN             NaN
   2.1610000e+03             NaN             NaN
   2.1620000e+03             NaN             NaN
   2.1630000e+03             NaN             NaN
   2.1640000e+03             NaN             NaN
   2.1650000e+03             NaN             NaN
   2.1660000e+03             NaN             NaN
   2.1670000e+03             NaN             NaN
   2.1680000e+03             NaN             NaN
   2.1690000e+03             NaN             NaN
   2.1700000e+03             NaN             NaN
   2.1710000e+03             NaN             NaN
   2.1720000e+03             NaN             NaN
   2.1730000e+03             NaN             NaN
   2.1740000e+03             NaN             NaN
   2.1750000e+03             NaN             NaN
   2.1760000e+03             NaN             NaN
   2.1770000e+03             NaN             NaN
   2.1780000e+03             NaN             NaN
   2.1790000e+03             NaN             NaN
   2.1800000e+03             NaN             NaN
   2.1810000e+03             NaN             NaN
   2.1820000e+03             NaN             NaN
   2.1830000e+03             NaN             NaN
   2.1840000e+03             NaN             NaN
   2.1850000e+03             NaN             NaN
   2.1860000e+03             NaN             NaN
   2.1870000e+03             NaN             NaN
   2.1880000e+03             NaN             NaN
   2.1890000e+03             NaN             NaN
   2.1900000e+03             NaN             NaN
   2.1910000e+03             NaN             NaN
   2.1920000e+03             NaN             NaN
   2.1930000e+03             NaN             NaN
   2.1940000e+03             NaN             NaN
   2.1950000e+03             NaN             NaN
   2.1960000e+03             NaN             NaN
   2.1970000e+03             NaN             NaN
   2.1980000e+03             NaN             NaN
   2.1990000e+03             NaN             NaN
   2.2000000e+03             NaN             NaN
   2.2010000e+03             NaN             NaN
   2.2020000e+03             NaN             NaN
   2.2030000e+03             NaN             NaN
   2.2040000e+03             NaN             NaN
   2.2050000e+03             NaN             NaN
   2.2060000e+03             NaN             NaN
   2.2070000e+03             NaN             NaN
   2.2080000e+03             NaN             NaN
   2.2090000e+03             NaN             NaN
   2.2100000e+03             NaN             NaN
   2.2110000e+03             NaN             NaN
   2.2120000e+03             NaN             NaN
   2.2130000e+03             NaN             NaN
   2.2140000e+03             NaN             NaN
   2.2150000e+03             NaN             NaN
   2.2160000e+03             NaN             NaN
   2.2170000e+03             NaN             NaN
   2.2180000e+03             NaN             NaN
   2.2190000e+03             NaN             NaN
   2.2200000e+03             NaN             NaN
   2.2210000e+03             NaN             NaN
   2.2220000e+03             NaN             NaN
   2.2230000e+03             NaN             NaN
   2.2240000e+03             NaN             NaN
   2.2250000e+03             NaN             NaN
   2.2260000e+03             NaN             NaN
   2.2270000e+03             NaN             NaN
   2.2280000e+03             NaN             NaN
   2.2290000e+03             NaN             NaN
   2.2300000e+03             NaN             NaN
   2.2310000e+03             NaN             NaN
   2.2320000e+03             NaN             NaN
   2.2330000e+03             NaN             NaN
   2.2340000e+03             NaN             NaN
   2.2350000e+03             NaN             NaN
   2.2360000e+03             NaN             NaN
   2.2370000e+03             NaN             NaN
   2.2380000e+03             NaN             NaN
   2.2390000e+03             NaN             NaN
   2.2400000e+03             NaN             NaN
   2.2410000e+03             NaN             NaN
   2.2420000e+03             NaN             NaN
   2.2430000e+03             NaN             NaN
   2.2440000e+03             NaN             NaN
   2.2450000e+03             NaN             NaN
   2.2460000e+03             NaN             NaN
   2.2470000e+03             NaN             NaN
   2.2480000e+03             NaN             NaN
   2.2490000e+03             NaN             NaN
   2.2500000e+03             NaN             NaN
   2.2510000e+03             NaN             NaN
   2.2520000e+03             NaN             NaN
   2.2530000e+03             NaN             NaN
   2.2540000e+03             NaN             NaN
   2.2550000e+03             NaN             NaN
   2.2560000e+03             NaN             NaN
   2.2570000e+03             NaN             NaN
   2.2580000e+03             NaN             NaN
   2.2590000e+03             NaN             NaN
   2.2600000e+03             NaN             NaN
   2.2610000e+03             NaN             NaN
   2.2620000e+03             NaN             NaN
   2.2630000e+03             NaN             NaN
   2.2640000e+03             NaN             NaN
   2.2650000e+03             NaN             NaN
   2.2660000e+03             NaN             NaN
   2.2670000e+03             NaN             NaN
   2.2680000e+03             NaN             NaN
   2.2690000e+03             NaN             NaN
   2.2700000e+03             NaN             NaN
   2.2710000e+03             NaN             NaN
   2.2720000e+03             NaN             NaN
   2.2730000e+03             NaN             NaN
   2.2740000e+03             NaN             NaN
   2.2750000e+03             NaN             NaN
   2.2760000e+03             NaN             NaN
   2.2770000e+03             NaN             NaN
   2.2780000e+03             NaN             NaN
   2.2790000e+03             NaN             NaN
   2.2800000e+03             NaN             NaN
   2.2810000e+03             NaN             NaN
   2.2820000e+03             NaN             NaN
   2.2830000e+03             NaN             NaN
   2.2840000e+03             NaN             NaN
   2.2850000e+03             NaN             NaN
   2.2860000e+03             NaN             NaN
   2.2870000e+03             NaN             NaN
   2.2880000e+03             NaN             NaN
   2.2890000e+03             NaN             NaN
   2.2900000e+03             NaN             NaN
   2.2910000e+03             NaN             NaN
   2.2920000e+03             NaN             NaN
   2.2930000e+03             NaN             NaN
   2.2940000e+03             NaN             NaN
   2.2950000e+03             NaN             NaN
   2.2960000e+03             NaN             NaN
   2.2970000e+03             NaN             NaN
   2.2980000e+03             NaN             NaN
   2.2990000e+03             NaN             NaN
   2.3000000e+03             NaN             NaN
