   1.8500000e+03             NaN             NaN
   1.8510000e+03   1.0380780e+00   8.3170551e+00
   1.8520000e+03   2.7905647e+00   8.2975802e+00
   1.8530000e+03   5.1945488e+00   8.2727807e+00
   1.8540000e+03   6.8565672e+00   8.1564243e+00
   1.8550000e+03   8.0441111e+00   8.1084959e+00
   1.8560000e+03   9.0452831e+00   8.0780862e+00
   1.8570000e+03   9.6942441e+00   8.0545261e+00
   1.8580000e+03   1.0717323e+01   8.0480771e+00
   1.8590000e+03   1.1999557e+01   8.0310353e+00
   1.8600000e+03   1.3603016e+01   8.0030258e+00
   1.8610000e+03   1.5588035e+01   7.9941655e+00
   1.8620000e+03   1.6960061e+01   7.9679648e+00
   1.8630000e+03   1.7637423e+01   7.9503572e+00
   1.8640000e+03   1.8559027e+01   7.9335773e+00
   1.8650000e+03   2.0630287e+01   7.9170626e+00
   1.8660000e+03   2.2344880e+01   7.8887736e+00
   1.8670000e+03   2.5397802e+01   7.8585607e+00
   1.8680000e+03   2.9896637e+01   7.8281569e+00
   1.8690000e+03   3.2430690e+01   7.7454345e+00
   1.8700000e+03   3.4634343e+01   7.7143535e+00
   1.8710000e+03   3.6032949e+01   7.6852059e+00
   1.8720000e+03   3.7846477e+01   7.6659191e+00
   1.8730000e+03   4.0399354e+01   7.6392037e+00
   1.8740000e+03   4.2776922e+01   7.6043909e+00
   1.8750000e+03   4.5523637e+01   7.5758252e+00
   1.8760000e+03   4.6596088e+01   7.4810457e+00
   1.8770000e+03   5.2004557e+01   7.4580243e+00
   1.8780000e+03   5.3660707e+01   7.0480915e+00
   1.8790000e+03   5.5622464e+01   7.0232110e+00
   1.8800000e+03   5.9013797e+01   7.0142333e+00
   1.8810000e+03   6.3316567e+01   6.8674808e+00
   1.8820000e+03   6.6287321e+01   6.2484565e+00
   1.8830000e+03   6.8055407e+01   6.2111501e+00
   1.8840000e+03   6.9394958e+01   6.1832307e+00
   1.8850000e+03   7.0078079e+01   6.1603514e+00
   1.8860000e+03   7.0296653e+01   6.1412715e+00
   1.8870000e+03   7.1789792e+01   6.1255133e+00
   1.8880000e+03   7.1560567e+01   6.0786966e+00
   1.8890000e+03   7.2089772e+01   6.0627810e+00
   1.8900000e+03   7.2392454e+01   6.0413903e+00
   1.8910000e+03   7.2809079e+01   6.0236284e+00
   1.8920000e+03   7.3564312e+01   6.0088031e+00
   1.8930000e+03   7.4367239e+01   5.9943615e+00
   1.8940000e+03   7.5470560e+01   5.9931006e+00
   1.8950000e+03   7.8628528e+01   5.9728278e+00
   1.8960000e+03   8.3338183e+01   5.9273431e+00
   1.8970000e+03   8.4561153e+01   4.1379357e+00
   1.8980000e+03   8.5738779e+01   4.1316170e+00
   1.8990000e+03   8.7356179e+01   4.0938433e+00
   1.9000000e+03   8.8551942e+01   4.0259620e+00
   1.9010000e+03   8.9135062e+01   3.8499480e+00
   1.9020000e+03   9.0895559e+01   3.8304323e+00
   1.9030000e+03   9.2139131e+01   3.7900697e+00
   1.9040000e+03   9.2367833e+01   3.7171604e+00
   1.9050000e+03   9.2865769e+01   3.7023972e+00
   1.9060000e+03   9.5284662e+01   3.6860684e+00
   1.9070000e+03   9.6449211e+01   3.3269917e+00
   1.9080000e+03   9.7089859e+01   3.3101166e+00
   1.9090000e+03   9.8753519e+01   3.3066007e+00
   1.9100000e+03   9.9432600e+01   3.2886291e+00
   1.9110000e+03   1.0024760e+02   3.2753763e+00
   1.9120000e+03   1.0126503e+02   3.2732989e+00
   1.9130000e+03   1.0210506e+02   3.2706757e+00
   1.9140000e+03   1.0355103e+02   3.2686135e+00
   1.9150000e+03   1.0489599e+02   3.2572812e+00
   1.9160000e+03   1.0583451e+02   3.2452489e+00
   1.9170000e+03   1.0812103e+02   3.2351974e+00
   1.9180000e+03   1.0925323e+02   3.2136454e+00
   1.9190000e+03   1.1035849e+02   3.2043122e+00
   1.9200000e+03   1.1099480e+02   3.2019785e+00
   1.9210000e+03   1.1207811e+02   3.1998031e+00
   1.9220000e+03   1.1298416e+02   2.9808359e+00
   1.9230000e+03   1.1485847e+02   2.9734161e+00
   1.9240000e+03   1.1590744e+02   2.9583213e+00
   1.9250000e+03   1.1618611e+02   2.9555570e+00
   1.9260000e+03   1.1668618e+02   2.9531924e+00
   1.9270000e+03   1.1743206e+02   2.9469307e+00
   1.9280000e+03   1.1914016e+02   2.9446059e+00
   1.9290000e+03   1.1962398e+02   2.9420316e+00
   1.9300000e+03   1.2055453e+02   2.9397289e+00
   1.9310000e+03   1.2122084e+02   2.9373753e+00
   1.9320000e+03   1.2255723e+02   2.9350915e+00
   1.9330000e+03   1.2332758e+02   2.9328103e+00
   1.9340000e+03   1.2383917e+02   2.9303900e+00
   1.9350000e+03   1.2474097e+02   2.9062539e+00
   1.9360000e+03   1.2604153e+02   2.9014169e+00
   1.9370000e+03   1.2686687e+02   2.8994815e+00
   1.9380000e+03   1.2968373e+02   2.8938956e+00
   1.9390000e+03   1.3093318e+02   1.3459630e+00
   1.9400000e+03   1.3192617e+02   1.3408949e+00
   1.9410000e+03   1.3280245e+02   1.3359585e+00
   1.9420000e+03   1.3411906e+02   1.3308933e+00
   1.9430000e+03   1.3490612e+02   1.3258335e+00
   1.9440000e+03   1.3562431e+02   1.3208662e+00
   1.9450000e+03   1.3627626e+02   1.3157207e+00
   1.9460000e+03   1.3666936e+02   1.3106713e+00
   1.9470000e+03   1.3727620e+02   1.3058882e+00
   1.9480000e+03   1.3814994e+02   1.3009287e+00
   1.9490000e+03   1.3894964e+02   1.2942319e+00
   1.9500000e+03   1.3935819e+02   1.2891286e+00
   1.9510000e+03   1.4021689e+02   1.2841373e+00
   1.9520000e+03   1.4125640e+02   1.2736983e+00
   1.9530000e+03   1.4232213e+02   1.2687218e+00
   1.9540000e+03   1.4362952e+02   1.1956875e+00
   1.9550000e+03   1.4442091e+02   8.3183345e-01
   1.9560000e+03   1.4539514e+02   8.2396501e-01
   1.9570000e+03   1.4575124e+02   8.1600127e-01
   1.9580000e+03   1.4611424e+02   8.0910369e-01
   1.9590000e+03   1.4694267e+02   8.0110384e-01
   1.9600000e+03   1.4761130e+02   7.9298840e-01
   1.9610000e+03   1.4820501e+02   7.8343672e-01
   1.9620000e+03   1.4903901e+02   7.7514888e-01
   1.9630000e+03   1.4992399e+02   7.6803865e-01
   1.9640000e+03   1.5027590e+02   7.5971569e-01
   1.9650000e+03   1.5108208e+02   7.5132764e-01
   1.9660000e+03   1.5160804e+02   7.4275326e-01
   1.9670000e+03   1.5175387e+02   7.3406368e-01
   1.9680000e+03   1.5181887e+02   7.2528352e-01
   1.9690000e+03   1.5248980e+02   7.1647968e-01
   1.9700000e+03   1.5286825e+02   7.0755200e-01
   1.9710000e+03   1.5321043e+02   6.9855148e-01
   1.9720000e+03   1.5320634e+02   6.8942383e-01
   1.9730000e+03   1.5386970e+02   6.8017397e-01
   1.9740000e+03   1.5514864e+02   6.7086882e-01
   1.9750000e+03   1.5561791e+02   6.6126227e-01
   1.9760000e+03   1.5611354e+02   6.5160309e-01
   1.9770000e+03   1.5626220e+02   6.4190427e-01
   1.9780000e+03   1.5683006e+02   6.3209854e-01
   1.9790000e+03   1.5731241e+02   6.2298072e-01
   1.9800000e+03   1.5786188e+02   6.1279781e-01
   1.9810000e+03   1.5802096e+02   6.0241041e-01
   1.9820000e+03   1.5835958e+02   5.9175476e-01
   1.9830000e+03   1.5863087e+02   5.8106359e-01
   1.9840000e+03   1.5904497e+02   5.7020414e-01
   1.9850000e+03   1.6004786e+02   5.5910599e-01
   1.9860000e+03   1.6094468e+02   5.4777180e-01
   1.9870000e+03   1.6198537e+02   5.3625603e-01
   1.9880000e+03   1.6235879e+02   4.7290444e-01
   1.9890000e+03   1.6348257e+02   4.5961477e-01
   1.9900000e+03   1.6457448e+02   4.4595769e-01
   1.9910000e+03   1.6512791e+02   4.3180108e-01
   1.9920000e+03   1.6538424e+02   4.2135677e-01
   1.9930000e+03   1.6589148e+02   4.0635189e-01
   1.9940000e+03   1.6675978e+02   3.9081017e-01
   1.9950000e+03   1.6772377e+02   3.7458427e-01
   1.9960000e+03   1.6872043e+02   3.5774588e-01
   1.9970000e+03   1.6993053e+02   3.4011775e-01
   1.9980000e+03   1.7077148e+02   3.2147255e-01
   1.9990000e+03   1.7189448e+02   3.0169926e-01
   2.0000000e+03   1.7345114e+02   2.8056662e-01
   2.0010000e+03   1.7465305e+02   2.5770832e-01
   2.0020000e+03   1.7648829e+02   2.3301221e-01
   2.0030000e+03   1.7805684e+02   2.2875234e-01
   2.0040000e+03   1.7927863e+02   2.2955873e-01
   2.0050000e+03   1.8157288e+02   2.3041434e-01
   2.0060000e+03   1.8333468e+02   1.9950804e-01
   2.0070000e+03   1.8469312e+02   2.2320843e-01
   2.0080000e+03   1.8705550e+02   2.9339438e-01
   2.0090000e+03   1.8839470e+02   3.1338755e-01
   2.0100000e+03   1.9012814e+02   3.3247385e-01
   2.0110000e+03   1.9253809e+02   3.5054291e-01
   2.0120000e+03   1.9518103e+02   3.6785879e-01
   2.0130000e+03   1.9730745e+02   3.8430304e-01
   2.0140000e+03   1.9951460e+02   6.2315681e-01
   2.0150000e+03   2.0136140e+02   6.3300248e-01
   2.0160000e+03   2.0288117e+02   6.4264731e-01
   2.0170000e+03   2.0455784e+02   6.5214698e-01
   2.0180000e+03   2.0733974e+02   9.0138920e-01
   2.0190000e+03   2.0953787e+02   9.0816137e-01
   2.0200000e+03   2.1149942e+02   9.1482056e-01
   2.0210000e+03   2.1394892e+02   9.2195074e-01
   2.0220000e+03   2.1625217e+02   9.2848727e-01
   2.0230000e+03   2.1861570e+02   9.3616234e-01
   2.0240000e+03   2.2086760e+02   9.4289494e-01
   2.0250000e+03   2.2259022e+02   9.4931581e-01
   2.0260000e+03   2.2436395e+02   9.5577756e-01
   2.0270000e+03   2.2587947e+02   9.6203834e-01
   2.0280000e+03   2.2807208e+02   9.6828119e-01
   2.0290000e+03   2.3042897e+02   9.7450619e-01
   2.0300000e+03   2.3279360e+02   9.8070504e-01
   2.0310000e+03   2.3493971e+02   9.8738537e-01
   2.0320000e+03   2.3674976e+02   9.9345150e-01
   2.0330000e+03   2.3895559e+02   9.9949353e-01
   2.0340000e+03   2.4090649e+02   1.0055954e+00
   2.0350000e+03   2.4304176e+02   1.0115486e+00
   2.0360000e+03   2.4500113e+02   1.0174599e+00
   2.0370000e+03   2.4671459e+02   1.0233307e+00
   2.0380000e+03   2.4885387e+02   1.0292199e+00
   2.0390000e+03   2.5023857e+02   1.0350263e+00
   2.0400000e+03   2.5195234e+02   1.0409713e+00
   2.0410000e+03   2.5384473e+02   1.0467079e+00
   2.0420000e+03   2.5627045e+02   1.0525244e+00
   2.0430000e+03   2.5826237e+02   1.0582445e+00
   2.0440000e+03   2.6024544e+02   1.0639947e+00
   2.0450000e+03   2.6185923e+02   1.0695989e+00
   2.0460000e+03   2.6358607e+02   1.0753536e+00
   2.0470000e+03   2.6544083e+02   1.0809025e+00
   2.0480000e+03   2.6717565e+02   1.0864197e+00
   2.0490000e+03   2.6877977e+02   1.0918745e+00
   2.0500000e+03   2.7118851e+02   1.0978344e+00
   2.0510000e+03   2.7298782e+02   1.1032497e+00
   2.0520000e+03   2.7492952e+02   1.1093825e+00
   2.0530000e+03   2.7685956e+02   1.1147815e+00
   2.0540000e+03   2.7853101e+02   1.1203333e+00
   2.0550000e+03   2.8060460e+02   1.1257420e+00
   2.0560000e+03   2.8247615e+02   1.1310577e+00
   2.0570000e+03   2.8405079e+02   1.1364274e+00
   2.0580000e+03   2.8570564e+02   1.1417454e+00
   2.0590000e+03   2.8743573e+02   1.1469778e+00
   2.0600000e+03   2.8915460e+02   1.1522934e+00
   2.0610000e+03   2.9079886e+02   1.1576001e+00
   2.0620000e+03   2.9230195e+02   1.1627555e+00
   2.0630000e+03   2.9386713e+02   1.1678656e+00
   2.0640000e+03   2.9534171e+02   1.1733925e+00
   2.0650000e+03   2.9719501e+02   1.1786543e+00
   2.0660000e+03   2.9863139e+02   1.1834444e+00
   2.0670000e+03   3.0043814e+02   1.1885769e+00
   2.0680000e+03   3.0207326e+02   1.1943702e+00
   2.0690000e+03   3.0398455e+02   1.2004693e+00
   2.0700000e+03   3.0566135e+02   1.2054071e+00
   2.0710000e+03   3.0690963e+02   1.2104205e+00
   2.0720000e+03   3.0827261e+02   1.2152850e+00
   2.0730000e+03   3.0960807e+02   1.2202995e+00
   2.0740000e+03   3.1086643e+02   1.2253263e+00
   2.0750000e+03   3.1206064e+02   1.2301853e+00
   2.0760000e+03   3.1338843e+02   1.2352782e+00
   2.0770000e+03   3.1470787e+02   1.2402420e+00
   2.0780000e+03   3.1611097e+02   1.2450473e+00
   2.0790000e+03   3.1785641e+02   1.2502750e+00
   2.0800000e+03   3.1938306e+02   1.2553019e+00
   2.0810000e+03   3.2040101e+02   1.2600982e+00
   2.0820000e+03   3.2194810e+02   1.2650685e+00
   2.0830000e+03   3.2314334e+02   1.2697267e+00
   2.0840000e+03   3.2432945e+02   1.2744284e+00
   2.0850000e+03   3.2590973e+02   1.2792105e+00
   2.0860000e+03   3.2729516e+02   1.2842066e+00
   2.0870000e+03   3.2853283e+02   1.2890573e+00
   2.0880000e+03   3.2988426e+02   1.2946656e+00
   2.0890000e+03   3.3130275e+02   1.2995272e+00
   2.0900000e+03   3.3318504e+02   1.3043447e+00
   2.0910000e+03   3.3433431e+02   1.3090509e+00
   2.0920000e+03   3.3562063e+02   1.3150816e+00
   2.0930000e+03   3.3681438e+02   1.3212040e+00
   2.0940000e+03   3.3779120e+02   1.3258117e+00
   2.0950000e+03   3.3912570e+02   1.3303887e+00
   2.0960000e+03   3.4030197e+02   1.3349181e+00
   2.0970000e+03   3.4140008e+02   1.3397223e+00
   2.0980000e+03   3.4260711e+02   1.3442910e+00
   2.0990000e+03   3.4386432e+02   1.3487738e+00
   2.1000000e+03   3.4526805e+02   1.3542983e+00
   2.1010000e+03   3.4631167e+02   1.3591935e+00
   2.1020000e+03   3.4731528e+02   1.3637535e+00
   2.1030000e+03   3.4860837e+02   1.3682183e+00
   2.1040000e+03   3.4959311e+02   1.3725356e+00
   2.1050000e+03   3.5088047e+02   1.3776586e+00
   2.1060000e+03   3.5218262e+02   1.3820901e+00
   2.1070000e+03   3.5326630e+02   1.3865704e+00
   2.1080000e+03   3.5464459e+02   1.3913826e+00
   2.1090000e+03   3.5588828e+02   1.3959588e+00
   2.1100000e+03   3.5702539e+02   1.4006065e+00
   2.1110000e+03   3.5791077e+02   1.4048255e+00
   2.1120000e+03   3.5894816e+02   1.4091414e+00
   2.1130000e+03   3.6012845e+02   1.4140693e+00
   2.1140000e+03   3.6120298e+02   1.4185904e+00
   2.1150000e+03   3.6236588e+02   1.4227337e+00
   2.1160000e+03   3.6316307e+02   1.4273200e+00
   2.1170000e+03   3.6384628e+02   1.4313648e+00
   2.1180000e+03   3.6483292e+02   1.4363867e+00
   2.1190000e+03   3.6579705e+02   1.4413399e+00
   2.1200000e+03   3.6658410e+02   1.4462728e+00
   2.1210000e+03   3.6753646e+02   1.4506548e+00
   2.1220000e+03   3.6839920e+02   1.4552860e+00
   2.1230000e+03   3.6921523e+02   1.4592802e+00
   2.1240000e+03   3.6995194e+02   1.4633155e+00
   2.1250000e+03   3.7072744e+02   1.4673986e+00
   2.1260000e+03   3.7141517e+02   1.4713769e+00
   2.1270000e+03   3.7245681e+02   1.4757657e+00
   2.1280000e+03   3.7382883e+02   1.4799650e+00
   2.1290000e+03   3.7447367e+02   1.4840112e+00
   2.1300000e+03   3.7527748e+02   1.4883624e+00
   2.1310000e+03   3.7600135e+02   1.4925357e+00
   2.1320000e+03   3.7668234e+02   1.4965648e+00
   2.1330000e+03   3.7743909e+02   1.5005348e+00
   2.1340000e+03   3.7788943e+02   1.5043794e+00
   2.1350000e+03   3.7868011e+02   1.5087798e+00
   2.1360000e+03   3.7973271e+02   1.5133869e+00
   2.1370000e+03   3.8031782e+02   1.5181274e+00
   2.1380000e+03   3.8106872e+02   1.5223579e+00
   2.1390000e+03   3.8159886e+02   1.5262577e+00
   2.1400000e+03   3.8257706e+02   1.5315863e+00
   2.1410000e+03   3.8328658e+02   1.5360264e+00
   2.1420000e+03   3.8396980e+02   1.5405996e+00
   2.1430000e+03   3.8441966e+02   1.5443277e+00
   2.1440000e+03   3.8512162e+02   1.5485831e+00
   2.1450000e+03   3.8583640e+02   1.5526678e+00
   2.1460000e+03   3.8635311e+02   1.5566923e+00
   2.1470000e+03   3.8697761e+02   1.5606767e+00
   2.1480000e+03   3.8776093e+02   1.5648642e+00
   2.1490000e+03   3.8865340e+02   1.5696394e+00
   2.1500000e+03   3.8950349e+02   1.5740791e+00
   2.1510000e+03   3.8991032e+02   1.5779424e+00
   2.1520000e+03   3.9062848e+02   1.5825126e+00
   2.1530000e+03   3.9146045e+02   1.5874340e+00
   2.1540000e+03   3.9239996e+02   1.5922739e+00
   2.1550000e+03   3.9302766e+02   1.5963758e+00
   2.1560000e+03   3.9356678e+02   1.6001997e+00
   2.1570000e+03   3.9419773e+02   1.6054778e+00
   2.1580000e+03   3.9488732e+02   1.6111314e+00
   2.1590000e+03   3.9550605e+02   1.6147027e+00
   2.1600000e+03   3.9600017e+02   1.6191253e+00
   2.1610000e+03   3.9653041e+02   1.6229332e+00
   2.1620000e+03   3.9705344e+02   1.6267669e+00
   2.1630000e+03   3.9745703e+02   1.6305831e+00
   2.1640000e+03   3.9797160e+02   1.6345767e+00
   2.1650000e+03   3.9857008e+02   1.6381340e+00
   2.1660000e+03   3.9915237e+02   1.6419461e+00
   2.1670000e+03   3.9983879e+02   1.6456364e+00
   2.1680000e+03   4.0054962e+02   1.6502951e+00
   2.1690000e+03   4.0110534e+02   1.6542988e+00
   2.1700000e+03   4.0157085e+02   1.6582339e+00
   2.1710000e+03   4.0199376e+02   1.6621947e+00
   2.1720000e+03   4.0247694e+02   1.6658019e+00
   2.1730000e+03   4.0291262e+02   1.6691501e+00
   2.1740000e+03   4.0318926e+02   1.6729067e+00
   2.1750000e+03   4.0375319e+02   1.6767106e+00
   2.1760000e+03   4.0421643e+02   1.6801046e+00
   2.1770000e+03   4.0474476e+02   1.6838551e+00
   2.1780000e+03   4.0502686e+02   1.6873423e+00
   2.1790000e+03   4.0529705e+02   1.6911390e+00
   2.1800000e+03   4.0561143e+02   1.6945534e+00
   2.1810000e+03   4.0611418e+02   1.6980416e+00
   2.1820000e+03   4.0653489e+02   1.7015879e+00
   2.1830000e+03   4.0701810e+02   1.7053571e+00
   2.1840000e+03   4.0760373e+02   1.7086049e+00
   2.1850000e+03   4.0803001e+02   1.7122758e+00
   2.1860000e+03   4.0827094e+02   1.7155963e+00
   2.1870000e+03   4.0881913e+02   1.7193811e+00
   2.1880000e+03   4.0924891e+02   1.7228521e+00
   2.1890000e+03   4.0951082e+02   1.7260892e+00
   2.1900000e+03   4.0972955e+02   1.7298073e+00
   2.1910000e+03   4.1021208e+02   1.7337338e+00
   2.1920000e+03   4.1083420e+02   1.7379753e+00
   2.1930000e+03   4.1125215e+02   1.7415408e+00
   2.1940000e+03   4.1165294e+02   1.7448053e+00
   2.1950000e+03   4.1229426e+02   1.7488137e+00
   2.1960000e+03   4.1265206e+02   1.7522146e+00
   2.1970000e+03   4.1297206e+02   1.7555272e+00
   2.1980000e+03   4.1335478e+02   1.7595798e+00
   2.1990000e+03   4.1379416e+02   1.7628645e+00
   2.2000000e+03   4.1411464e+02   1.7664860e+00
   2.2010000e+03   4.1434306e+02   1.7696576e+00
   2.2020000e+03   4.1471538e+02   1.7731073e+00
   2.2030000e+03   4.1479634e+02   1.7757533e+00
   2.2040000e+03   4.1502238e+02   1.7788986e+00
   2.2050000e+03   4.1523652e+02   1.7821548e+00
   2.2060000e+03   4.1550715e+02   1.7852970e+00
   2.2070000e+03   4.1573672e+02   1.7884490e+00
   2.2080000e+03   4.1600261e+02   1.7919790e+00
   2.2090000e+03   4.1653901e+02   1.7957687e+00
   2.2100000e+03   4.1678080e+02   1.7994145e+00
   2.2110000e+03   4.1701236e+02   1.8027605e+00
   2.2120000e+03   4.1712742e+02   1.8060883e+00
   2.2130000e+03   4.1747013e+02   1.8091817e+00
   2.2140000e+03   4.1780692e+02   1.8125485e+00
   2.2150000e+03   4.1801137e+02   1.8158658e+00
   2.2160000e+03   4.1842787e+02   1.8197728e+00
   2.2170000e+03   4.1887421e+02   1.8234845e+00
   2.2180000e+03   4.1920703e+02   1.8266286e+00
   2.2190000e+03   4.1937045e+02   1.8301381e+00
   2.2200000e+03   4.1978004e+02   1.8337100e+00
   2.2210000e+03   4.2016916e+02   1.8367914e+00
   2.2220000e+03   4.2058179e+02   1.8400428e+00
   2.2230000e+03   4.2077388e+02   1.8426908e+00
   2.2240000e+03   4.2088554e+02   1.8457236e+00
   2.2250000e+03   4.2097828e+02   1.8487095e+00
   2.2260000e+03   4.2142948e+02   1.8518214e+00
   2.2270000e+03   4.2159364e+02   1.8548624e+00
   2.2280000e+03   4.2161477e+02   1.8578933e+00
   2.2290000e+03   4.2196843e+02   1.8615239e+00
   2.2300000e+03   4.2204527e+02   1.8645576e+00
   2.2310000e+03   4.2231338e+02   1.8680965e+00
   2.2320000e+03   4.2244067e+02   1.8709713e+00
   2.2330000e+03   4.2258558e+02   1.8740017e+00
   2.2340000e+03   4.2274295e+02   1.8770296e+00
   2.2350000e+03   4.2293444e+02   1.8805843e+00
   2.2360000e+03   4.2319268e+02   1.8836043e+00
   2.2370000e+03   4.2356431e+02   1.8867083e+00
   2.2380000e+03   4.2378118e+02   1.8897808e+00
   2.2390000e+03   4.2411996e+02   1.8928948e+00
   2.2400000e+03   4.2441131e+02   1.8960169e+00
   2.2410000e+03   4.2466919e+02   1.8990529e+00
   2.2420000e+03   4.2497742e+02   1.9027513e+00
   2.2430000e+03   4.2529341e+02   1.9058144e+00
   2.2440000e+03   4.2551277e+02   1.9088553e+00
   2.2450000e+03   4.2577093e+02   1.9120338e+00
   2.2460000e+03   4.2588054e+02   1.9150298e+00
   2.2470000e+03   4.2603639e+02   1.9180918e+00
   2.2480000e+03   4.2620361e+02   1.9210874e+00
   2.2490000e+03   4.2629750e+02   1.9240299e+00
   2.2500000e+03   4.2629466e+02   1.9270222e+00
   2.2510000e+03   4.2648032e+02   1.9305721e+00
   2.2520000e+03   4.2668174e+02   1.9335437e+00
   2.2530000e+03   4.2654243e+02   1.9364438e+00
   2.2540000e+03   4.2669157e+02   1.9395377e+00
   2.2550000e+03   4.2666881e+02   1.9424464e+00
   2.2560000e+03   4.2680584e+02   1.9453717e+00
   2.2570000e+03   4.2688071e+02   1.9483218e+00
   2.2580000e+03   4.2702857e+02   1.9512102e+00
   2.2590000e+03   4.2715106e+02   1.9541460e+00
   2.2600000e+03   4.2719827e+02   1.9572592e+00
   2.2610000e+03   4.2750642e+02   1.9602584e+00
   2.2620000e+03   4.2758738e+02   1.9630113e+00
   2.2630000e+03   4.2790131e+02   1.9659986e+00
   2.2640000e+03   4.2791466e+02   1.9688908e+00
   2.2650000e+03   4.2798702e+02   1.9718627e+00
   2.2660000e+03   4.2818813e+02   1.9759808e+00
   2.2670000e+03   4.2842247e+02   1.9789360e+00
   2.2680000e+03   4.2848383e+02   1.9816566e+00
   2.2690000e+03   4.2856343e+02   1.9845283e+00
   2.2700000e+03   4.2881633e+02   1.9874478e+00
   2.2710000e+03   4.2897939e+02   1.9903764e+00
   2.2720000e+03   4.2904840e+02   1.9932520e+00
   2.2730000e+03   4.2929980e+02   1.9961315e+00
   2.2740000e+03   4.2948715e+02   1.9990078e+00
   2.2750000e+03   4.2955054e+02   2.0018757e+00
   2.2760000e+03   4.2951733e+02   2.0047291e+00
   2.2770000e+03   4.2962656e+02   2.0076410e+00
   2.2780000e+03   4.2971505e+02   2.0105474e+00
   2.2790000e+03   4.2977211e+02   2.0134629e+00
   2.2800000e+03   4.2971211e+02   2.0162792e+00
   2.2810000e+03   4.2982651e+02   2.0189654e+00
   2.2820000e+03   4.2983156e+02   2.0210368e+00
   2.2830000e+03   4.3001233e+02   2.0236520e+00
   2.2840000e+03   4.3000341e+02   2.0265666e+00
   2.2850000e+03   4.3018399e+02   2.0295837e+00
   2.2860000e+03   4.3014881e+02   2.0324163e+00
   2.2870000e+03   4.3026317e+02   2.0352944e+00
   2.2880000e+03   4.3033115e+02   2.0381332e+00
   2.2890000e+03   4.3039204e+02   2.0410030e+00
   2.2900000e+03   4.3043067e+02   2.0436555e+00
   2.2910000e+03   4.3053222e+02   2.0465750e+00
   2.2920000e+03   4.3072754e+02   2.0493850e+00
   2.2930000e+03   4.3073910e+02   2.0520901e+00
   2.2940000e+03   4.3078760e+02   2.0548253e+00
   2.2950000e+03   4.3080066e+02   2.0574551e+00
   2.2960000e+03   4.3084449e+02   2.0601337e+00
   2.2970000e+03   4.3081885e+02   2.0635967e+00
   2.2980000e+03   4.3092470e+02   2.0664328e+00
   2.2990000e+03   4.3097467e+02   2.0692350e+00
   2.3000000e+03   4.3101293e+02   2.0720239e+00
