   1.8500000e+03             NaN             NaN
   1.8510000e+03   1.2886105e+00   2.5229974e+00
   1.8520000e+03   2.2839555e+00   2.5066690e+00
   1.8530000e+03   3.7118065e+00   2.4762559e+00
   1.8540000e+03   5.6846749e+00   2.4580041e+00
   1.8550000e+03   7.3332414e+00   2.4379398e+00
   1.8560000e+03   8.7175601e+00   2.4203383e+00
   1.8570000e+03   9.8003369e+00   2.4045009e+00
   1.8580000e+03   1.0460393e+01   2.3892960e+00
   1.8590000e+03   1.1309753e+01   2.3862578e+00
   1.8600000e+03   1.2390041e+01   2.3777764e+00
   1.8610000e+03   1.3910052e+01   2.3617730e+00
   1.8620000e+03   1.5028503e+01   2.3463849e+00
   1.8630000e+03   1.6325462e+01   2.3357719e+00
   1.8640000e+03   1.7609873e+01   2.3273496e+00
   1.8650000e+03   1.8095582e+01   2.3122098e+00
   1.8660000e+03   1.9125582e+01   2.2966841e+00
   1.8670000e+03   2.0150512e+01   2.2811963e+00
   1.8680000e+03   2.1782115e+01   2.2549002e+00
   1.8690000e+03   2.3657774e+01   2.2343558e+00
   1.8700000e+03   2.5126304e+01   2.2068158e+00
   1.8710000e+03   2.7354042e+01   2.1916347e+00
   1.8720000e+03   2.8896260e+01   2.1552625e+00
   1.8730000e+03   3.0890445e+01   2.1292958e+00
   1.8740000e+03   3.1648312e+01   2.0812628e+00
   1.8750000e+03   3.2245132e+01   2.0720834e+00
   1.8760000e+03   3.3022504e+01   2.0470728e+00
   1.8770000e+03   3.4070445e+01   2.0369242e+00
   1.8780000e+03   3.5433035e+01   2.0128006e+00
   1.8790000e+03   3.6350290e+01   1.9995927e+00
   1.8800000e+03   3.7749913e+01   1.9889929e+00
   1.8810000e+03   3.9118804e+01   1.9607930e+00
   1.8820000e+03   3.9857694e+01   1.9268485e+00
   1.8830000e+03   4.1494104e+01   1.9126546e+00
   1.8840000e+03   4.2783769e+01   1.8921356e+00
   1.8850000e+03   4.3454639e+01   1.8822558e+00
   1.8860000e+03   4.3924812e+01   1.8678342e+00
   1.8870000e+03   4.4752399e+01   1.8559069e+00
   1.8880000e+03   4.5398081e+01   1.8453608e+00
   1.8890000e+03   4.6567948e+01   1.8372024e+00
   1.8900000e+03   4.8216901e+01   1.8134114e+00
   1.8910000e+03   4.8968826e+01   1.8095670e+00
   1.8920000e+03   5.0002829e+01   1.8015611e+00
   1.8930000e+03   5.0641479e+01   1.7790385e+00
   1.8940000e+03   5.1771510e+01   1.7513258e+00
   1.8950000e+03   5.3603411e+01   1.7184542e+00
   1.8960000e+03   5.5041165e+01   1.6888196e+00
   1.8970000e+03   5.6525444e+01   1.6683193e+00
   1.8980000e+03   5.7090424e+01   1.6437637e+00
   1.8990000e+03   5.8457962e+01   1.6397694e+00
   1.9000000e+03   6.0994805e+01   1.6090987e+00
   1.9010000e+03   6.2113936e+01   1.5592058e+00
   1.9020000e+03   6.3199099e+01   1.5441617e+00
   1.9030000e+03   6.3933356e+01   1.5165500e+00
   1.9040000e+03   6.4555506e+01   1.5088912e+00
   1.9050000e+03   6.5708935e+01   1.4978125e+00
   1.9060000e+03   6.6577304e+01   1.4818479e+00
   1.9070000e+03   6.7248997e+01   1.4574464e+00
   1.9080000e+03   6.8090790e+01   1.4420853e+00
   1.9090000e+03   6.9301520e+01   1.4372999e+00
   1.9100000e+03   6.9586132e+01   1.4154490e+00
   1.9110000e+03   7.0696768e+01   1.3967152e+00
   1.9120000e+03   7.2578930e+01   1.3796411e+00
   1.9130000e+03   7.3415476e+01   1.3555647e+00
   1.9140000e+03   7.4221336e+01   1.3387310e+00
   1.9150000e+03   7.4762253e+01   1.3028785e+00
   1.9160000e+03   7.5251432e+01   1.2908561e+00
   1.9170000e+03   7.5701882e+01   1.2855573e+00
   1.9180000e+03   7.6772790e+01   1.2773005e+00
   1.9190000e+03   7.7805384e+01   1.2650165e+00
   1.9200000e+03   7.8631216e+01   1.2383412e+00
   1.9210000e+03   8.0043625e+01   1.2297677e+00
   1.9220000e+03   8.1222743e+01   1.2207240e+00
   1.9230000e+03   8.2890363e+01   1.2151601e+00
   1.9240000e+03   8.5262553e+01   1.2029956e+00
   1.9250000e+03   8.7189781e+01   1.1837258e+00
   1.9260000e+03   8.8388723e+01   1.1713487e+00
   1.9270000e+03   8.9258054e+01   1.1636407e+00
   1.9280000e+03   8.9940205e+01   1.1524539e+00
   1.9290000e+03   9.1100323e+01   1.1467601e+00
   1.9300000e+03   9.1789374e+01   1.1061371e+00
   1.9310000e+03   9.3063549e+01   1.1001605e+00
   1.9320000e+03   9.4401270e+01   1.0855602e+00
   1.9330000e+03   9.5417842e+01   1.0788159e+00
   1.9340000e+03   9.5952203e+01   1.0514925e+00
   1.9350000e+03   9.6029961e+01   1.0406462e+00
   1.9360000e+03   9.6763200e+01   1.0330029e+00
   1.9370000e+03   9.8429129e+01   1.0184805e+00
   1.9380000e+03   9.9032674e+01   1.0045633e+00
   1.9390000e+03   9.9283414e+01   9.9808141e-01
   1.9400000e+03   1.0044607e+02   9.8534679e-01
   1.9410000e+03   1.0158374e+02   9.7252866e-01
   1.9420000e+03   1.0173957e+02   9.6582693e-01
   1.9430000e+03   1.0294337e+02   9.5985476e-01
   1.9440000e+03   1.0397331e+02   9.5310422e-01
   1.9450000e+03   1.0525510e+02   9.4644980e-01
   1.9460000e+03   1.0596730e+02   9.2847851e-01
   1.9470000e+03   1.0663791e+02   9.2038818e-01
   1.9480000e+03   1.0725145e+02   9.0709046e-01
   1.9490000e+03   1.0779662e+02   8.9986020e-01
   1.9500000e+03   1.0868406e+02   8.9274185e-01
   1.9510000e+03   1.0993234e+02   8.8472200e-01
   1.9520000e+03   1.1160040e+02   8.7752814e-01
   1.9530000e+03   1.1242710e+02   8.6752861e-01
   1.9540000e+03   1.1307729e+02   8.6014944e-01
   1.9550000e+03   1.1418091e+02   8.5281099e-01
   1.9560000e+03   1.1496565e+02   8.4537305e-01
   1.9570000e+03   1.1614251e+02   8.3660063e-01
   1.9580000e+03   1.1613046e+02   7.7166586e-01
   1.9590000e+03   1.1691608e+02   7.6345751e-01
   1.9600000e+03   1.1814222e+02   7.5522432e-01
   1.9610000e+03   1.1947667e+02   7.4601206e-01
   1.9620000e+03   1.1960820e+02   7.3746109e-01
   1.9630000e+03   1.1973572e+02   7.2798822e-01
   1.9640000e+03   1.1983829e+02   7.1932336e-01
   1.9650000e+03   1.2053595e+02   7.1061411e-01
   1.9660000e+03   1.2166829e+02   7.0169621e-01
   1.9670000e+03   1.2212427e+02   6.9268247e-01
   1.9680000e+03   1.2212792e+02   6.8314915e-01
   1.9690000e+03   1.2248722e+02   6.7396120e-01
   1.9700000e+03   1.2282546e+02   6.6464865e-01
   1.9710000e+03   1.2324518e+02   6.5529407e-01
   1.9720000e+03   1.2348431e+02   6.4601401e-01
   1.9730000e+03   1.2360968e+02   6.3621701e-01
   1.9740000e+03   1.2372179e+02   6.2580749e-01
   1.9750000e+03   1.2457851e+02   6.1580083e-01
   1.9760000e+03   1.2559373e+02   6.0595729e-01
   1.9770000e+03   1.2622726e+02   5.9535267e-01
   1.9780000e+03   1.2660819e+02   5.8471360e-01
   1.9790000e+03   1.2688843e+02   5.7399772e-01
   1.9800000e+03   1.2783427e+02   5.6313888e-01
   1.9810000e+03   1.2897298e+02   5.5201767e-01
   1.9820000e+03   1.2986328e+02   5.3915405e-01
   1.9830000e+03   1.2965141e+02   5.2761388e-01
   1.9840000e+03   1.2985562e+02   5.1593105e-01
   1.9850000e+03   1.3001924e+02   5.0387321e-01
   1.9860000e+03   1.3048635e+02   4.9147310e-01
   1.9870000e+03   1.3121398e+02   4.7861482e-01
   1.9880000e+03   1.3187366e+02   4.6556197e-01
   1.9890000e+03   1.3223925e+02   4.5213446e-01
   1.9900000e+03   1.3301862e+02   4.3826185e-01
   1.9910000e+03   1.3358237e+02   4.2397724e-01
   1.9920000e+03   1.3411449e+02   4.0927197e-01
   1.9930000e+03   1.3501563e+02   3.9434060e-01
   1.9940000e+03   1.3544918e+02   3.7855118e-01
   1.9950000e+03   1.3592237e+02   3.6195617e-01
   1.9960000e+03   1.3653775e+02   3.4477331e-01
   1.9970000e+03   1.3724431e+02   3.2647533e-01
   1.9980000e+03   1.3871871e+02   3.0706088e-01
   1.9990000e+03   1.4067524e+02   2.8464437e-01
   2.0000000e+03   1.4219578e+02   2.5683244e-01
   2.0010000e+03   1.4330788e+02   2.3062064e-01
   2.0020000e+03   1.4436555e+02   2.0161835e-01
   2.0030000e+03   1.4644919e+02   2.0228734e-01
   2.0040000e+03   1.4911632e+02   2.0306826e-01
   2.0050000e+03   1.5152058e+02   1.9843722e-01
   2.0060000e+03   1.5328864e+02   1.9933147e-01
   2.0070000e+03   1.5440389e+02   2.2317172e-01
   2.0080000e+03   1.5524207e+02   2.4459620e-01
   2.0090000e+03   1.5641700e+02   2.6874946e-01
   2.0100000e+03   1.5850108e+02   2.9146923e-01
   2.0110000e+03   1.5968528e+02   3.1178243e-01
   2.0120000e+03   1.6035453e+02   3.3077915e-01
   2.0130000e+03   1.6052295e+02   3.4854153e-01
   2.0140000e+03   1.6227191e+02   3.6598880e-01
   2.0150000e+03   1.6482261e+02   3.8450744e-01
   2.0160000e+03   1.6708880e+02   4.0085101e-01
   2.0170000e+03   1.6833712e+02   4.1582078e-01
   2.0180000e+03   1.6995239e+02   4.3030849e-01
   2.0190000e+03   1.7135214e+02   4.4430622e-01
   2.0200000e+03   1.7345725e+02   4.5786278e-01
   2.0210000e+03   1.7619900e+02   4.7161148e-01
   2.0220000e+03   1.7830410e+02   4.8758970e-01
   2.0230000e+03   1.7965640e+02   5.0613063e-01
   2.0240000e+03   1.8147629e+02   5.2535264e-01
   2.0250000e+03   1.8291827e+02   5.3684838e-01
   2.0260000e+03   1.8411686e+02   5.4808357e-01
   2.0270000e+03   1.8561766e+02   5.5938180e-01
   2.0280000e+03   1.8669718e+02   5.7040182e-01
   2.0290000e+03   1.8797377e+02   5.8102567e-01
   2.0300000e+03   1.8948597e+02   5.9158689e-01
   2.0310000e+03   1.9187663e+02   6.1033713e-01
   2.0320000e+03   1.9440058e+02   6.6449295e-01
   2.0330000e+03   1.9679221e+02   6.7608403e-01
   2.0340000e+03   1.9820574e+02   6.8601832e-01
   2.0350000e+03   1.9921334e+02   6.9503753e-01
   2.0360000e+03   2.0043361e+02   7.0391056e-01
   2.0370000e+03   2.0256910e+02   7.1484551e-01
   2.0380000e+03   2.0449958e+02   7.2804958e-01
   2.0390000e+03   2.0636418e+02   7.3654306e-01
   2.0400000e+03   2.0781764e+02   7.4476514e-01
   2.0410000e+03   2.0942548e+02   7.6242912e-01
   2.0420000e+03   2.1182481e+02   8.0006611e-01
   2.0430000e+03   2.1434809e+02   8.2519679e-01
   2.0440000e+03   2.1632025e+02   8.3323919e-01
   2.0450000e+03   2.1784473e+02   8.6213070e-01
   2.0460000e+03   2.1908612e+02   8.6963295e-01
   2.0470000e+03   2.2038265e+02   8.8235211e-01
   2.0480000e+03   2.2264990e+02   1.0286337e+00
   2.0490000e+03   2.2544612e+02   1.1084836e+00
   2.0500000e+03   2.2744890e+02   1.1290456e+00
   2.0510000e+03   2.2874138e+02   1.1483036e+00
   2.0520000e+03   2.3120804e+02   1.5723600e+00
   2.0530000e+03   2.3351887e+02   1.6735511e+00
   2.0540000e+03   2.3696941e+02   1.9794157e+00
   2.0550000e+03   2.4036000e+02   2.4746218e+00
   2.0560000e+03   2.4280862e+02   2.5076155e+00
   2.0570000e+03   2.4403409e+02   2.5177269e+00
   2.0580000e+03   2.4533079e+02   2.5236057e+00
   2.0590000e+03   2.4693511e+02   2.5288604e+00
   2.0600000e+03   2.4925877e+02   2.5636828e+00
   2.0610000e+03   2.5144007e+02   2.5885679e+00
   2.0620000e+03   2.5352985e+02   2.6196710e+00
   2.0630000e+03   2.5531102e+02   2.6362711e+00
   2.0640000e+03   2.5663314e+02   2.6385806e+00
   2.0650000e+03   2.5868676e+02   2.6705611e+00
   2.0660000e+03   2.6154435e+02   2.7492841e+00
   2.0670000e+03   2.6329788e+02   2.7528882e+00
   2.0680000e+03   2.6467722e+02   2.7646136e+00
   2.0690000e+03   2.6658240e+02   2.8329547e+00
   2.0700000e+03   2.6858767e+02   2.8718812e+00
   2.0710000e+03   2.7074694e+02   2.9051467e+00
   2.0720000e+03   2.7292313e+02   2.9412053e+00
   2.0730000e+03   2.7466450e+02   2.9846687e+00
   2.0740000e+03   2.7626958e+02   2.9902545e+00
   2.0750000e+03   2.7759934e+02   3.0092673e+00
   2.0760000e+03   2.7912913e+02   3.0391311e+00
   2.0770000e+03   2.8069579e+02   3.0696781e+00
   2.0780000e+03   2.8341378e+02   3.2439058e+00
   2.0790000e+03   2.8583160e+02   3.4352758e+00
   2.0800000e+03   2.8786202e+02   3.4793975e+00
   2.0810000e+03   2.8947003e+02   3.5539433e+00
   2.0820000e+03   2.9119362e+02   3.6964901e+00
   2.0830000e+03   2.9303566e+02   3.7580784e+00
   2.0840000e+03   2.9544293e+02   3.8467383e+00
   2.0850000e+03   2.9737060e+02   3.9753571e+00
   2.0860000e+03   2.9936419e+02   4.0503646e+00
   2.0870000e+03   3.0094979e+02   4.1389646e+00
   2.0880000e+03   3.0291066e+02   4.1868292e+00
   2.0890000e+03   3.0494786e+02   4.2226873e+00
   2.0900000e+03   3.0687187e+02   4.3044903e+00
   2.0910000e+03   3.0890774e+02   4.4140982e+00
   2.0920000e+03   3.1054902e+02   4.4327439e+00
   2.0930000e+03   3.1175053e+02   4.4610099e+00
   2.0940000e+03   3.1366896e+02   4.5579792e+00
   2.0950000e+03   3.1581065e+02   4.6628875e+00
   2.0960000e+03   3.1757204e+02   4.7099414e+00
   2.0970000e+03   3.2002370e+02   4.8359257e+00
   2.0980000e+03   3.2181304e+02   4.8814402e+00
   2.0990000e+03   3.2387810e+02   4.8841544e+00
   2.1000000e+03   3.2567950e+02   4.8856774e+00
   2.1010000e+03             NaN             NaN
   2.1020000e+03             NaN             NaN
   2.1030000e+03             NaN             NaN
   2.1040000e+03             NaN             NaN
   2.1050000e+03             NaN             NaN
   2.1060000e+03             NaN             NaN
   2.1070000e+03             NaN             NaN
   2.1080000e+03             NaN             NaN
   2.1090000e+03             NaN             NaN
   2.1100000e+03             NaN             NaN
   2.1110000e+03             NaN             NaN
   2.1120000e+03             NaN             NaN
   2.1130000e+03             NaN             NaN
   2.1140000e+03             NaN             NaN
   2.1150000e+03             NaN             NaN
   2.1160000e+03             NaN             NaN
   2.1170000e+03             NaN             NaN
   2.1180000e+03             NaN             NaN
   2.1190000e+03             NaN             NaN
   2.1200000e+03             NaN             NaN
   2.1210000e+03             NaN             NaN
   2.1220000e+03             NaN             NaN
   2.1230000e+03             NaN             NaN
   2.1240000e+03             NaN             NaN
   2.1250000e+03             NaN             NaN
   2.1260000e+03             NaN             NaN
   2.1270000e+03             NaN             NaN
   2.1280000e+03             NaN             NaN
   2.1290000e+03             NaN             NaN
   2.1300000e+03             NaN             NaN
   2.1310000e+03             NaN             NaN
   2.1320000e+03             NaN             NaN
   2.1330000e+03             NaN             NaN
   2.1340000e+03             NaN             NaN
   2.1350000e+03             NaN             NaN
   2.1360000e+03             NaN             NaN
   2.1370000e+03             NaN             NaN
   2.1380000e+03             NaN             NaN
   2.1390000e+03             NaN             NaN
   2.1400000e+03             NaN             NaN
   2.1410000e+03             NaN             NaN
   2.1420000e+03             NaN             NaN
   2.1430000e+03             NaN             NaN
   2.1440000e+03             NaN             NaN
   2.1450000e+03             NaN             NaN
   2.1460000e+03             NaN             NaN
   2.1470000e+03             NaN             NaN
   2.1480000e+03             NaN             NaN
   2.1490000e+03             NaN             NaN
   2.1500000e+03             NaN             NaN
   2.1510000e+03             NaN             NaN
   2.1520000e+03             NaN             NaN
   2.1530000e+03             NaN             NaN
   2.1540000e+03             NaN             NaN
   2.1550000e+03             NaN             NaN
   2.1560000e+03             NaN             NaN
   2.1570000e+03             NaN             NaN
   2.1580000e+03             NaN             NaN
   2.1590000e+03             NaN             NaN
   2.1600000e+03             NaN             NaN
   2.1610000e+03             NaN             NaN
   2.1620000e+03             NaN             NaN
   2.1630000e+03             NaN             NaN
   2.1640000e+03             NaN             NaN
   2.1650000e+03             NaN             NaN
   2.1660000e+03             NaN             NaN
   2.1670000e+03             NaN             NaN
   2.1680000e+03             NaN             NaN
   2.1690000e+03             NaN             NaN
   2.1700000e+03             NaN             NaN
   2.1710000e+03             NaN             NaN
   2.1720000e+03             NaN             NaN
   2.1730000e+03             NaN             NaN
   2.1740000e+03             NaN             NaN
   2.1750000e+03             NaN             NaN
   2.1760000e+03             NaN             NaN
   2.1770000e+03             NaN             NaN
   2.1780000e+03             NaN             NaN
   2.1790000e+03             NaN             NaN
   2.1800000e+03             NaN             NaN
   2.1810000e+03             NaN             NaN
   2.1820000e+03             NaN             NaN
   2.1830000e+03             NaN             NaN
   2.1840000e+03             NaN             NaN
   2.1850000e+03             NaN             NaN
   2.1860000e+03             NaN             NaN
   2.1870000e+03             NaN             NaN
   2.1880000e+03             NaN             NaN
   2.1890000e+03             NaN             NaN
   2.1900000e+03             NaN             NaN
   2.1910000e+03             NaN             NaN
   2.1920000e+03             NaN             NaN
   2.1930000e+03             NaN             NaN
   2.1940000e+03             NaN             NaN
   2.1950000e+03             NaN             NaN
   2.1960000e+03             NaN             NaN
   2.1970000e+03             NaN             NaN
   2.1980000e+03             NaN             NaN
   2.1990000e+03             NaN             NaN
   2.2000000e+03             NaN             NaN
   2.2010000e+03             NaN             NaN
   2.2020000e+03             NaN             NaN
   2.2030000e+03             NaN             NaN
   2.2040000e+03             NaN             NaN
   2.2050000e+03             NaN             NaN
   2.2060000e+03             NaN             NaN
   2.2070000e+03             NaN             NaN
   2.2080000e+03             NaN             NaN
   2.2090000e+03             NaN             NaN
   2.2100000e+03             NaN             NaN
   2.2110000e+03             NaN             NaN
   2.2120000e+03             NaN             NaN
   2.2130000e+03             NaN             NaN
   2.2140000e+03             NaN             NaN
   2.2150000e+03             NaN             NaN
   2.2160000e+03             NaN             NaN
   2.2170000e+03             NaN             NaN
   2.2180000e+03             NaN             NaN
   2.2190000e+03             NaN             NaN
   2.2200000e+03             NaN             NaN
   2.2210000e+03             NaN             NaN
   2.2220000e+03             NaN             NaN
   2.2230000e+03             NaN             NaN
   2.2240000e+03             NaN             NaN
   2.2250000e+03             NaN             NaN
   2.2260000e+03             NaN             NaN
   2.2270000e+03             NaN             NaN
   2.2280000e+03             NaN             NaN
   2.2290000e+03             NaN             NaN
   2.2300000e+03             NaN             NaN
   2.2310000e+03             NaN             NaN
   2.2320000e+03             NaN             NaN
   2.2330000e+03             NaN             NaN
   2.2340000e+03             NaN             NaN
   2.2350000e+03             NaN             NaN
   2.2360000e+03             NaN             NaN
   2.2370000e+03             NaN             NaN
   2.2380000e+03             NaN             NaN
   2.2390000e+03             NaN             NaN
   2.2400000e+03             NaN             NaN
   2.2410000e+03             NaN             NaN
   2.2420000e+03             NaN             NaN
   2.2430000e+03             NaN             NaN
   2.2440000e+03             NaN             NaN
   2.2450000e+03             NaN             NaN
   2.2460000e+03             NaN             NaN
   2.2470000e+03             NaN             NaN
   2.2480000e+03             NaN             NaN
   2.2490000e+03             NaN             NaN
   2.2500000e+03             NaN             NaN
   2.2510000e+03             NaN             NaN
   2.2520000e+03             NaN             NaN
   2.2530000e+03             NaN             NaN
   2.2540000e+03             NaN             NaN
   2.2550000e+03             NaN             NaN
   2.2560000e+03             NaN             NaN
   2.2570000e+03             NaN             NaN
   2.2580000e+03             NaN             NaN
   2.2590000e+03             NaN             NaN
   2.2600000e+03             NaN             NaN
   2.2610000e+03             NaN             NaN
   2.2620000e+03             NaN             NaN
   2.2630000e+03             NaN             NaN
   2.2640000e+03             NaN             NaN
   2.2650000e+03             NaN             NaN
   2.2660000e+03             NaN             NaN
   2.2670000e+03             NaN             NaN
   2.2680000e+03             NaN             NaN
   2.2690000e+03             NaN             NaN
   2.2700000e+03             NaN             NaN
   2.2710000e+03             NaN             NaN
   2.2720000e+03             NaN             NaN
   2.2730000e+03             NaN             NaN
   2.2740000e+03             NaN             NaN
   2.2750000e+03             NaN             NaN
   2.2760000e+03             NaN             NaN
   2.2770000e+03             NaN             NaN
   2.2780000e+03             NaN             NaN
   2.2790000e+03             NaN             NaN
   2.2800000e+03             NaN             NaN
   2.2810000e+03             NaN             NaN
   2.2820000e+03             NaN             NaN
   2.2830000e+03             NaN             NaN
   2.2840000e+03             NaN             NaN
   2.2850000e+03             NaN             NaN
   2.2860000e+03             NaN             NaN
   2.2870000e+03             NaN             NaN
   2.2880000e+03             NaN             NaN
   2.2890000e+03             NaN             NaN
   2.2900000e+03             NaN             NaN
   2.2910000e+03             NaN             NaN
   2.2920000e+03             NaN             NaN
   2.2930000e+03             NaN             NaN
   2.2940000e+03             NaN             NaN
   2.2950000e+03             NaN             NaN
   2.2960000e+03             NaN             NaN
   2.2970000e+03             NaN             NaN
   2.2980000e+03             NaN             NaN
   2.2990000e+03             NaN             NaN
   2.3000000e+03             NaN             NaN
