   1.8500000e+03             NaN             NaN
   1.8510000e+03   5.4990211e-01   1.8184555e+00
   1.8520000e+03   1.1151329e+00   1.7964984e+00
   1.8530000e+03   1.6433088e+00   1.7700476e+00
   1.8540000e+03   2.3311728e+00   1.7474977e+00
   1.8550000e+03   2.8807849e+00   1.6518340e+00
   1.8560000e+03   3.9993944e+00   1.6046411e+00
   1.8570000e+03   4.4222094e+00   1.5749385e+00
   1.8580000e+03   4.4302875e+00   1.5663970e+00
   1.8590000e+03   4.6250608e+00   1.5623948e+00
   1.8600000e+03   4.5866747e+00   1.5582738e+00
   1.8610000e+03   4.8266289e+00   1.5542455e+00
   1.8620000e+03   5.6977769e+00   1.5457856e+00
   1.8630000e+03   5.6516407e+00   1.5341175e+00
   1.8640000e+03   6.2297351e+00   1.5253872e+00
   1.8650000e+03   6.8799729e+00   1.5162430e+00
   1.8660000e+03   8.2503853e+00   1.5074626e+00
   1.8670000e+03   8.6062288e+00   1.4907325e+00
   1.8680000e+03   9.1608409e+00   1.4862907e+00
   1.8690000e+03   9.9891632e+00   1.4770832e+00
   1.8700000e+03   1.0282897e+01   1.4591925e+00
   1.8710000e+03   1.0588453e+01   1.4544156e+00
   1.8720000e+03   1.0889533e+01   1.4496205e+00
   1.8730000e+03   1.1147358e+01   1.4452549e+00
   1.8740000e+03   1.1673779e+01   1.4400290e+00
   1.8750000e+03   1.2037048e+01   1.4316212e+00
   1.8760000e+03   1.2243965e+01   1.4235623e+00
   1.8770000e+03   1.2916192e+01   1.4145178e+00
   1.8780000e+03   1.3186572e+01   1.4024862e+00
   1.8790000e+03   1.3983904e+01   1.3953271e+00
   1.8800000e+03   1.4352038e+01   1.3859820e+00
   1.8810000e+03   1.5631113e+01   1.3814820e+00
   1.8820000e+03   1.6305025e+01   1.3648803e+00
   1.8830000e+03   1.6298834e+01   1.3549253e+00
   1.8840000e+03   1.5764040e+01   1.3456897e+00
   1.8850000e+03   1.5875216e+01   1.3410510e+00
   1.8860000e+03   1.6394997e+01   1.3318095e+00
   1.8870000e+03   1.6505226e+01   1.3212258e+00
   1.8880000e+03   1.6842894e+01   1.3118041e+00
   1.8890000e+03   1.7256104e+01   1.3027004e+00
   1.8900000e+03   1.8075574e+01   1.2930112e+00
   1.8910000e+03   1.8023622e+01   1.2834866e+00
   1.8920000e+03   1.8449929e+01   1.2786089e+00
   1.8930000e+03   1.8528826e+01   1.2691512e+00
   1.8940000e+03   1.9170405e+01   1.2641274e+00
   1.8950000e+03   1.9237596e+01   1.2520095e+00
   1.8960000e+03   1.9726819e+01   1.2469687e+00
   1.8970000e+03   2.0649204e+01   1.2375954e+00
   1.8980000e+03   2.0783036e+01   1.2277462e+00
   1.8990000e+03   2.0938262e+01   1.2225571e+00
   1.9000000e+03   2.1134419e+01   1.2133342e+00
   1.9010000e+03   2.1309242e+01   1.2081204e+00
   1.9020000e+03   2.1500799e+01   1.1988826e+00
   1.9030000e+03   2.1907151e+01   1.1897760e+00
   1.9040000e+03   2.2606287e+01   1.1804088e+00
   1.9050000e+03   2.3227486e+01   1.1712184e+00
   1.9060000e+03   2.3796667e+01   1.1597030e+00
   1.9070000e+03   2.3757625e+01   1.1504264e+00
   1.9080000e+03   2.3482225e+01   1.1456352e+00
   1.9090000e+03   2.3329150e+01   1.1402016e+00
   1.9100000e+03   2.3424144e+01   1.1315397e+00
   1.9110000e+03   2.3988688e+01   1.1259485e+00
   1.9120000e+03   2.4359186e+01   1.1200586e+00
   1.9130000e+03   2.4740082e+01   1.1112078e+00
   1.9140000e+03   2.4971020e+01   1.1055764e+00
   1.9150000e+03   2.5559726e+01   1.0967766e+00
   1.9160000e+03   2.6133952e+01   1.0907546e+00
   1.9170000e+03   2.6277419e+01   1.0821167e+00
   1.9180000e+03   2.6702796e+01   1.0760910e+00
   1.9190000e+03   2.7340553e+01   1.0674097e+00
   1.9200000e+03   2.8018847e+01   1.0586062e+00
   1.9210000e+03   2.8435510e+01   1.0502393e+00
   1.9220000e+03   2.8918274e+01   1.0414873e+00
   1.9230000e+03   2.9436321e+01   1.0355017e+00
   1.9240000e+03   2.9544195e+01   1.0268332e+00
   1.9250000e+03   3.0214563e+01   1.0204906e+00
   1.9260000e+03   3.0657531e+01   1.0142329e+00
   1.9270000e+03   3.0875397e+01   1.0077820e+00
   1.9280000e+03   3.1074395e+01   1.0014527e+00
   1.9290000e+03   3.1544472e+01   9.9311875e-01
   1.9300000e+03   3.1902741e+01   9.8494804e-01
   1.9310000e+03   3.2045242e+01   9.7849568e-01
   1.9320000e+03   3.2685392e+01   9.7206553e-01
   1.9330000e+03   3.3019036e+01   9.6623118e-01
   1.9340000e+03   3.3229560e+01   9.5996713e-01
   1.9350000e+03   3.4372000e+01   9.5325822e-01
   1.9360000e+03   3.5460362e+01   9.4384885e-01
   1.9370000e+03   3.6000520e+01   9.3694049e-01
   1.9380000e+03   3.6438128e+01   9.3023320e-01
   1.9390000e+03   3.6475340e+01   9.2168323e-01
   1.9400000e+03   3.6744682e+01   9.1339431e-01
   1.9410000e+03   3.7219350e+01   9.0491564e-01
   1.9420000e+03   3.7696497e+01   8.9655762e-01
   1.9430000e+03   3.7919926e+01   8.8813610e-01
   1.9440000e+03   3.8147602e+01   8.7971026e-01
   1.9450000e+03   3.8480462e+01   8.7242535e-01
   1.9460000e+03   3.8552887e+01   8.6395915e-01
   1.9470000e+03   3.9241998e+01   8.5674028e-01
   1.9480000e+03   3.9504349e+01   8.4941301e-01
   1.9490000e+03   3.9896718e+01   8.4208142e-01
   1.9500000e+03   4.0405129e+01   8.3335167e-01
   1.9510000e+03   4.0753698e+01   8.2567498e-01
   1.9520000e+03   4.0742512e+01   8.1711356e-01
   1.9530000e+03   4.0949907e+01   8.0846294e-01
   1.9540000e+03   4.1595982e+01   8.0076076e-01
   1.9550000e+03   4.2203326e+01   7.9279003e-01
   1.9560000e+03   4.2687114e+01   7.8474721e-01
   1.9570000e+03   4.2715785e+01   7.7589350e-01
   1.9580000e+03   4.3042299e+01   7.6922550e-01
   1.9590000e+03   4.3560112e+01   7.6096580e-01
   1.9600000e+03   4.3700045e+01   7.5197649e-01
   1.9610000e+03   4.4496262e+01   7.4368270e-01
   1.9620000e+03   4.5202983e+01   7.3519606e-01
   1.9630000e+03   4.5956440e+01   7.2594021e-01
   1.9640000e+03   4.6442606e+01   7.1657571e-01
   1.9650000e+03   4.7003139e+01   7.0792450e-01
   1.9660000e+03   4.7266025e+01   6.9828365e-01
   1.9670000e+03   4.7833188e+01   6.8864448e-01
   1.9680000e+03   4.8962435e+01   6.7948457e-01
   1.9690000e+03   4.9562308e+01   6.6949399e-01
   1.9700000e+03   4.9789490e+01   6.6020200e-01
   1.9710000e+03   5.0253294e+01   6.5073018e-01
   1.9720000e+03   5.1015801e+01   6.4110623e-01
   1.9730000e+03   5.1802852e+01   6.3116325e-01
   1.9740000e+03   5.2731176e+01   6.2128109e-01
   1.9750000e+03   5.3697850e+01   6.1239533e-01
   1.9760000e+03   5.4514638e+01   6.0200850e-01
   1.9770000e+03   5.5244564e+01   5.9154726e-01
   1.9780000e+03   5.5815092e+01   5.8058216e-01
   1.9790000e+03   5.6688599e+01   5.6956146e-01
   1.9800000e+03   5.7316568e+01   5.5830354e-01
   1.9810000e+03   5.9053382e+01   5.4677521e-01
   1.9820000e+03   6.0272917e+01   5.3458006e-01
   1.9830000e+03   6.1301840e+01   5.2240682e-01
   1.9840000e+03   6.2371196e+01   5.1028933e-01
   1.9850000e+03   6.3408527e+01   4.9767692e-01
   1.9860000e+03   6.4908420e+01   4.8474694e-01
   1.9870000e+03   6.6321518e+01   4.7240742e-01
   1.9880000e+03   6.7223868e+01   4.5872472e-01
   1.9890000e+03   6.8498312e+01   4.4476317e-01
   1.9900000e+03   6.9698764e+01   4.3063027e-01
   1.9910000e+03   7.0705863e+01   4.1603039e-01
   1.9920000e+03   7.1214164e+01   4.0090171e-01
   1.9930000e+03   7.1457625e+01   3.8523419e-01
   1.9940000e+03   7.2662156e+01   3.6929205e-01
   1.9950000e+03   7.3016145e+01   3.5218110e-01
   1.9960000e+03   7.4199113e+01   3.3448319e-01
   1.9970000e+03   7.5029720e+01   3.1543042e-01
   1.9980000e+03   7.5678336e+01   2.9557013e-01
   1.9990000e+03   7.6418084e+01   2.7398478e-01
   2.0000000e+03   7.7275184e+01   2.5032449e-01
   2.0010000e+03   7.7985887e+01   2.2474655e-01
   2.0020000e+03   7.9093676e+01   1.9591533e-01
   2.0030000e+03   8.0001993e+01   1.9658345e-01
   2.0040000e+03   8.1430218e+01   1.9729420e-01
   2.0050000e+03   8.2175804e+01   1.9812847e-01
   2.0060000e+03   8.3336497e+01   1.9921521e-01
   2.0070000e+03   8.4411503e+01   2.2343605e-01
   2.0080000e+03   8.5093037e+01   2.4495625e-01
   2.0090000e+03   8.6234991e+01   2.6866125e-01
   2.0100000e+03   8.7541545e+01   2.9059804e-01
   2.0110000e+03   8.8591521e+01   3.1101537e-01
   2.0120000e+03   8.9379375e+01   3.3012167e-01
   2.0130000e+03   9.0607958e+01   3.4822114e-01
   2.0140000e+03   9.1694941e+01   3.6543581e-01
   2.0150000e+03   9.2738924e+01   3.8181041e-01
   2.0160000e+03   9.4224738e+01   3.9753930e-01
   2.0170000e+03   9.5686058e+01   4.1272186e-01
   2.0180000e+03   9.6608715e+01   4.2730440e-01
   2.0190000e+03   9.7942835e+01   4.4225297e-01
   2.0200000e+03   9.9168522e+01   4.5604141e-01
   2.0210000e+03   1.0071224e+02   4.7074750e-01
   2.0220000e+03   1.0180820e+02   4.8355696e-01
   2.0230000e+03   1.0316695e+02   4.9669520e-01
   2.0240000e+03   1.0431917e+02   5.0886237e-01
   2.0250000e+03   1.0558698e+02   5.2125480e-01
   2.0260000e+03   1.0693879e+02   5.3334140e-01
   2.0270000e+03   1.0874924e+02   5.4548941e-01
   2.0280000e+03   1.1071468e+02   5.5690728e-01
   2.0290000e+03   1.1209275e+02   5.6834578e-01
   2.0300000e+03   1.1344590e+02   5.7970468e-01
   2.0310000e+03   1.1504112e+02   5.9032439e-01
   2.0320000e+03   1.1680445e+02   6.0067830e-01
   2.0330000e+03   1.1772820e+02   6.1073772e-01
   2.0340000e+03   1.1907755e+02   6.2077648e-01
   2.0350000e+03   1.2038871e+02   6.3053216e-01
   2.0360000e+03   1.2146155e+02   6.4151442e-01
   2.0370000e+03   1.2283462e+02   6.5099473e-01
   2.0380000e+03   1.2493754e+02   6.6039203e-01
   2.0390000e+03   1.2648255e+02   6.7034362e-01
   2.0400000e+03   1.2784204e+02   6.7940163e-01
   2.0410000e+03   1.2925575e+02   6.9061350e-01
   2.0420000e+03   1.3014434e+02   6.9966790e-01
   2.0430000e+03   1.3169537e+02   7.0849323e-01
   2.0440000e+03   1.3412003e+02   7.1716983e-01
   2.0450000e+03   1.3569105e+02   7.2645888e-01
   2.0460000e+03   1.3750616e+02   7.3572421e-01
   2.0470000e+03   1.3899422e+02   7.4720637e-01
   2.0480000e+03   1.4041857e+02   7.5627249e-01
   2.0490000e+03   1.4160174e+02   7.6451281e-01
   2.0500000e+03   1.4259895e+02   7.7237668e-01
   2.0510000e+03   1.4388993e+02   7.8048076e-01
   2.0520000e+03   1.4516739e+02   7.8817857e-01
   2.0530000e+03   1.4638387e+02   7.9579818e-01
   2.0540000e+03   1.4763975e+02   8.0334104e-01
   2.0550000e+03   1.4883558e+02   8.1082289e-01
   2.0560000e+03   1.4993317e+02   8.1822217e-01
   2.0570000e+03   1.5075623e+02   8.2554410e-01
   2.0580000e+03   1.5152971e+02   8.3270779e-01
   2.0590000e+03   1.5245009e+02   8.3991266e-01
   2.0600000e+03   1.5413245e+02   8.4714420e-01
   2.0610000e+03   1.5547206e+02   8.5422637e-01
   2.0620000e+03   1.5681777e+02   8.6124684e-01
   2.0630000e+03   1.5809708e+02   8.6821167e-01
   2.0640000e+03   1.5904499e+02   8.7509361e-01
   2.0650000e+03   1.5983603e+02   8.8169995e-01
   2.0660000e+03   1.6075011e+02   8.8846308e-01
   2.0670000e+03   1.6234652e+02   8.9520854e-01
   2.0680000e+03   1.6359134e+02   9.0188160e-01
   2.0690000e+03   1.6448933e+02   9.0849329e-01
   2.0700000e+03   1.6526562e+02   9.1548423e-01
   2.0710000e+03   1.6615447e+02   9.2199761e-01
   2.0720000e+03   1.6712946e+02   9.2845182e-01
   2.0730000e+03   1.6813591e+02   9.3542058e-01
   2.0740000e+03   1.6941206e+02   9.4180271e-01
   2.0750000e+03   1.7067084e+02   9.5376450e-01
   2.0760000e+03   1.7177189e+02   9.7146238e-01
   2.0770000e+03   1.7246477e+02   9.7758201e-01
   2.0780000e+03   1.7300191e+02   9.8364782e-01
   2.0790000e+03   1.7411998e+02   9.8968813e-01
   2.0800000e+03   1.7530070e+02   9.9570207e-01
   2.0810000e+03   1.7587420e+02   1.0016475e+00
   2.0820000e+03   1.7675967e+02   1.0081055e+00
   2.0830000e+03   1.7762621e+02   1.0139985e+00
   2.0840000e+03   1.7821015e+02   1.0196248e+00
   2.0850000e+03   1.7955279e+02   1.0254601e+00
   2.0860000e+03   1.8090757e+02   1.0411818e+00
   2.0870000e+03   1.8151873e+02   1.0468530e+00
   2.0880000e+03   1.8210299e+02   1.0524946e+00
   2.0890000e+03   1.8272511e+02   1.0580993e+00
   2.0900000e+03   1.8334197e+02   1.0633365e+00
   2.0910000e+03   1.8407971e+02   1.0688959e+00
   2.0920000e+03   1.8459760e+02   1.0744162e+00
   2.0930000e+03   1.8532517e+02   1.0799082e+00
   2.0940000e+03   1.8599861e+02   1.0853634e+00
   2.0950000e+03   1.8669416e+02   1.0907907e+00
   2.0960000e+03   1.8735201e+02   1.1214780e+00
   2.0970000e+03   1.8829161e+02   1.1267411e+00
   2.0980000e+03   1.8884839e+02   1.1319624e+00
   2.0990000e+03   1.8941592e+02   1.1371684e+00
   2.1000000e+03   1.9021682e+02   1.1423491e+00
   2.1010000e+03   1.9085386e+02   1.1475005e+00
   2.1020000e+03   1.9125303e+02   1.1526130e+00
   2.1030000e+03   1.9218797e+02   1.1583966e+00
   2.1040000e+03   1.9315199e+02   1.1634730e+00
   2.1050000e+03   1.9375684e+02   1.1846208e+00
   2.1060000e+03   1.9425461e+02   1.1895710e+00
   2.1070000e+03   1.9558797e+02   1.1945343e+00
   2.1080000e+03   1.9653612e+02   1.1994629e+00
   2.1090000e+03   1.9747666e+02   1.2043620e+00
   2.1100000e+03   1.9814714e+02   1.2092281e+00
   2.1110000e+03   1.9872758e+02   1.2140781e+00
   2.1120000e+03   1.9931586e+02   1.2188953e+00
   2.1130000e+03   2.0020034e+02   1.2229866e+00
   2.1140000e+03   2.0078372e+02   1.2277676e+00
   2.1150000e+03   2.0148349e+02   1.2325435e+00
   2.1160000e+03   2.0221588e+02   1.2390243e+00
   2.1170000e+03   2.0307580e+02   1.2437394e+00
   2.1180000e+03   2.0374783e+02   1.2484278e+00
   2.1190000e+03   2.0397665e+02   1.2530951e+00
   2.1200000e+03   2.0459474e+02   1.2577667e+00
   2.1210000e+03   2.0517649e+02   1.2624054e+00
   2.1220000e+03   2.0567879e+02   1.2670245e+00
   2.1230000e+03   2.0584974e+02   1.2715991e+00
   2.1240000e+03   2.0661071e+02   1.2762032e+00
   2.1250000e+03   2.0724345e+02   1.2807854e+00
   2.1260000e+03   2.0787505e+02   1.2861888e+00
   2.1270000e+03   2.0861472e+02   1.2907341e+00
   2.1280000e+03   2.0945014e+02   1.2952408e+00
   2.1290000e+03   2.1028603e+02   1.2997641e+00
   2.1300000e+03   2.1099978e+02   1.3042461e+00
   2.1310000e+03   2.1143272e+02   1.3086852e+00
   2.1320000e+03   2.1209947e+02   1.3131237e+00
   2.1330000e+03   2.1273026e+02   1.3175225e+00
   2.1340000e+03   2.1315835e+02   1.3219241e+00
   2.1350000e+03   2.1341061e+02   1.3446234e+00
   2.1360000e+03   2.1396266e+02   1.3489460e+00
   2.1370000e+03   2.1469515e+02   1.3532704e+00
   2.1380000e+03   2.1532688e+02   1.3575498e+00
   2.1390000e+03   2.1561731e+02   1.3609409e+00
   2.1400000e+03   2.1622962e+02   1.3652040e+00
   2.1410000e+03   2.1650259e+02   1.3694487e+00
   2.1420000e+03   2.1692127e+02   1.3736663e+00
   2.1430000e+03   2.1718585e+02   1.3778572e+00
   2.1440000e+03   2.1766203e+02   1.3820800e+00
   2.1450000e+03   2.1802967e+02   1.3871787e+00
   2.1460000e+03   2.1843596e+02   1.3913536e+00
   2.1470000e+03   2.1881693e+02   1.3955078e+00
   2.1480000e+03   2.1933796e+02   1.4005938e+00
   2.1490000e+03   2.1979853e+02   1.4047500e+00
   2.1500000e+03   2.2036363e+02   1.4088655e+00
   2.1510000e+03   2.2087362e+02   1.4130142e+00
   2.1520000e+03   2.2162327e+02   1.4171447e+00
   2.1530000e+03   2.2193250e+02   1.4212059e+00
   2.1540000e+03   2.2231771e+02   1.4252538e+00
   2.1550000e+03   2.2274520e+02   1.4293330e+00
   2.1560000e+03   2.2284509e+02   1.4333796e+00
   2.1570000e+03   2.2312855e+02   1.4374185e+00
   2.1580000e+03   2.2322240e+02   1.4413965e+00
   2.1590000e+03   2.2370409e+02   1.4454063e+00
   2.1600000e+03   2.2414758e+02   1.4493799e+00
   2.1610000e+03   2.2431547e+02   1.4533553e+00
   2.1620000e+03   2.2495448e+02   1.4585713e+00
   2.1630000e+03   2.2524650e+02   1.4625199e+00
   2.1640000e+03   2.2564582e+02   1.4663830e+00
   2.1650000e+03   2.2599280e+02   1.4703152e+00
   2.1660000e+03   2.2656938e+02   1.4742653e+00
   2.1670000e+03   2.2701744e+02   1.4780458e+00
   2.1680000e+03   2.2738705e+02   1.4819108e+00
   2.1690000e+03   2.2764631e+02   1.4857862e+00
   2.1700000e+03   2.2790106e+02   1.4896595e+00
   2.1710000e+03   2.2822467e+02   1.4935130e+00
   2.1720000e+03   2.2853876e+02   1.4973438e+00
   2.1730000e+03   2.2894577e+02   1.5011895e+00
   2.1740000e+03   2.2943556e+02   1.5061745e+00
   2.1750000e+03   2.2972023e+02   1.5100210e+00
   2.1760000e+03   2.3002702e+02   1.5139010e+00
   2.1770000e+03   2.3032114e+02   1.5177259e+00
   2.1780000e+03   2.3061772e+02   1.5363045e+00
   2.1790000e+03   2.3108804e+02   1.5557511e+00
   2.1800000e+03   2.3150138e+02   1.5738286e+00
   2.1810000e+03   2.3159951e+02   1.5775168e+00
   2.1820000e+03   2.3186176e+02   1.5811602e+00
   2.1830000e+03   2.3203459e+02   1.5847853e+00
   2.1840000e+03   2.3251222e+02   1.5883789e+00
   2.1850000e+03   2.3297675e+02   1.6070783e+00
   2.1860000e+03   2.3342845e+02   1.6244728e+00
   2.1870000e+03   2.3378707e+02   1.6416757e+00
   2.1880000e+03   2.3408278e+02   1.6451749e+00
   2.1890000e+03   2.3423243e+02   1.6486389e+00
   2.1900000e+03   2.3449136e+02   1.6521489e+00
   2.1910000e+03   2.3482380e+02   1.6555994e+00
   2.1920000e+03   2.3509945e+02   1.6590950e+00
   2.1930000e+03   2.3547688e+02   1.6625475e+00
   2.1940000e+03   2.3547839e+02   1.6659794e+00
   2.1950000e+03   2.3574785e+02   1.6693736e+00
   2.1960000e+03   2.3597578e+02   1.6727928e+00
   2.1970000e+03   2.3601415e+02   1.6762136e+00
   2.1980000e+03   2.3578699e+02   1.6795882e+00
   2.1990000e+03   2.3605532e+02   1.6829900e+00
   2.2000000e+03   2.3645380e+02   1.6864026e+00
   2.2010000e+03   2.3649088e+02   1.6897601e+00
   2.2020000e+03   2.3641547e+02   1.6930989e+00
   2.2030000e+03   2.3647337e+02   1.6964524e+00
   2.2040000e+03   2.3680976e+02   1.6998360e+00
   2.2050000e+03   2.3711151e+02   1.7032006e+00
   2.2060000e+03   2.3720385e+02   1.7065503e+00
   2.2070000e+03   2.3741868e+02   1.7098735e+00
   2.2080000e+03   2.3753988e+02   1.7131960e+00
   2.2090000e+03   2.3776132e+02   1.7166002e+00
   2.2100000e+03   2.3817741e+02   1.7199752e+00
   2.2110000e+03   2.3852654e+02   1.7247377e+00
   2.2120000e+03   2.3867545e+02   1.7280303e+00
   2.2130000e+03   2.3861268e+02   1.7314026e+00
   2.2140000e+03   2.3880836e+02   1.7347149e+00
   2.2150000e+03   2.3892797e+02   1.7380455e+00
   2.2160000e+03   2.3919228e+02   1.7413531e+00
   2.2170000e+03   2.3937891e+02   1.7447227e+00
   2.2180000e+03   2.3965952e+02   1.7479606e+00
   2.2190000e+03   2.3995492e+02   1.7512862e+00
   2.2200000e+03   2.4016061e+02   1.7544970e+00
   2.2210000e+03   2.4017766e+02   1.7577356e+00
   2.2220000e+03   2.4072621e+02   1.7748159e+00
   2.2230000e+03   2.4086462e+02   1.7780241e+00
   2.2240000e+03   2.4106082e+02   1.7812631e+00
   2.2250000e+03   2.4136451e+02   1.7845134e+00
   2.2260000e+03   2.4137663e+02   1.7877246e+00
   2.2270000e+03   2.4139043e+02   1.7908514e+00
   2.2280000e+03   2.4150022e+02   1.7939695e+00
   2.2290000e+03   2.4140900e+02   1.7971764e+00
   2.2300000e+03   2.4150381e+02   1.8003104e+00
   2.2310000e+03   2.4134097e+02   1.8034253e+00
   2.2320000e+03   2.4147378e+02   1.8066364e+00
   2.2330000e+03   2.4156754e+02   1.8097450e+00
   2.2340000e+03   2.4157738e+02   1.8128192e+00
   2.2350000e+03   2.4168455e+02   1.8160068e+00
   2.2360000e+03   2.4194959e+02   1.8191427e+00
   2.2370000e+03   2.4209416e+02   1.8222261e+00
   2.2380000e+03   2.4221102e+02   1.8253360e+00
   2.2390000e+03   2.4236537e+02   1.8284563e+00
   2.2400000e+03   2.4259964e+02   1.8316246e+00
   2.2410000e+03   2.4274421e+02   1.8347632e+00
   2.2420000e+03   2.4293212e+02   1.8379498e+00
   2.2430000e+03   2.4321232e+02   1.8410659e+00
   2.2440000e+03   2.4330524e+02   1.8441834e+00
   2.2450000e+03   2.4341564e+02   1.8472897e+00
   2.2460000e+03   2.4350976e+02   1.8503431e+00
   2.2470000e+03   2.4375663e+02   1.8534429e+00
   2.2480000e+03   2.4385111e+02   1.8563050e+00
   2.2490000e+03   2.4385478e+02   1.8593466e+00
   2.2500000e+03   2.4385811e+02   1.8624128e+00
   2.2510000e+03   2.4392857e+02   1.8654055e+00
   2.2520000e+03   2.4394590e+02   1.8685447e+00
   2.2530000e+03   2.4407117e+02   1.8715372e+00
   2.2540000e+03   2.4412934e+02   1.8745810e+00
   2.2550000e+03   2.4425574e+02   1.8776493e+00
   2.2560000e+03   2.4421480e+02   1.8806719e+00
   2.2570000e+03   2.4447156e+02   1.8838169e+00
   2.2580000e+03   2.4465388e+02   1.8868915e+00
   2.2590000e+03   2.4478107e+02   1.8899670e+00
   2.2600000e+03   2.4489933e+02   1.8929398e+00
   2.2610000e+03   2.4501714e+02   1.8959133e+00
   2.2620000e+03   2.4502364e+02   1.8988660e+00
   2.2630000e+03   2.4484256e+02   1.9018554e+00
   2.2640000e+03   2.4472620e+02   1.9048402e+00
   2.2650000e+03   2.4485105e+02   1.9079954e+00
   2.2660000e+03   2.4507878e+02   1.9110224e+00
   2.2670000e+03   2.4526084e+02   1.9139356e+00
   2.2680000e+03   2.4532493e+02   1.9168539e+00
   2.2690000e+03   2.4551787e+02   1.9197723e+00
   2.2700000e+03   2.4569397e+02   1.9228651e+00
   2.2710000e+03   2.4601461e+02   1.9259188e+00
   2.2720000e+03   2.4624989e+02   1.9288481e+00
   2.2730000e+03   2.4626635e+02   1.9318114e+00
   2.2740000e+03   2.4615111e+02   1.9346914e+00
   2.2750000e+03   2.4624515e+02   1.9493386e+00
   2.2760000e+03   2.4636156e+02   1.9523869e+00
   2.2770000e+03   2.4639637e+02   1.9553162e+00
   2.2780000e+03   2.4655688e+02   1.9581777e+00
   2.2790000e+03   2.4673260e+02   1.9603404e+00
   2.2800000e+03   2.4671626e+02   1.9632449e+00
   2.2810000e+03   2.4691145e+02   1.9661039e+00
   2.2820000e+03   2.4681736e+02   1.9690171e+00
   2.2830000e+03   2.4693909e+02   1.9718565e+00
   2.2840000e+03   2.4713245e+02   1.9746974e+00
   2.2850000e+03   2.4716826e+02   1.9775086e+00
   2.2860000e+03   2.4701350e+02   1.9803285e+00
   2.2870000e+03   2.4721539e+02   1.9943295e+00
   2.2880000e+03   2.4746255e+02   1.9972531e+00
   2.2890000e+03   2.4761692e+02   2.0000567e+00
   2.2900000e+03   2.4773224e+02   2.0029580e+00
   2.2910000e+03   2.4770831e+02   2.0057180e+00
   2.2920000e+03   2.4777202e+02   2.0085106e+00
   2.2930000e+03   2.4761596e+02   2.0102371e+00
   2.2940000e+03   2.4742171e+02   2.0130078e+00
   2.2950000e+03   2.4733405e+02   2.0158519e+00
   2.2960000e+03   2.4754118e+02   2.0186215e+00
   2.2970000e+03   2.4751550e+02   2.0213832e+00
   2.2980000e+03   2.4783520e+02   2.0241345e+00
   2.2990000e+03   2.4796313e+02   2.0269569e+00
   2.3000000e+03   2.4808152e+02   2.0298534e+00
