   1.8500000e+03             NaN             NaN
   1.8510000e+03   2.3866864e+00   5.7112257e+00
   1.8520000e+03   3.9528194e+00   5.6245721e+00
   1.8530000e+03   4.6062892e+00   5.5788643e+00
   1.8540000e+03   4.9932923e+00   5.5434582e+00
   1.8550000e+03   7.6634770e+00   5.5411866e+00
   1.8560000e+03   8.4767765e+00   5.3975665e+00
   1.8570000e+03   9.4924494e+00   5.3961197e+00
   1.8580000e+03   1.0625826e+01   5.3654480e+00
   1.8590000e+03   1.2097055e+01   5.3629966e+00
   1.8600000e+03   1.4415137e+01   5.3332428e+00
   1.8610000e+03   1.5959554e+01   5.2552320e+00
   1.8620000e+03   1.7199206e+01   5.2214991e+00
   1.8630000e+03   1.8740023e+01   5.1915284e+00
   1.8640000e+03   2.1025063e+01   5.1529355e+00
   1.8650000e+03   2.3577830e+01   5.0642121e+00
   1.8660000e+03   2.5797296e+01   5.0293644e+00
   1.8670000e+03   2.7766327e+01   4.9672548e+00
   1.8680000e+03   2.8774409e+01   4.8060054e+00
   1.8690000e+03   2.9981211e+01   4.7748122e+00
   1.8700000e+03   3.1723476e+01   4.7420382e+00
   1.8710000e+03   3.2329268e+01   4.6966942e+00
   1.8720000e+03   3.4196095e+01   4.6654556e+00
   1.8730000e+03   3.5540015e+01   4.5996744e+00
   1.8740000e+03   3.7191873e+01   4.5675637e+00
   1.8750000e+03   3.7627011e+01   4.5659080e+00
   1.8760000e+03   3.9162895e+01   4.5643470e+00
   1.8770000e+03   4.0578753e+01   4.5275302e+00
   1.8780000e+03   4.1611983e+01   4.4855504e+00
   1.8790000e+03   4.3890994e+01   4.4489905e+00
   1.8800000e+03   4.5186542e+01   4.3042100e+00
   1.8810000e+03   4.6912411e+01   4.2733070e+00
   1.8820000e+03   4.7577072e+01   4.2419060e+00
   1.8830000e+03   4.8314210e+01   4.2402039e+00
   1.8840000e+03   5.0187572e+01   4.2128931e+00
   1.8850000e+03   5.0704255e+01   4.1005561e+00
   1.8860000e+03   5.1391582e+01   4.0738228e+00
   1.8870000e+03   5.3186637e+01   4.0444010e+00
   1.8880000e+03   5.3757488e+01   3.8623794e+00
   1.8890000e+03   5.4341871e+01   3.8605111e+00
   1.8900000e+03   5.6115734e+01   3.8325245e+00
   1.8910000e+03   5.6765320e+01   3.7866059e+00
   1.8920000e+03   5.7607330e+01   3.7583698e+00
   1.8930000e+03   5.8500078e+01   3.7564460e+00
   1.8940000e+03   5.9184269e+01   3.7178795e+00
   1.8950000e+03   5.9732545e+01   3.6849169e+00
   1.8960000e+03   6.0118706e+01   3.6829955e+00
   1.8970000e+03   6.0238977e+01   3.6784613e+00
   1.8980000e+03   6.0590285e+01   3.6739589e+00
   1.8990000e+03   6.1550708e+01   3.6508103e+00
   1.9000000e+03   6.3170048e+01   3.6131463e+00
   1.9010000e+03   6.4792805e+01   3.5020566e+00
   1.9020000e+03   6.5769739e+01   3.4068747e+00
   1.9030000e+03   6.7389857e+01   3.3682962e+00
   1.9040000e+03   6.8265593e+01   3.2600433e+00
   1.9050000e+03   6.9080043e+01   3.2578591e+00
   1.9060000e+03   7.0374916e+01   3.2125340e+00
   1.9070000e+03   7.0580782e+01   3.0673428e+00
   1.9080000e+03   7.0952514e+01   3.0650965e+00
   1.9090000e+03   7.1126765e+01   3.0384287e+00
   1.9100000e+03   7.1548931e+01   3.0355602e+00
   1.9110000e+03   7.2324538e+01   3.0122695e+00
   1.9120000e+03   7.2502865e+01   2.9437006e+00
   1.9130000e+03   7.3137691e+01   2.9413726e+00
   1.9140000e+03   7.4576971e+01   2.9020807e+00
   1.9150000e+03   7.5719572e+01   2.8723003e+00
   1.9160000e+03   7.6506960e+01   2.8419833e+00
   1.9170000e+03   7.7551148e+01   2.8395926e+00
   1.9180000e+03   7.8866452e+01   2.8063600e+00
   1.9190000e+03   7.9598875e+01   2.7250257e+00
   1.9200000e+03   8.1330839e+01   2.6959030e+00
   1.9210000e+03   8.2394128e+01   2.4758716e+00
   1.9220000e+03   8.3948181e+01   2.4546349e+00
   1.9230000e+03   8.5120853e+01   2.4175746e+00
   1.9240000e+03   8.6537775e+01   2.3984911e+00
   1.9250000e+03   8.7433879e+01   2.3649011e+00
   1.9260000e+03   8.8898132e+01   2.3438197e+00
   1.9270000e+03   8.9497502e+01   2.2853428e+00
   1.9280000e+03   9.0508923e+01   2.2824305e+00
   1.9290000e+03   9.1942603e+01   2.2558656e+00
   1.9300000e+03   9.2831864e+01   1.9697405e+00
   1.9310000e+03   9.4656104e+01   1.9309686e+00
   1.9320000e+03   9.5983641e+01   1.5471703e+00
   1.9330000e+03   9.6942168e+01   1.4459944e+00
   1.9340000e+03   9.7595421e+01   1.3821269e+00
   1.9350000e+03   9.8568894e+01   1.3755400e+00
   1.9360000e+03   9.9670410e+01   1.3294047e+00
   1.9370000e+03   1.0050635e+02   1.3109046e+00
   1.9380000e+03   1.0185406e+02   1.3057164e+00
   1.9390000e+03   1.0307325e+02   1.2244333e+00
   1.9400000e+03   1.0419565e+02   1.2022940e+00
   1.9410000e+03   1.0491389e+02   1.1615328e+00
   1.9420000e+03   1.0496477e+02   1.1553202e+00
   1.9430000e+03   1.0578233e+02   1.1496150e+00
   1.9440000e+03   1.0694456e+02   1.1305487e+00
   1.9450000e+03   1.0723208e+02   1.0318831e+00
   1.9460000e+03   1.0838759e+02   1.0255909e+00
   1.9470000e+03   1.0931242e+02   9.9932666e-01
   1.9480000e+03   1.1039118e+02   9.0323030e-01
   1.9490000e+03   1.1112109e+02   8.9596095e-01
   1.9500000e+03   1.1182712e+02   8.8538219e-01
   1.9510000e+03   1.1254928e+02   8.7448802e-01
   1.9520000e+03   1.1335536e+02   8.6490065e-01
   1.9530000e+03   1.1435239e+02   8.5543819e-01
   1.9540000e+03   1.1483100e+02   8.3833455e-01
   1.9550000e+03   1.1620930e+02   8.3063964e-01
   1.9560000e+03   1.1727135e+02   8.1555646e-01
   1.9570000e+03   1.1806322e+02   7.8793219e-01
   1.9580000e+03   1.1835253e+02   7.7970067e-01
   1.9590000e+03   1.1974010e+02   7.7142508e-01
   1.9600000e+03   1.2011936e+02   7.6084708e-01
   1.9610000e+03   1.2081337e+02   7.5026742e-01
   1.9620000e+03   1.2123167e+02   7.3973998e-01
   1.9630000e+03   1.2217613e+02   7.2913656e-01
   1.9640000e+03   1.2283068e+02   7.1872513e-01
   1.9650000e+03   1.2336996e+02   7.0801379e-01
   1.9660000e+03   1.2422000e+02   6.9896131e-01
   1.9670000e+03   1.2507378e+02   6.8980004e-01
   1.9680000e+03   1.2550390e+02   6.7891036e-01
   1.9690000e+03   1.2548374e+02   6.6947518e-01
   1.9700000e+03   1.2580110e+02   6.5992088e-01
   1.9710000e+03   1.2649376e+02   6.5026221e-01
   1.9720000e+03   1.2672476e+02   6.4045167e-01
   1.9730000e+03   1.2663535e+02   6.3053175e-01
   1.9740000e+03   1.2727378e+02   6.2043588e-01
   1.9750000e+03   1.2725666e+02   6.1015845e-01
   1.9760000e+03   1.2813608e+02   5.9986694e-01
   1.9770000e+03   1.2833320e+02   5.9078547e-01
   1.9780000e+03   1.2886694e+02   5.8013746e-01
   1.9790000e+03   1.2951605e+02   5.6916838e-01
   1.9800000e+03   1.2983696e+02   5.5805674e-01
   1.9810000e+03   1.3020271e+02   5.4678062e-01
   1.9820000e+03   1.3058624e+02   5.3523891e-01
   1.9830000e+03   1.3112177e+02   5.2304831e-01
   1.9840000e+03   1.3215731e+02   5.1096406e-01
   1.9850000e+03   1.3256751e+02   4.9854563e-01
   1.9860000e+03   1.3307475e+02   4.8576863e-01
   1.9870000e+03   1.3400150e+02   4.7276038e-01
   1.9880000e+03   1.3463475e+02   4.5944707e-01
   1.9890000e+03   1.3619418e+02   4.4569938e-01
   1.9900000e+03   1.3755820e+02   4.3156274e-01
   1.9910000e+03   1.3856848e+02   4.1661790e-01
   1.9920000e+03   1.3904504e+02   4.0144716e-01
   1.9930000e+03   1.3975832e+02   3.8579718e-01
   1.9940000e+03   1.4018383e+02   3.6943659e-01
   1.9950000e+03   1.4044550e+02   3.5248856e-01
   1.9960000e+03   1.4165566e+02   3.3454783e-01
   1.9970000e+03   1.4231897e+02   3.1586373e-01
   1.9980000e+03   1.4275769e+02   2.9575015e-01
   1.9990000e+03   1.4346434e+02   2.7408647e-01
   2.0000000e+03   1.4445377e+02   2.5064275e-01
   2.0010000e+03   1.4577440e+02   2.2490504e-01
   2.0020000e+03   1.4665026e+02   1.9610998e-01
   2.0030000e+03   1.4777256e+02   1.9683302e-01
   2.0040000e+03   1.4911971e+02   1.9777082e-01
   2.0050000e+03   1.5023365e+02   1.9877219e-01
   2.0060000e+03   1.5185500e+02   1.9985956e-01
   2.0070000e+03   1.5332974e+02   2.4270532e-01
   2.0080000e+03   1.5489484e+02   2.6258472e-01
   2.0090000e+03   1.5549233e+02   2.8433824e-01
   2.0100000e+03   1.5657574e+02   3.0511962e-01
   2.0110000e+03   1.5773862e+02   3.2574120e-01
   2.0120000e+03   1.5855189e+02   3.4405377e-01
   2.0130000e+03   1.5907108e+02   3.6141733e-01
   2.0140000e+03   1.5992053e+02   3.7816136e-01
   2.0150000e+03   1.6078099e+02   3.9402868e-01
   2.0160000e+03   1.6169682e+02   4.0931382e-01
   2.0170000e+03   1.6250931e+02   4.2305001e-01
   2.0180000e+03   1.6355453e+02   4.3740989e-01
   2.0190000e+03   1.6457908e+02   4.5119697e-01
   2.0200000e+03   1.6558942e+02   4.6459970e-01
   2.0210000e+03   1.6666610e+02   4.7767124e-01
   2.0220000e+03   1.6812559e+02   4.9036127e-01
   2.0230000e+03   1.6977250e+02   5.0524172e-01
   2.0240000e+03   1.7167805e+02   5.5947363e-01
   2.0250000e+03   1.7401237e+02   6.6201685e-01
   2.0260000e+03   1.7531282e+02   6.7124887e-01
   2.0270000e+03   1.7692080e+02   6.8067709e-01
   2.0280000e+03   1.7841899e+02   6.8969569e-01
   2.0290000e+03   1.7970010e+02   6.9866886e-01
   2.0300000e+03   1.8077164e+02   7.0745544e-01
   2.0310000e+03   1.8190769e+02   7.1616633e-01
   2.0320000e+03   1.8297709e+02   7.2472918e-01
   2.0330000e+03   1.8435808e+02   7.3329414e-01
   2.0340000e+03   1.8594850e+02   7.4170293e-01
   2.0350000e+03   1.8724839e+02   7.4998853e-01
   2.0360000e+03   1.8866896e+02   7.5826768e-01
   2.0370000e+03   1.9062721e+02   8.0728192e-01
   2.0380000e+03   1.9189334e+02   8.1508046e-01
   2.0390000e+03   1.9292349e+02   8.2272411e-01
   2.0400000e+03   1.9431686e+02   8.3029839e-01
   2.0410000e+03   1.9570619e+02   8.3776518e-01
   2.0420000e+03   1.9745342e+02   8.4529972e-01
   2.0430000e+03   1.9888667e+02   8.5273130e-01
   2.0440000e+03   1.9997494e+02   8.6012110e-01
   2.0450000e+03   2.0176755e+02   8.6734485e-01
   2.0460000e+03   2.0310192e+02   8.8537937e-01
   2.0470000e+03   2.0515802e+02   8.9246426e-01
   2.0480000e+03   2.0660236e+02   9.0012257e-01
   2.0490000e+03   2.0834220e+02   1.0945770e+00
   2.0500000e+03   2.0978411e+02   1.1010277e+00
   2.0510000e+03   2.1172299e+02   1.3096848e+00
   2.0520000e+03   2.1402833e+02   1.3160722e+00
   2.0530000e+03   2.1591781e+02   1.3208705e+00
   2.0540000e+03   2.1807088e+02   1.3256470e+00
   2.0550000e+03   2.1988578e+02   1.3303977e+00
   2.0560000e+03   2.2224165e+02   1.3351827e+00
   2.0570000e+03   2.2380960e+02   1.3398753e+00
   2.0580000e+03   2.2556075e+02   1.3446734e+00
   2.0590000e+03   2.2726028e+02   1.3493802e+00
   2.0600000e+03   2.2961307e+02   1.3542261e+00
   2.0610000e+03   2.3154392e+02   1.3588991e+00
   2.0620000e+03   2.3322635e+02   1.3635482e+00
   2.0630000e+03   2.3500800e+02   1.3681658e+00
   2.0640000e+03   2.3700871e+02   1.3727624e+00
   2.0650000e+03   2.3888500e+02   1.3774178e+00
   2.0660000e+03   2.4124267e+02   1.3821300e+00
   2.0670000e+03   2.4374951e+02   1.3869846e+00
   2.0680000e+03   2.4576571e+02   1.4372111e+00
   2.0690000e+03   2.4761572e+02   1.4838456e+00
   2.0700000e+03   2.5018626e+02   1.4882104e+00
   2.0710000e+03   2.5224668e+02   1.4924740e+00
   2.0720000e+03   2.5393192e+02   1.4968291e+00
   2.0730000e+03   2.5617138e+02   1.5123857e+00
   2.0740000e+03   2.5834830e+02   1.5170861e+00
   2.0750000e+03   2.6076630e+02   1.5214882e+00
   2.0760000e+03   2.6288529e+02   1.5326745e+00
   2.0770000e+03   2.6507167e+02   1.5369765e+00
   2.0780000e+03   2.6654785e+02   1.5412518e+00
   2.0790000e+03   2.6867003e+02   1.5456266e+00
   2.0800000e+03   2.7060449e+02   1.6230573e+00
   2.0810000e+03   2.7278227e+02   1.6675718e+00
   2.0820000e+03   2.7504300e+02   1.7132689e+00
   2.0830000e+03   2.7730006e+02   1.7172244e+00
   2.0840000e+03   2.7957319e+02   1.7279728e+00
   2.0850000e+03   2.8181471e+02   1.7321244e+00
   2.0860000e+03   2.8355049e+02   1.7696822e+00
   2.0870000e+03   2.8556591e+02   1.7774409e+00
   2.0880000e+03   2.8768879e+02   1.7822606e+00
   2.0890000e+03   2.9002640e+02   1.7863238e+00
   2.0900000e+03   2.9245907e+02   1.7900897e+00
   2.0910000e+03   2.9483608e+02   1.7936720e+00
   2.0920000e+03   2.9696327e+02   1.7973809e+00
   2.0930000e+03   2.9938878e+02   1.8011061e+00
   2.0940000e+03   3.0165458e+02   1.8047557e+00
   2.0950000e+03   3.0363801e+02   1.8085419e+00
   2.0960000e+03   3.0566917e+02   1.8120979e+00
   2.0970000e+03   3.0745029e+02   1.8158191e+00
   2.0980000e+03   3.0925977e+02   1.8195262e+00
   2.0990000e+03   3.1143182e+02   1.8233500e+00
   2.1000000e+03   3.1360379e+02   1.8271049e+00
   2.1010000e+03             NaN             NaN
   2.1020000e+03             NaN             NaN
   2.1030000e+03             NaN             NaN
   2.1040000e+03             NaN             NaN
   2.1050000e+03             NaN             NaN
   2.1060000e+03             NaN             NaN
   2.1070000e+03             NaN             NaN
   2.1080000e+03             NaN             NaN
   2.1090000e+03             NaN             NaN
   2.1100000e+03             NaN             NaN
   2.1110000e+03             NaN             NaN
   2.1120000e+03             NaN             NaN
   2.1130000e+03             NaN             NaN
   2.1140000e+03             NaN             NaN
   2.1150000e+03             NaN             NaN
   2.1160000e+03             NaN             NaN
   2.1170000e+03             NaN             NaN
   2.1180000e+03             NaN             NaN
   2.1190000e+03             NaN             NaN
   2.1200000e+03             NaN             NaN
   2.1210000e+03             NaN             NaN
   2.1220000e+03             NaN             NaN
   2.1230000e+03             NaN             NaN
   2.1240000e+03             NaN             NaN
   2.1250000e+03             NaN             NaN
   2.1260000e+03             NaN             NaN
   2.1270000e+03             NaN             NaN
   2.1280000e+03             NaN             NaN
   2.1290000e+03             NaN             NaN
   2.1300000e+03             NaN             NaN
   2.1310000e+03             NaN             NaN
   2.1320000e+03             NaN             NaN
   2.1330000e+03             NaN             NaN
   2.1340000e+03             NaN             NaN
   2.1350000e+03             NaN             NaN
   2.1360000e+03             NaN             NaN
   2.1370000e+03             NaN             NaN
   2.1380000e+03             NaN             NaN
   2.1390000e+03             NaN             NaN
   2.1400000e+03             NaN             NaN
   2.1410000e+03             NaN             NaN
   2.1420000e+03             NaN             NaN
   2.1430000e+03             NaN             NaN
   2.1440000e+03             NaN             NaN
   2.1450000e+03             NaN             NaN
   2.1460000e+03             NaN             NaN
   2.1470000e+03             NaN             NaN
   2.1480000e+03             NaN             NaN
   2.1490000e+03             NaN             NaN
   2.1500000e+03             NaN             NaN
   2.1510000e+03             NaN             NaN
   2.1520000e+03             NaN             NaN
   2.1530000e+03             NaN             NaN
   2.1540000e+03             NaN             NaN
   2.1550000e+03             NaN             NaN
   2.1560000e+03             NaN             NaN
   2.1570000e+03             NaN             NaN
   2.1580000e+03             NaN             NaN
   2.1590000e+03             NaN             NaN
   2.1600000e+03             NaN             NaN
   2.1610000e+03             NaN             NaN
   2.1620000e+03             NaN             NaN
   2.1630000e+03             NaN             NaN
   2.1640000e+03             NaN             NaN
   2.1650000e+03             NaN             NaN
   2.1660000e+03             NaN             NaN
   2.1670000e+03             NaN             NaN
   2.1680000e+03             NaN             NaN
   2.1690000e+03             NaN             NaN
   2.1700000e+03             NaN             NaN
   2.1710000e+03             NaN             NaN
   2.1720000e+03             NaN             NaN
   2.1730000e+03             NaN             NaN
   2.1740000e+03             NaN             NaN
   2.1750000e+03             NaN             NaN
   2.1760000e+03             NaN             NaN
   2.1770000e+03             NaN             NaN
   2.1780000e+03             NaN             NaN
   2.1790000e+03             NaN             NaN
   2.1800000e+03             NaN             NaN
   2.1810000e+03             NaN             NaN
   2.1820000e+03             NaN             NaN
   2.1830000e+03             NaN             NaN
   2.1840000e+03             NaN             NaN
   2.1850000e+03             NaN             NaN
   2.1860000e+03             NaN             NaN
   2.1870000e+03             NaN             NaN
   2.1880000e+03             NaN             NaN
   2.1890000e+03             NaN             NaN
   2.1900000e+03             NaN             NaN
   2.1910000e+03             NaN             NaN
   2.1920000e+03             NaN             NaN
   2.1930000e+03             NaN             NaN
   2.1940000e+03             NaN             NaN
   2.1950000e+03             NaN             NaN
   2.1960000e+03             NaN             NaN
   2.1970000e+03             NaN             NaN
   2.1980000e+03             NaN             NaN
   2.1990000e+03             NaN             NaN
   2.2000000e+03             NaN             NaN
   2.2010000e+03             NaN             NaN
   2.2020000e+03             NaN             NaN
   2.2030000e+03             NaN             NaN
   2.2040000e+03             NaN             NaN
   2.2050000e+03             NaN             NaN
   2.2060000e+03             NaN             NaN
   2.2070000e+03             NaN             NaN
   2.2080000e+03             NaN             NaN
   2.2090000e+03             NaN             NaN
   2.2100000e+03             NaN             NaN
   2.2110000e+03             NaN             NaN
   2.2120000e+03             NaN             NaN
   2.2130000e+03             NaN             NaN
   2.2140000e+03             NaN             NaN
   2.2150000e+03             NaN             NaN
   2.2160000e+03             NaN             NaN
   2.2170000e+03             NaN             NaN
   2.2180000e+03             NaN             NaN
   2.2190000e+03             NaN             NaN
   2.2200000e+03             NaN             NaN
   2.2210000e+03             NaN             NaN
   2.2220000e+03             NaN             NaN
   2.2230000e+03             NaN             NaN
   2.2240000e+03             NaN             NaN
   2.2250000e+03             NaN             NaN
   2.2260000e+03             NaN             NaN
   2.2270000e+03             NaN             NaN
   2.2280000e+03             NaN             NaN
   2.2290000e+03             NaN             NaN
   2.2300000e+03             NaN             NaN
   2.2310000e+03             NaN             NaN
   2.2320000e+03             NaN             NaN
   2.2330000e+03             NaN             NaN
   2.2340000e+03             NaN             NaN
   2.2350000e+03             NaN             NaN
   2.2360000e+03             NaN             NaN
   2.2370000e+03             NaN             NaN
   2.2380000e+03             NaN             NaN
   2.2390000e+03             NaN             NaN
   2.2400000e+03             NaN             NaN
   2.2410000e+03             NaN             NaN
   2.2420000e+03             NaN             NaN
   2.2430000e+03             NaN             NaN
   2.2440000e+03             NaN             NaN
   2.2450000e+03             NaN             NaN
   2.2460000e+03             NaN             NaN
   2.2470000e+03             NaN             NaN
   2.2480000e+03             NaN             NaN
   2.2490000e+03             NaN             NaN
   2.2500000e+03             NaN             NaN
   2.2510000e+03             NaN             NaN
   2.2520000e+03             NaN             NaN
   2.2530000e+03             NaN             NaN
   2.2540000e+03             NaN             NaN
   2.2550000e+03             NaN             NaN
   2.2560000e+03             NaN             NaN
   2.2570000e+03             NaN             NaN
   2.2580000e+03             NaN             NaN
   2.2590000e+03             NaN             NaN
   2.2600000e+03             NaN             NaN
   2.2610000e+03             NaN             NaN
   2.2620000e+03             NaN             NaN
   2.2630000e+03             NaN             NaN
   2.2640000e+03             NaN             NaN
   2.2650000e+03             NaN             NaN
   2.2660000e+03             NaN             NaN
   2.2670000e+03             NaN             NaN
   2.2680000e+03             NaN             NaN
   2.2690000e+03             NaN             NaN
   2.2700000e+03             NaN             NaN
   2.2710000e+03             NaN             NaN
   2.2720000e+03             NaN             NaN
   2.2730000e+03             NaN             NaN
   2.2740000e+03             NaN             NaN
   2.2750000e+03             NaN             NaN
   2.2760000e+03             NaN             NaN
   2.2770000e+03             NaN             NaN
   2.2780000e+03             NaN             NaN
   2.2790000e+03             NaN             NaN
   2.2800000e+03             NaN             NaN
   2.2810000e+03             NaN             NaN
   2.2820000e+03             NaN             NaN
   2.2830000e+03             NaN             NaN
   2.2840000e+03             NaN             NaN
   2.2850000e+03             NaN             NaN
   2.2860000e+03             NaN             NaN
   2.2870000e+03             NaN             NaN
   2.2880000e+03             NaN             NaN
   2.2890000e+03             NaN             NaN
   2.2900000e+03             NaN             NaN
   2.2910000e+03             NaN             NaN
   2.2920000e+03             NaN             NaN
   2.2930000e+03             NaN             NaN
   2.2940000e+03             NaN             NaN
   2.2950000e+03             NaN             NaN
   2.2960000e+03             NaN             NaN
   2.2970000e+03             NaN             NaN
   2.2980000e+03             NaN             NaN
   2.2990000e+03             NaN             NaN
   2.3000000e+03             NaN             NaN
