   1.8500000e+03             NaN             NaN
   1.8510000e+03   1.2885143e+00   2.5226703e+00
   1.8520000e+03   2.2833033e+00   2.5063622e+00
   1.8530000e+03   3.7101732e+00   2.4759457e+00
   1.8540000e+03   5.6824389e+00   2.4576921e+00
   1.8550000e+03   7.3309460e+00   2.4376258e+00
   1.8560000e+03   8.7149199e+00   2.4200288e+00
   1.8570000e+03   9.7975415e+00   2.4041904e+00
   1.8580000e+03   1.0457468e+01   2.3889842e+00
   1.8590000e+03   1.1303393e+01   2.3859466e+00
   1.8600000e+03   1.2383590e+01   2.3774648e+00
   1.8610000e+03   1.3903033e+01   2.3614597e+00
   1.8620000e+03   1.5021550e+01   2.3460699e+00
   1.8630000e+03   1.6318111e+01   2.3354561e+00
   1.8640000e+03   1.7600421e+01   2.3270334e+00
   1.8650000e+03   1.8083910e+01   2.3118920e+00
   1.8660000e+03   1.9113767e+01   2.2963646e+00
   1.8670000e+03   2.0138575e+01   2.2808751e+00
   1.8680000e+03   2.1769596e+01   2.2545756e+00
   1.8690000e+03   2.3644677e+01   2.2340286e+00
   1.8700000e+03   2.5112591e+01   2.2064849e+00
   1.8710000e+03   2.7339889e+01   2.1913018e+00
   1.8720000e+03   2.8882246e+01   2.1549266e+00
   1.8730000e+03   3.0872799e+01   2.1289562e+00
   1.8740000e+03   3.1630453e+01   2.0809150e+00
   1.8750000e+03   3.2226454e+01   2.0717350e+00
   1.8760000e+03   3.3002606e+01   2.0467204e+00
   1.8770000e+03   3.4049548e+01   2.0365708e+00
   1.8780000e+03   3.5411749e+01   2.0124435e+00
   1.8790000e+03   3.6328944e+01   1.9992346e+00
   1.8800000e+03   3.7728737e+01   1.9886338e+00
   1.8810000e+03   3.9097733e+01   1.9604288e+00
   1.8820000e+03   3.9836582e+01   1.9264827e+00
   1.8830000e+03   4.1472875e+01   1.9122868e+00
   1.8840000e+03   4.2762673e+01   1.8917687e+00
   1.8850000e+03   4.3433258e+01   1.8819300e+00
   1.8860000e+03   4.3903768e+01   1.8675066e+00
   1.8870000e+03   4.4730895e+01   1.8556071e+00
   1.8880000e+03   4.5376662e+01   1.8450598e+00
   1.8890000e+03   4.6546304e+01   1.8369008e+00
   1.8900000e+03   4.8193667e+01   1.8131075e+00
   1.8910000e+03   4.8945511e+01   1.8092633e+00
   1.8920000e+03   4.9979526e+01   1.8012568e+00
   1.8930000e+03   5.0618201e+01   1.7787309e+00
   1.8940000e+03   5.1745867e+01   1.7510136e+00
   1.8950000e+03   5.3577452e+01   1.7181364e+00
   1.8960000e+03   5.5015188e+01   1.6884965e+00
   1.8970000e+03   5.6498561e+01   1.6679926e+00
   1.8980000e+03   5.7062438e+01   1.6434325e+00
   1.8990000e+03   5.8429800e+01   1.6394384e+00
   1.9000000e+03   6.0966554e+01   1.6087616e+00
   1.9010000e+03   6.2081276e+01   1.5588599e+00
   1.9020000e+03   6.3166168e+01   1.5438133e+00
   1.9030000e+03   6.3900548e+01   1.5161950e+00
   1.9040000e+03   6.4522800e+01   1.5085356e+00
   1.9050000e+03   6.5676126e+01   1.4974559e+00
   1.9060000e+03   6.6544436e+01   1.4814881e+00
   1.9070000e+03   6.7215442e+01   1.4570810e+00
   1.9080000e+03   6.8056844e+01   1.4417166e+00
   1.9090000e+03   6.9267544e+01   1.4369309e+00
   1.9100000e+03   6.9552267e+01   1.4150747e+00
   1.9110000e+03   7.0662841e+01   1.3963365e+00
   1.9120000e+03   7.2544894e+01   1.3792584e+00
   1.9130000e+03   7.3381408e+01   1.3551749e+00
   1.9140000e+03   7.4187035e+01   1.3383371e+00
   1.9150000e+03   7.4727885e+01   1.3024739e+00
   1.9160000e+03   7.5216921e+01   1.2904485e+00
   1.9170000e+03   7.5667350e+01   1.2851488e+00
   1.9180000e+03   7.6738161e+01   1.2768902e+00
   1.9190000e+03   7.7770309e+01   1.2646027e+00
   1.9200000e+03   7.8596000e+01   1.2379186e+00
   1.9210000e+03   8.0008195e+01   1.2293429e+00
   1.9220000e+03   8.1184510e+01   1.2203115e+00
   1.9230000e+03   8.2849162e+01   1.2147470e+00
   1.9240000e+03   8.5219058e+01   1.2026743e+00
   1.9250000e+03   8.7146269e+01   1.1836114e+00
   1.9260000e+03   8.8345180e+01   1.1713116e+00
   1.9270000e+03   8.9211072e+01   1.1636036e+00
   1.9280000e+03   8.9890588e+01   1.1524174e+00
   1.9290000e+03   9.1048289e+01   1.1467244e+00
   1.9300000e+03   9.1735728e+01   1.1061003e+00
   1.9310000e+03   9.3009720e+01   1.1001244e+00
   1.9320000e+03   9.4346832e+01   1.0855240e+00
   1.9330000e+03   9.5360002e+01   1.0787798e+00
   1.9340000e+03   9.5894468e+01   1.0514562e+00
   1.9350000e+03   9.5971962e+01   1.0406096e+00
   1.9360000e+03   9.6705197e+01   1.0329667e+00
   1.9370000e+03   9.8370332e+01   1.0184443e+00
   1.9380000e+03   9.8972484e+01   1.0045266e+00
   1.9390000e+03   9.9222757e+01   9.9804557e-01
   1.9400000e+03   1.0038533e+02   9.8531168e-01
   1.9410000e+03   1.0152239e+02   9.7249387e-01
   1.9420000e+03   1.0167823e+02   9.6579292e-01
   1.9430000e+03   1.0288096e+02   9.5982156e-01
   1.9440000e+03   1.0390746e+02   9.5307160e-01
   1.9450000e+03   1.0518718e+02   9.4641893e-01
   1.9460000e+03   1.0589930e+02   9.2844758e-01
   1.9470000e+03   1.0656959e+02   9.2035777e-01
   1.9480000e+03   1.0718307e+02   9.0706025e-01
   1.9490000e+03   1.0772747e+02   8.9982974e-01
   1.9500000e+03   1.0861261e+02   8.9271210e-01
   1.9510000e+03   1.0985833e+02   8.8469209e-01
   1.9520000e+03   1.1152373e+02   8.7749935e-01
   1.9530000e+03   1.1234939e+02   8.6750094e-01
   1.9540000e+03   1.1299874e+02   8.6012266e-01
   1.9550000e+03   1.1410230e+02   8.5278449e-01
   1.9560000e+03   1.1488685e+02   8.4534578e-01
   1.9570000e+03   1.1606118e+02   8.3657383e-01
   1.9580000e+03   1.1604928e+02   7.7163622e-01
   1.9590000e+03   1.1683379e+02   7.6342839e-01
   1.9600000e+03   1.1805848e+02   7.5519577e-01
   1.9610000e+03   1.1939063e+02   7.4598415e-01
   1.9620000e+03   1.1952218e+02   7.3743412e-01
   1.9630000e+03   1.1964892e+02   7.2796170e-01
   1.9640000e+03   1.1975135e+02   7.1929737e-01
   1.9650000e+03   1.2044841e+02   7.1058853e-01
   1.9660000e+03   1.2157846e+02   7.0167114e-01
   1.9670000e+03   1.2203187e+02   6.9265791e-01
   1.9680000e+03   1.2203196e+02   6.8312526e-01
   1.9690000e+03   1.2238899e+02   6.7393782e-01
   1.9700000e+03   1.2272724e+02   6.6462587e-01
   1.9710000e+03   1.2314682e+02   6.5527179e-01
   1.9720000e+03   1.2338345e+02   6.4599221e-01
   1.9730000e+03   1.2350849e+02   6.3619582e-01
   1.9740000e+03   1.2362025e+02   6.2578669e-01
   1.9750000e+03   1.2447653e+02   6.1578039e-01
   1.9760000e+03   1.2549049e+02   6.0593742e-01
   1.9770000e+03   1.2612256e+02   5.9533303e-01
   1.9780000e+03   1.2650340e+02   5.8469434e-01
   1.9790000e+03   1.2678364e+02   5.7397885e-01
   1.9800000e+03   1.2772911e+02   5.6312013e-01
   1.9810000e+03   1.2886758e+02   5.5199849e-01
   1.9820000e+03   1.2975785e+02   5.3913296e-01
   1.9830000e+03   1.2954625e+02   5.2758988e-01
   1.9840000e+03   1.2975042e+02   5.1590738e-01
   1.9850000e+03   1.2991269e+02   5.0384970e-01
   1.9860000e+03   1.3037935e+02   4.9144978e-01
   1.9870000e+03   1.3110585e+02   4.7859175e-01
   1.9880000e+03   1.3176550e+02   4.6553909e-01
   1.9890000e+03   1.3213080e+02   4.5211143e-01
   1.9900000e+03   1.3290881e+02   4.3823889e-01
   1.9910000e+03   1.3347079e+02   4.2395436e-01
   1.9920000e+03   1.3400265e+02   4.0924926e-01
   1.9930000e+03   1.3490231e+02   3.9431791e-01
   1.9940000e+03   1.3533582e+02   3.7852860e-01
   1.9950000e+03   1.3580830e+02   3.6193352e-01
   1.9960000e+03   1.3642064e+02   3.4475054e-01
   1.9970000e+03   1.3712719e+02   3.2645341e-01
   1.9980000e+03   1.3859856e+02   3.0703857e-01
   1.9990000e+03   1.4055322e+02   2.8462254e-01
   2.0000000e+03   1.4206913e+02   2.5680965e-01
   2.0010000e+03   1.4317761e+02   2.3059930e-01
   2.0020000e+03   1.4423031e+02   2.0159765e-01
   2.0030000e+03   1.4630517e+02   2.0227217e-01
   2.0040000e+03   1.4896904e+02   2.0305862e-01
   2.0050000e+03   1.5136792e+02   1.9843153e-01
   2.0060000e+03   1.5289901e+02   1.9933425e-01
   2.0070000e+03   1.5368007e+02   2.2297846e-01
   2.0080000e+03   1.5485499e+02   2.4438540e-01
   2.0090000e+03   1.5651603e+02   2.6828279e-01
   2.0100000e+03   1.5786080e+02   2.9030701e-01
   2.0110000e+03   1.5932447e+02   3.1079697e-01
   2.0120000e+03   1.6147838e+02   3.3087973e-01
   2.0130000e+03   1.6334936e+02   3.5093406e-01
   2.0140000e+03   1.6552221e+02   3.6834096e-01
   2.0150000e+03   1.6626526e+02   3.8460323e-01
   2.0160000e+03   1.6740116e+02   4.0009205e-01
   2.0170000e+03   1.6848870e+02   4.1505174e-01
   2.0180000e+03   1.6935088e+02   4.2942990e-01
   2.0190000e+03   1.7018015e+02   4.4335056e-01
   2.0200000e+03   1.7143444e+02   4.5980287e-01
   2.0210000e+03   1.7238126e+02   4.7040913e-01
   2.0220000e+03   1.7502441e+02   4.9997985e-01
   2.0230000e+03   1.7626378e+02   5.1239676e-01
   2.0240000e+03   1.7739417e+02   5.3408496e-01
   2.0250000e+03   1.7803400e+02   5.4535716e-01
   2.0260000e+03   1.7842213e+02   5.5645242e-01
   2.0270000e+03   1.7938891e+02   5.6782043e-01
   2.0280000e+03   1.8081543e+02   5.7881178e-01
   2.0290000e+03   1.8205292e+02   5.8961180e-01
   2.0300000e+03   1.8291914e+02   5.9983508e-01
   2.0310000e+03   1.8410963e+02   6.6427063e-01
   2.0320000e+03   1.8534009e+02   6.7370745e-01
   2.0330000e+03   1.8680568e+02   6.8510416e-01
   2.0340000e+03   1.8878611e+02   7.0933096e-01
   2.0350000e+03   1.8994109e+02   7.1928882e-01
   2.0360000e+03   1.9068857e+02   7.2792508e-01
   2.0370000e+03   1.9228838e+02   7.4777222e-01
   2.0380000e+03   1.9362650e+02   7.5588907e-01
   2.0390000e+03   1.9583364e+02   7.7985255e-01
   2.0400000e+03   1.9653853e+02   7.8765762e-01
   2.0410000e+03   1.9727645e+02   7.9542218e-01
   2.0420000e+03   1.9828144e+02   8.0304094e-01
   2.0430000e+03   1.9969713e+02   8.1129280e-01
   2.0440000e+03   2.0130643e+02   8.2077664e-01
   2.0450000e+03   2.0249321e+02   8.2843002e-01
   2.0460000e+03   2.0393422e+02   8.5941942e-01
   2.0470000e+03   2.0607998e+02   8.9227149e-01
   2.0480000e+03   2.0822768e+02   9.4449613e-01
   2.0490000e+03   2.1022128e+02   9.6589630e-01
   2.0500000e+03   2.1164698e+02   9.7800136e-01
   2.0510000e+03   2.1408535e+02   9.9690126e-01
   2.0520000e+03   2.1629593e+02   1.0156377e+00
   2.0530000e+03   2.1807131e+02   1.0264528e+00
   2.0540000e+03   2.1920373e+02   1.0424080e+00
   2.0550000e+03   2.2110861e+02   1.0559236e+00
   2.0560000e+03   2.2217456e+02   1.0804825e+00
   2.0570000e+03   2.2392626e+02   1.0862864e+00
   2.0580000e+03   2.2455602e+02   1.0920091e+00
   2.0590000e+03   2.2581664e+02   1.0977129e+00
   2.0600000e+03   2.2685035e+02   1.1032379e+00
   2.0610000e+03   2.2842553e+02   1.1378471e+00
   2.0620000e+03   2.3095039e+02   1.2964756e+00
   2.0630000e+03   2.3313165e+02   1.3595884e+00
   2.0640000e+03   2.3438187e+02   1.3951837e+00
   2.0650000e+03   2.3628390e+02   1.5345561e+00
   2.0660000e+03   2.3802766e+02   1.5775788e+00
   2.0670000e+03   2.4039641e+02   1.6302265e+00
   2.0680000e+03   2.4358309e+02   1.8636945e+00
   2.0690000e+03   2.4690593e+02   3.0389708e+00
   2.0700000e+03   2.4869628e+02   3.1164635e+00
   2.0710000e+03   2.5049081e+02   3.1305458e+00
   2.0720000e+03   2.5335836e+02   3.1773010e+00
   2.0730000e+03   2.5528222e+02   3.2040794e+00
   2.0740000e+03   2.5780747e+02   3.3083351e+00
   2.0750000e+03   2.6049725e+02   3.3679407e+00
   2.0760000e+03   2.6279981e+02   3.4092871e+00
   2.0770000e+03   2.6486764e+02   3.4499588e+00
   2.0780000e+03   2.6715500e+02   3.5474221e+00
   2.0790000e+03   2.6966474e+02   3.6176207e+00
   2.0800000e+03   2.7329232e+02   3.8720063e+00
   2.0810000e+03   2.7661386e+02   3.9796936e+00
   2.0820000e+03   2.7892437e+02   4.0530832e+00
   2.0830000e+03   2.8131990e+02   4.1133648e+00
   2.0840000e+03   2.8365617e+02   4.1760717e+00
   2.0850000e+03   2.8590260e+02   4.2191098e+00
   2.0860000e+03   2.8838678e+02   4.2876166e+00
   2.0870000e+03   2.9084935e+02   4.3299362e+00
   2.0880000e+03   2.9333769e+02   4.4754557e+00
   2.0890000e+03   2.9568690e+02   4.6760469e+00
   2.0900000e+03   2.9823471e+02   4.8033783e+00
   2.0910000e+03   3.0087443e+02   4.9719055e+00
   2.0920000e+03   3.0336993e+02   5.1138188e+00
   2.0930000e+03   3.0600935e+02   5.2441878e+00
   2.0940000e+03   3.0853351e+02   5.3859237e+00
   2.0950000e+03   3.1101732e+02   5.4629787e+00
   2.0960000e+03   3.1328518e+02   5.4641652e+00
   2.0970000e+03   3.1513899e+02   5.4653894e+00
   2.0980000e+03   3.1733956e+02   5.4665640e+00
   2.0990000e+03   3.1909748e+02   5.4677454e+00
   2.1000000e+03   3.2152043e+02   5.4690303e+00
   2.1010000e+03             NaN             NaN
   2.1020000e+03             NaN             NaN
   2.1030000e+03             NaN             NaN
   2.1040000e+03             NaN             NaN
   2.1050000e+03             NaN             NaN
   2.1060000e+03             NaN             NaN
   2.1070000e+03             NaN             NaN
   2.1080000e+03             NaN             NaN
   2.1090000e+03             NaN             NaN
   2.1100000e+03             NaN             NaN
   2.1110000e+03             NaN             NaN
   2.1120000e+03             NaN             NaN
   2.1130000e+03             NaN             NaN
   2.1140000e+03             NaN             NaN
   2.1150000e+03             NaN             NaN
   2.1160000e+03             NaN             NaN
   2.1170000e+03             NaN             NaN
   2.1180000e+03             NaN             NaN
   2.1190000e+03             NaN             NaN
   2.1200000e+03             NaN             NaN
   2.1210000e+03             NaN             NaN
   2.1220000e+03             NaN             NaN
   2.1230000e+03             NaN             NaN
   2.1240000e+03             NaN             NaN
   2.1250000e+03             NaN             NaN
   2.1260000e+03             NaN             NaN
   2.1270000e+03             NaN             NaN
   2.1280000e+03             NaN             NaN
   2.1290000e+03             NaN             NaN
   2.1300000e+03             NaN             NaN
   2.1310000e+03             NaN             NaN
   2.1320000e+03             NaN             NaN
   2.1330000e+03             NaN             NaN
   2.1340000e+03             NaN             NaN
   2.1350000e+03             NaN             NaN
   2.1360000e+03             NaN             NaN
   2.1370000e+03             NaN             NaN
   2.1380000e+03             NaN             NaN
   2.1390000e+03             NaN             NaN
   2.1400000e+03             NaN             NaN
   2.1410000e+03             NaN             NaN
   2.1420000e+03             NaN             NaN
   2.1430000e+03             NaN             NaN
   2.1440000e+03             NaN             NaN
   2.1450000e+03             NaN             NaN
   2.1460000e+03             NaN             NaN
   2.1470000e+03             NaN             NaN
   2.1480000e+03             NaN             NaN
   2.1490000e+03             NaN             NaN
   2.1500000e+03             NaN             NaN
   2.1510000e+03             NaN             NaN
   2.1520000e+03             NaN             NaN
   2.1530000e+03             NaN             NaN
   2.1540000e+03             NaN             NaN
   2.1550000e+03             NaN             NaN
   2.1560000e+03             NaN             NaN
   2.1570000e+03             NaN             NaN
   2.1580000e+03             NaN             NaN
   2.1590000e+03             NaN             NaN
   2.1600000e+03             NaN             NaN
   2.1610000e+03             NaN             NaN
   2.1620000e+03             NaN             NaN
   2.1630000e+03             NaN             NaN
   2.1640000e+03             NaN             NaN
   2.1650000e+03             NaN             NaN
   2.1660000e+03             NaN             NaN
   2.1670000e+03             NaN             NaN
   2.1680000e+03             NaN             NaN
   2.1690000e+03             NaN             NaN
   2.1700000e+03             NaN             NaN
   2.1710000e+03             NaN             NaN
   2.1720000e+03             NaN             NaN
   2.1730000e+03             NaN             NaN
   2.1740000e+03             NaN             NaN
   2.1750000e+03             NaN             NaN
   2.1760000e+03             NaN             NaN
   2.1770000e+03             NaN             NaN
   2.1780000e+03             NaN             NaN
   2.1790000e+03             NaN             NaN
   2.1800000e+03             NaN             NaN
   2.1810000e+03             NaN             NaN
   2.1820000e+03             NaN             NaN
   2.1830000e+03             NaN             NaN
   2.1840000e+03             NaN             NaN
   2.1850000e+03             NaN             NaN
   2.1860000e+03             NaN             NaN
   2.1870000e+03             NaN             NaN
   2.1880000e+03             NaN             NaN
   2.1890000e+03             NaN             NaN
   2.1900000e+03             NaN             NaN
   2.1910000e+03             NaN             NaN
   2.1920000e+03             NaN             NaN
   2.1930000e+03             NaN             NaN
   2.1940000e+03             NaN             NaN
   2.1950000e+03             NaN             NaN
   2.1960000e+03             NaN             NaN
   2.1970000e+03             NaN             NaN
   2.1980000e+03             NaN             NaN
   2.1990000e+03             NaN             NaN
   2.2000000e+03             NaN             NaN
   2.2010000e+03             NaN             NaN
   2.2020000e+03             NaN             NaN
   2.2030000e+03             NaN             NaN
   2.2040000e+03             NaN             NaN
   2.2050000e+03             NaN             NaN
   2.2060000e+03             NaN             NaN
   2.2070000e+03             NaN             NaN
   2.2080000e+03             NaN             NaN
   2.2090000e+03             NaN             NaN
   2.2100000e+03             NaN             NaN
   2.2110000e+03             NaN             NaN
   2.2120000e+03             NaN             NaN
   2.2130000e+03             NaN             NaN
   2.2140000e+03             NaN             NaN
   2.2150000e+03             NaN             NaN
   2.2160000e+03             NaN             NaN
   2.2170000e+03             NaN             NaN
   2.2180000e+03             NaN             NaN
   2.2190000e+03             NaN             NaN
   2.2200000e+03             NaN             NaN
   2.2210000e+03             NaN             NaN
   2.2220000e+03             NaN             NaN
   2.2230000e+03             NaN             NaN
   2.2240000e+03             NaN             NaN
   2.2250000e+03             NaN             NaN
   2.2260000e+03             NaN             NaN
   2.2270000e+03             NaN             NaN
   2.2280000e+03             NaN             NaN
   2.2290000e+03             NaN             NaN
   2.2300000e+03             NaN             NaN
   2.2310000e+03             NaN             NaN
   2.2320000e+03             NaN             NaN
   2.2330000e+03             NaN             NaN
   2.2340000e+03             NaN             NaN
   2.2350000e+03             NaN             NaN
   2.2360000e+03             NaN             NaN
   2.2370000e+03             NaN             NaN
   2.2380000e+03             NaN             NaN
   2.2390000e+03             NaN             NaN
   2.2400000e+03             NaN             NaN
   2.2410000e+03             NaN             NaN
   2.2420000e+03             NaN             NaN
   2.2430000e+03             NaN             NaN
   2.2440000e+03             NaN             NaN
   2.2450000e+03             NaN             NaN
   2.2460000e+03             NaN             NaN
   2.2470000e+03             NaN             NaN
   2.2480000e+03             NaN             NaN
   2.2490000e+03             NaN             NaN
   2.2500000e+03             NaN             NaN
   2.2510000e+03             NaN             NaN
   2.2520000e+03             NaN             NaN
   2.2530000e+03             NaN             NaN
   2.2540000e+03             NaN             NaN
   2.2550000e+03             NaN             NaN
   2.2560000e+03             NaN             NaN
   2.2570000e+03             NaN             NaN
   2.2580000e+03             NaN             NaN
   2.2590000e+03             NaN             NaN
   2.2600000e+03             NaN             NaN
   2.2610000e+03             NaN             NaN
   2.2620000e+03             NaN             NaN
   2.2630000e+03             NaN             NaN
   2.2640000e+03             NaN             NaN
   2.2650000e+03             NaN             NaN
   2.2660000e+03             NaN             NaN
   2.2670000e+03             NaN             NaN
   2.2680000e+03             NaN             NaN
   2.2690000e+03             NaN             NaN
   2.2700000e+03             NaN             NaN
   2.2710000e+03             NaN             NaN
   2.2720000e+03             NaN             NaN
   2.2730000e+03             NaN             NaN
   2.2740000e+03             NaN             NaN
   2.2750000e+03             NaN             NaN
   2.2760000e+03             NaN             NaN
   2.2770000e+03             NaN             NaN
   2.2780000e+03             NaN             NaN
   2.2790000e+03             NaN             NaN
   2.2800000e+03             NaN             NaN
   2.2810000e+03             NaN             NaN
   2.2820000e+03             NaN             NaN
   2.2830000e+03             NaN             NaN
   2.2840000e+03             NaN             NaN
   2.2850000e+03             NaN             NaN
   2.2860000e+03             NaN             NaN
   2.2870000e+03             NaN             NaN
   2.2880000e+03             NaN             NaN
   2.2890000e+03             NaN             NaN
   2.2900000e+03             NaN             NaN
   2.2910000e+03             NaN             NaN
   2.2920000e+03             NaN             NaN
   2.2930000e+03             NaN             NaN
   2.2940000e+03             NaN             NaN
   2.2950000e+03             NaN             NaN
   2.2960000e+03             NaN             NaN
   2.2970000e+03             NaN             NaN
   2.2980000e+03             NaN             NaN
   2.2990000e+03             NaN             NaN
   2.3000000e+03             NaN             NaN
