   1.8500000e+03             NaN             NaN
   1.8510000e+03   7.3914020e-01   8.8780938e+00
   1.8520000e+03   2.6398731e+00   8.8751781e+00
   1.8530000e+03   5.5978702e+00   8.8717843e+00
   1.8540000e+03   5.9560905e+00   8.7961542e+00
   1.8550000e+03   7.5134639e+00   8.7374121e+00
   1.8560000e+03   9.7585354e+00   8.7356017e+00
   1.8570000e+03   1.3580412e+01   8.7320144e+00
   1.8580000e+03   1.5385488e+01   8.6078070e+00
   1.8590000e+03   1.6216467e+01   8.5957495e+00
   1.8600000e+03   1.8414577e+01   8.5347407e+00
   1.8610000e+03   2.0775638e+01   8.4570895e+00
   1.8620000e+03   2.4743750e+01   8.4451895e+00
   1.8630000e+03   2.7941267e+01   8.2729858e+00
   1.8640000e+03   2.9091139e+01   8.1167721e+00
   1.8650000e+03   3.2090173e+01   8.1152003e+00
   1.8660000e+03   3.3932700e+01   7.9978503e+00
   1.8670000e+03   3.5967873e+01   7.9951436e+00
   1.8680000e+03   3.6716898e+01   7.9329996e+00
   1.8690000e+03   3.7447683e+01   7.9312467e+00
   1.8700000e+03   3.7358842e+01   7.9292177e+00
   1.8710000e+03   3.8909352e+01   7.9281566e+00
   1.8720000e+03   4.2336825e+01   7.9241873e+00
   1.8730000e+03   4.5370510e+01   7.8085288e+00
   1.8740000e+03   4.8906725e+01   7.6678206e+00
   1.8750000e+03   5.2504191e+01   7.5770071e+00
   1.8760000e+03   5.4428274e+01   7.4470674e+00
   1.8770000e+03   5.7990473e+01   7.4347950e+00
   1.8780000e+03   5.9425014e+01   7.4227483e+00
   1.8790000e+03   6.0741680e+01   7.3504025e+00
   1.8800000e+03   6.2406606e+01   7.2832180e+00
   1.8810000e+03   6.6540535e+01   7.2782993e+00
   1.8820000e+03   7.2893836e+01   7.1711735e+00
   1.8830000e+03   7.5119204e+01   6.7980888e+00
   1.8840000e+03   7.5966807e+01   6.7960148e+00
   1.8850000e+03   7.7193883e+01   6.7839028e+00
   1.8860000e+03   8.0358235e+01   6.7725636e+00
   1.8870000e+03   8.1840194e+01   6.2966583e+00
   1.8880000e+03   8.5848075e+01   6.2180793e+00
   1.8890000e+03   8.7294269e+01   6.1189660e+00
   1.8900000e+03   8.8815767e+01   6.1044136e+00
   1.8910000e+03   8.9028923e+01   6.0993135e+00
   1.8920000e+03   9.1051958e+01   6.0980348e+00
   1.8930000e+03   9.3150712e+01   6.0872630e+00
   1.8940000e+03   9.3972042e+01   5.9889593e+00
   1.8950000e+03   9.6118858e+01   5.9853200e+00
   1.8960000e+03   9.6650312e+01   5.9116921e+00
   1.8970000e+03   9.7968391e+01   5.9103186e+00
   1.8980000e+03   9.9047505e+01   5.9003965e+00
   1.8990000e+03   1.0180621e+02   5.8990058e+00
   1.9000000e+03   1.0548057e+02   5.8008449e+00
   1.9010000e+03   1.0762264e+02   5.7066675e+00
   1.9020000e+03   1.0954963e+02   5.6400065e+00
   1.9030000e+03   1.1126478e+02   5.6382818e+00
   1.9040000e+03   1.1100836e+02   5.5486585e+00
   1.9050000e+03   1.1188918e+02   5.5472630e+00
   1.9060000e+03   1.1373426e+02   5.5456996e+00
   1.9070000e+03   1.1497359e+02   5.4326857e+00
   1.9080000e+03   1.1575311e+02   5.3692205e+00
   1.9090000e+03   1.1780249e+02   5.3651680e+00
   1.9100000e+03   1.1968519e+02   5.2445567e+00
   1.9110000e+03   1.2104453e+02   5.2407321e+00
   1.9120000e+03   1.2143644e+02   5.1818148e+00
   1.9130000e+03   1.2223216e+02   5.1786018e+00
   1.9140000e+03   1.2320387e+02   5.1129453e+00
   1.9150000e+03   1.2477238e+02   5.1111381e+00
   1.9160000e+03   1.2733982e+02   5.0549637e+00
   1.9170000e+03   1.2873981e+02   4.9885100e+00
   1.9180000e+03   1.2911899e+02   4.9864824e+00
   1.9190000e+03   1.3049309e+02   4.9847703e+00
   1.9200000e+03   1.3581065e+02   4.9291676e+00
   1.9210000e+03   1.3693441e+02   4.6480246e+00
   1.9220000e+03   1.3909507e+02   4.6460508e+00
   1.9230000e+03   1.4090565e+02   4.6438213e+00
   1.9240000e+03   1.4214058e+02   4.6404368e+00
   1.9250000e+03   1.4366233e+02   4.5889525e+00
   1.9260000e+03   1.4442170e+02   4.5358700e+00
   1.9270000e+03   1.4574097e+02   4.5336323e+00
   1.9280000e+03   1.4796572e+02   4.5301993e+00
   1.9290000e+03   1.4933073e+02   4.4500803e+00
   1.9300000e+03   1.5104214e+02   4.3900273e+00
   1.9310000e+03   1.5267637e+02   4.2694386e+00
   1.9320000e+03   1.5243010e+02   4.2090651e+00
   1.9330000e+03   1.5429763e+02   4.2063020e+00
   1.9340000e+03   1.5881183e+02   4.0030563e+00
   1.9350000e+03   1.5981096e+02   3.8136072e+00
   1.9360000e+03   1.6405139e+02   3.7443882e+00
   1.9370000e+03   1.6465779e+02   3.0901971e+00
   1.9380000e+03   1.6704310e+02   3.0871506e+00
   1.9390000e+03   1.6859762e+02   2.8176135e+00
   1.9400000e+03   1.7062911e+02   2.7365206e+00
   1.9410000e+03   1.7153863e+02   2.7334985e+00
   1.9420000e+03   1.7379736e+02   2.7305937e+00
   1.9430000e+03   1.7570932e+02   2.6148904e+00
   1.9440000e+03   1.7602202e+02   2.4992545e+00
   1.9450000e+03   1.7672913e+02   2.4434522e+00
   1.9460000e+03   1.7832882e+02   2.3412953e+00
   1.9470000e+03   1.7882294e+02   2.3380158e+00
   1.9480000e+03   1.8149632e+02   2.3349417e+00
   1.9490000e+03   1.8292888e+02   1.5283171e+00
   1.9500000e+03   1.8367001e+02   1.5231788e+00
   1.9510000e+03   1.8470773e+02   1.5181305e+00
   1.9520000e+03   1.8587589e+02   1.5134886e+00
   1.9530000e+03   1.8654095e+02   1.4619208e+00
   1.9540000e+03   1.8737126e+02   1.4570980e+00
   1.9550000e+03   1.8921090e+02   1.4523592e+00
   1.9560000e+03   1.9003332e+02   1.3234359e+00
   1.9570000e+03   1.9173734e+02   1.3182402e+00
   1.9580000e+03   1.9349984e+02   1.2186031e+00
   1.9590000e+03   1.9484043e+02   1.2128503e+00
   1.9600000e+03   1.9567003e+02   1.1754672e+00
   1.9610000e+03   1.9656552e+02   1.1100201e+00
   1.9620000e+03   1.9796335e+02   1.0351027e+00
   1.9630000e+03   1.9834978e+02   1.0286227e+00
   1.9640000e+03   1.9923915e+02   1.0007710e+00
   1.9650000e+03   2.0065959e+02   9.9184355e-01
   1.9660000e+03   2.0088864e+02   7.7445691e-01
   1.9670000e+03   2.0129906e+02   7.6588188e-01
   1.9680000e+03   2.0208710e+02   7.5726055e-01
   1.9690000e+03   2.0260786e+02   7.4855720e-01
   1.9700000e+03   2.0313845e+02   7.2806896e-01
   1.9710000e+03   2.0370831e+02   7.1927119e-01
   1.9720000e+03   2.0431947e+02   7.0999222e-01
   1.9730000e+03   2.0470555e+02   6.9904668e-01
   1.9740000e+03   2.0554022e+02   6.8970319e-01
   1.9750000e+03   2.0641940e+02   6.7982626e-01
   1.9760000e+03   2.0777341e+02   6.6369177e-01
   1.9770000e+03   2.0842162e+02   6.3390748e-01
   1.9780000e+03   2.0875965e+02   6.2232192e-01
   1.9790000e+03   2.0909355e+02   6.1192167e-01
   1.9800000e+03   2.0965877e+02   6.0078219e-01
   1.9810000e+03   2.1018346e+02   5.8596749e-01
   1.9820000e+03   2.1067515e+02   5.7191024e-01
   1.9830000e+03   2.1099568e+02   5.5783776e-01
   1.9840000e+03   2.1164637e+02   5.4633711e-01
   1.9850000e+03   2.1342102e+02   5.2918880e-01
   1.9860000e+03   2.1428697e+02   5.1480911e-01
   1.9870000e+03   2.1467012e+02   4.9644708e-01
   1.9880000e+03   2.1559299e+02   4.8352712e-01
   1.9890000e+03   2.1690805e+02   4.6923678e-01
   1.9900000e+03   2.1783142e+02   4.5438507e-01
   1.9910000e+03   2.1912064e+02   4.3929947e-01
   1.9920000e+03   2.1954094e+02   4.2247654e-01
   1.9930000e+03   2.2083774e+02   4.0731945e-01
   1.9940000e+03   2.2109600e+02   3.7483509e-01
   1.9950000e+03   2.2246236e+02   3.5768879e-01
   1.9960000e+03   2.2369608e+02   3.3713707e-01
   1.9970000e+03   2.2478523e+02   3.1813583e-01
   1.9980000e+03   2.2609115e+02   2.9775170e-01
   1.9990000e+03   2.2693762e+02   2.7604461e-01
   2.0000000e+03   2.2779413e+02   2.5257156e-01
   2.0010000e+03   2.2864740e+02   2.2692938e-01
   2.0020000e+03   2.3008819e+02   1.9825397e-01
   2.0030000e+03   2.3132797e+02   1.9758677e-01
   2.0040000e+03   2.3266797e+02   1.9793525e-01
   2.0050000e+03   2.3411107e+02   1.9887084e-01
   2.0060000e+03   2.3584810e+02   1.9993383e-01
   2.0070000e+03   2.3717476e+02   2.2385018e-01
   2.0080000e+03   2.3854803e+02   2.4541884e-01
   2.0090000e+03   2.4023297e+02   2.9738965e-01
   2.0100000e+03   2.4142385e+02   3.1744998e-01
   2.0110000e+03   2.4235161e+02   3.3720164e-01
   2.0120000e+03   2.4353942e+02   3.5536757e-01
   2.0130000e+03   2.4530238e+02   3.7245940e-01
   2.0140000e+03   2.4661843e+02   3.8877165e-01
   2.0150000e+03   2.4752972e+02   4.0439911e-01
   2.0160000e+03   2.4875212e+02   4.1932640e-01
   2.0170000e+03   2.4980086e+02   4.3388044e-01
   2.0180000e+03   2.5105051e+02   4.4798133e-01
   2.0190000e+03   2.5262207e+02   4.6354027e-01
   2.0200000e+03   2.5399335e+02   4.7738438e-01
   2.0210000e+03   2.5575358e+02   4.9074651e-01
   2.0220000e+03   2.5791733e+02   5.1167683e-01
   2.0230000e+03   2.5900767e+02   5.2582657e-01
   2.0240000e+03   2.6008957e+02   5.3878725e-01
   2.0250000e+03   2.6166826e+02   5.5458263e-01
   2.0260000e+03   2.6307427e+02   5.6641527e-01
   2.0270000e+03   2.6435236e+02   5.7781320e-01
   2.0280000e+03   2.6632811e+02   6.1597324e-01
   2.0290000e+03   2.6893620e+02   7.5769786e-01
   2.0300000e+03   2.7054962e+02   9.2421426e-01
   2.0310000e+03   2.7293545e+02   1.1167040e+00
   2.0320000e+03   2.7463266e+02   1.1311926e+00
   2.0330000e+03   2.7661210e+02   1.1375106e+00
   2.0340000e+03   2.7808153e+02   1.2412329e+00
   2.0350000e+03   2.8021719e+02   1.2661158e+00
   2.0360000e+03   2.8227971e+02   1.2758311e+00
   2.0370000e+03   2.8482379e+02   1.2905051e+00
   2.0380000e+03   2.8668696e+02   1.2978291e+00
   2.0390000e+03   2.8868699e+02   1.3040695e+00
   2.0400000e+03   2.9088547e+02   1.3446320e+00
   2.0410000e+03   2.9320865e+02   1.3565167e+00
   2.0420000e+03   2.9557508e+02   1.3876894e+00
   2.0430000e+03   2.9753925e+02   1.3984859e+00
   2.0440000e+03   2.9972563e+02   1.4088814e+00
   2.0450000e+03   3.0184088e+02   1.4228396e+00
   2.0460000e+03   3.0379526e+02   1.4322836e+00
   2.0470000e+03   3.0617925e+02   1.4554801e+00
   2.0480000e+03   3.0770212e+02   1.4660126e+00
   2.0490000e+03   3.1040602e+02   1.5034013e+00
   2.0500000e+03   3.1285201e+02   1.5920010e+00
   2.0510000e+03   3.1546758e+02   1.6530883e+00
   2.0520000e+03   3.1755275e+02   1.6915527e+00
   2.0530000e+03   3.1963186e+02   1.7068341e+00
   2.0540000e+03   3.2159611e+02   1.7263669e+00
   2.0550000e+03   3.2414711e+02   1.7379053e+00
   2.0560000e+03   3.2602997e+02   1.7687224e+00
   2.0570000e+03   3.2933923e+02   1.8321479e+00
   2.0580000e+03   3.3151179e+02   1.8477171e+00
   2.0590000e+03   3.3444651e+02   1.8907488e+00
   2.0600000e+03   3.3727682e+02   1.9938711e+00
   2.0610000e+03   3.4084857e+02   2.1436094e+00
   2.0620000e+03   3.4433134e+02   2.3441242e+00
   2.0630000e+03   3.4757976e+02   2.5187016e+00
   2.0640000e+03   3.5080336e+02   2.7364415e+00
   2.0650000e+03   3.5390913e+02   2.9137638e+00
   2.0660000e+03   3.5647493e+02   3.0119609e+00
   2.0670000e+03   3.5945588e+02   3.1280747e+00
   2.0680000e+03   3.6156560e+02   3.2120177e+00
   2.0690000e+03   3.6397077e+02   3.3075526e+00
   2.0700000e+03   3.6642770e+02   3.4284321e+00
   2.0710000e+03   3.6865766e+02   3.5738062e+00
   2.0720000e+03   3.7146417e+02   3.8834214e+00
   2.0730000e+03   3.7406036e+02   3.9766267e+00
   2.0740000e+03   3.7730084e+02   4.2153348e+00
   2.0750000e+03   3.8060536e+02   4.6566878e+00
   2.0760000e+03   3.8340185e+02   4.8152746e+00
   2.0770000e+03   3.8680753e+02   5.2048210e+00
   2.0780000e+03   3.9031652e+02   5.7022361e+00
   2.0790000e+03   3.9330402e+02   5.7938016e+00
   2.0800000e+03   3.9612588e+02   5.8571384e+00
   2.0810000e+03   3.9877287e+02   5.9172059e+00
   2.0820000e+03   4.0182203e+02   5.9701173e+00
   2.0830000e+03   4.0430031e+02   6.0309509e+00
   2.0840000e+03   4.0721465e+02   6.1071979e+00
   2.0850000e+03   4.0991740e+02   6.1734261e+00
   2.0860000e+03   4.1288457e+02   6.2819925e+00
   2.0870000e+03   4.1542146e+02   6.3492956e+00
   2.0880000e+03   4.1801473e+02   6.4090947e+00
   2.0890000e+03   4.2089316e+02   6.4629963e+00
   2.0900000e+03   4.2399054e+02   6.5684174e+00
   2.0910000e+03   4.2707665e+02   6.7255819e+00
   2.0920000e+03   4.2952610e+02   6.8226048e+00
   2.0930000e+03   4.3235645e+02   6.8845619e+00
   2.0940000e+03   4.3497663e+02   6.9570187e+00
   2.0950000e+03   4.3782737e+02   7.0680376e+00
   2.0960000e+03   4.4089169e+02   7.2241399e+00
   2.0970000e+03   4.4298607e+02   7.3260981e+00
   2.0980000e+03   4.4543318e+02   7.4836101e+00
   2.0990000e+03   4.4775475e+02   7.6283865e+00
   2.1000000e+03   4.5061120e+02   7.7519025e+00
   2.1010000e+03   4.5358685e+02   7.8790146e+00
   2.1020000e+03   4.5650436e+02   8.0653892e+00
   2.1030000e+03   4.5991127e+02   8.2625747e+00
   2.1040000e+03   4.6255552e+02   8.4627509e+00
   2.1050000e+03   4.6521729e+02   8.6598020e+00
   2.1060000e+03   4.6783905e+02   8.8239279e+00
   2.1070000e+03   4.7020177e+02   8.9619743e+00
   2.1080000e+03   4.7171709e+02   9.0453397e+00
   2.1090000e+03   4.7394177e+02   9.1555402e+00
   2.1100000e+03   4.7597070e+02   9.3105196e+00
   2.1110000e+03   4.7852313e+02   9.4990517e+00
   2.1120000e+03   4.8061248e+02   9.6526040e+00
   2.1130000e+03   4.8255650e+02   9.7347037e+00
   2.1140000e+03   4.8425280e+02   9.7616568e+00
   2.1150000e+03   4.8671378e+02   9.7701570e+00
   2.1160000e+03   4.8848353e+02   9.7754705e+00
   2.1170000e+03   4.9002012e+02   9.7789171e+00
   2.1180000e+03   4.9209955e+02   9.7857342e+00
   2.1190000e+03   4.9387974e+02   9.7901100e+00
   2.1200000e+03   4.9584927e+02   9.7958790e+00
   2.1210000e+03   4.9766589e+02   9.7990141e+00
   2.1220000e+03   4.9949391e+02   9.8085884e+00
   2.1230000e+03   5.0114597e+02   9.8133142e+00
   2.1240000e+03   5.0283468e+02   9.8167251e+00
   2.1250000e+03   5.0481480e+02   9.8261563e+00
   2.1260000e+03   5.0656666e+02   9.8313201e+00
   2.1270000e+03   5.0808298e+02   9.8412032e+00
   2.1280000e+03   5.0966435e+02   9.8481972e+00
   2.1290000e+03   5.1089010e+02   9.8551345e+00
   2.1300000e+03   5.1233389e+02   9.8605757e+00
   2.1310000e+03   5.1400431e+02   9.8672720e+00
   2.1320000e+03   5.1576090e+02   9.8755308e+00
   2.1330000e+03   5.1745345e+02   9.8827125e+00
   2.1340000e+03   5.1924945e+02   9.8929676e+00
   2.1350000e+03   5.2067757e+02   9.8999703e+00
   2.1360000e+03   5.2229619e+02   9.9079582e+00
   2.1370000e+03   5.2383318e+02   9.9169006e+00
   2.1380000e+03   5.2533124e+02   9.9248497e+00
   2.1390000e+03   5.2664775e+02   9.9355660e+00
   2.1400000e+03   5.2795931e+02   9.9462056e+00
   2.1410000e+03   5.2925527e+02   9.9536938e+00
   2.1420000e+03   5.3095153e+02   9.9663428e+00
   2.1430000e+03   5.3245163e+02   9.9769015e+00
   2.1440000e+03   5.3380153e+02   9.9872332e+00
   2.1450000e+03   5.3544615e+02   1.0002358e+01
   2.1460000e+03   5.3669480e+02   1.0013025e+01
   2.1470000e+03   5.3830702e+02   1.0030399e+01
   2.1480000e+03   5.3963455e+02   1.0044863e+01
   2.1490000e+03   5.4109460e+02   1.0055778e+01
   2.1500000e+03   5.4261185e+02   1.0070281e+01
   2.1510000e+03   5.4406481e+02   1.0091630e+01
   2.1520000e+03   5.4541981e+02   1.0108544e+01
   2.1530000e+03   5.4702352e+02   1.0128510e+01
   2.1540000e+03   5.4837049e+02   1.0143932e+01
   2.1550000e+03   5.4993086e+02   1.0168319e+01
   2.1560000e+03   5.5135589e+02   1.0184239e+01
   2.1570000e+03   5.5278133e+02   1.0203005e+01
   2.1580000e+03   5.5416969e+02   1.0221474e+01
   2.1590000e+03   5.5561232e+02   1.0248388e+01
   2.1600000e+03   5.5694723e+02   1.0266198e+01
   2.1610000e+03   5.5822452e+02   1.0286324e+01
   2.1620000e+03   5.5940331e+02   1.0299207e+01
   2.1630000e+03   5.6045639e+02   1.0316534e+01
   2.1640000e+03   5.6188712e+02   1.0342277e+01
   2.1650000e+03   5.6300705e+02   1.0359811e+01
   2.1660000e+03   5.6430911e+02   1.0389420e+01
   2.1670000e+03   5.6584816e+02   1.0430786e+01
   2.1680000e+03   5.6735136e+02   1.0482095e+01
   2.1690000e+03   5.6874127e+02   1.0522506e+01
   2.1700000e+03   5.7030594e+02   1.0587940e+01
   2.1710000e+03   5.7170023e+02   1.0625623e+01
   2.1720000e+03   5.7302996e+02   1.0660603e+01
   2.1730000e+03   5.7431200e+02   1.0691524e+01
   2.1740000e+03   5.7534928e+02   1.0711502e+01
   2.1750000e+03   5.7654959e+02   1.0756306e+01
   2.1760000e+03   5.7774205e+02   1.0784859e+01
   2.1770000e+03   5.7894215e+02   1.0827266e+01
   2.1780000e+03   5.8004550e+02   1.0859892e+01
   2.1790000e+03   5.8116123e+02   1.0899993e+01
   2.1800000e+03   5.8240344e+02   1.0957331e+01
   2.1810000e+03   5.8358542e+02   1.1001272e+01
   2.1820000e+03   5.8476478e+02   1.1052953e+01
   2.1830000e+03   5.8601197e+02   1.1125520e+01
   2.1840000e+03   5.8719672e+02   1.1194874e+01
   2.1850000e+03   5.8852945e+02   1.1298600e+01
   2.1860000e+03   5.8987850e+02   1.1416495e+01
   2.1870000e+03   5.9130943e+02   1.1537018e+01
   2.1880000e+03   5.9221564e+02   1.1565371e+01
   2.1890000e+03   5.9352603e+02   1.1689479e+01
   2.1900000e+03   5.9488897e+02   1.1783946e+01
   2.1910000e+03   5.9610502e+02   1.1855436e+01
   2.1920000e+03   5.9727181e+02   1.1950463e+01
   2.1930000e+03   5.9862035e+02   1.2166485e+01
   2.1940000e+03   5.9980455e+02   1.2265516e+01
   2.1950000e+03   6.0127451e+02   1.2507442e+01
   2.1960000e+03   6.0258888e+02   1.2642943e+01
   2.1970000e+03   6.0378177e+02   1.2744468e+01
   2.1980000e+03   6.0508630e+02   1.2918109e+01
   2.1990000e+03   6.0620624e+02   1.3053600e+01
   2.2000000e+03   6.0747440e+02   1.3243287e+01
   2.2010000e+03   6.0853847e+02   1.3300196e+01
   2.2020000e+03   6.0951839e+02   1.3354159e+01
   2.2030000e+03   6.1108533e+02   1.3746435e+01
   2.2040000e+03   6.1240529e+02   1.3984803e+01
   2.2050000e+03   6.1359672e+02   1.4153055e+01
   2.2060000e+03   6.1480596e+02   1.4361019e+01
   2.2070000e+03   6.1601856e+02   1.4604925e+01
   2.2080000e+03   6.1706044e+02   1.4729427e+01
   2.2090000e+03   6.1801278e+02   1.4855278e+01
   2.2100000e+03   6.1928352e+02   1.5193459e+01
   2.2110000e+03   6.2017114e+02   1.5232466e+01
   2.2120000e+03   6.2131607e+02   1.5451233e+01
   2.2130000e+03   6.2262639e+02   1.5804348e+01
   2.2140000e+03   6.2395334e+02   1.6196279e+01
   2.2150000e+03   6.2532230e+02   1.6554046e+01
   2.2160000e+03   6.2648474e+02   1.6870242e+01
   2.2170000e+03   6.2769352e+02   1.7163053e+01
   2.2180000e+03   6.2892059e+02   1.7524801e+01
   2.2190000e+03   6.2997856e+02   1.7738441e+01
   2.2200000e+03   6.3107590e+02   1.7985038e+01
   2.2210000e+03   6.3204359e+02   1.8206766e+01
   2.2220000e+03   6.3296430e+02   1.8428268e+01
   2.2230000e+03   6.3374972e+02   1.8478671e+01
   2.2240000e+03   6.3495316e+02   1.8914262e+01
   2.2250000e+03   6.3551334e+02   1.8924068e+01
   2.2260000e+03   6.3636856e+02   1.9095809e+01
   2.2270000e+03   6.3722436e+02   1.9264140e+01
   2.2280000e+03   6.3803657e+02   1.9421229e+01
   2.2290000e+03   6.3867890e+02   1.9451635e+01
   2.2300000e+03   6.3919479e+02   1.9454514e+01
   2.2310000e+03   6.3968794e+02   1.9459363e+01
   2.2320000e+03   6.4018206e+02   1.9464726e+01
   2.2330000e+03   6.4067645e+02   1.9467652e+01
   2.2340000e+03   6.4114756e+02   1.9470528e+01
   2.2350000e+03   6.4164642e+02   1.9473549e+01
   2.2360000e+03   6.4209710e+02   1.9477011e+01
   2.2370000e+03   6.4255271e+02   1.9480354e+01
   2.2380000e+03   6.4305767e+02   1.9483847e+01
   2.2390000e+03   6.4343151e+02   1.9486154e+01
   2.2400000e+03   6.4389423e+02   1.9489802e+01
   2.2410000e+03   6.4428421e+02   1.9493778e+01
   2.2420000e+03   6.4468281e+02   1.9496128e+01
   2.2430000e+03   6.4507106e+02   1.9498464e+01
   2.2440000e+03   6.4546369e+02   1.9500520e+01
   2.2450000e+03   6.4580925e+02   1.9503775e+01
   2.2460000e+03   6.4623185e+02   1.9507259e+01
   2.2470000e+03   6.4661713e+02   1.9509759e+01
   2.2480000e+03   6.4694096e+02   1.9512209e+01
   2.2490000e+03   6.4730655e+02   1.9514076e+01
   2.2500000e+03   6.4772291e+02   1.9516132e+01
   2.2510000e+03   6.4809757e+02   1.9518999e+01
   2.2520000e+03   6.4845649e+02   1.9521315e+01
   2.2530000e+03   6.4876380e+02   1.9523947e+01
   2.2540000e+03   6.4912206e+02   1.9527065e+01
   2.2550000e+03   6.4946555e+02   1.9529614e+01
   2.2560000e+03   6.4982950e+02   1.9532388e+01
   2.2570000e+03   6.5014833e+02   1.9535288e+01
   2.2580000e+03   6.5043587e+02   1.9537554e+01
   2.2590000e+03   6.5076776e+02   1.9538614e+01
   2.2600000e+03   6.5106747e+02   1.9539874e+01
   2.2610000e+03   6.5140970e+02   1.9540920e+01
   2.2620000e+03   6.5172416e+02   1.9541935e+01
   2.2630000e+03   6.5198625e+02   1.9542894e+01
   2.2640000e+03   6.5229527e+02   1.9543880e+01
   2.2650000e+03   6.5257701e+02   1.9544882e+01
   2.2660000e+03   6.5286063e+02   1.9545860e+01
   2.2670000e+03   6.5314424e+02   1.9546905e+01
   2.2680000e+03   6.5339696e+02   1.9548306e+01
   2.2690000e+03   6.5368727e+02   1.9550046e+01
   2.2700000e+03   6.5393911e+02   1.9551313e+01
   2.2710000e+03   6.5418902e+02   1.9552259e+01
   2.2720000e+03   6.5446119e+02   1.9554005e+01
   2.2730000e+03   6.5472158e+02   1.9555374e+01
   2.2740000e+03   6.5491646e+02   1.9556190e+01
   2.2750000e+03   6.5515630e+02   1.9557108e+01
   2.2760000e+03   6.5543847e+02   1.9558417e+01
   2.2770000e+03   6.5569512e+02   1.9559421e+01
   2.2780000e+03   6.5596231e+02   1.9560727e+01
   2.2790000e+03   6.5621653e+02   1.9562113e+01
   2.2800000e+03   6.5645036e+02   1.9563106e+01
   2.2810000e+03   6.5670083e+02   1.9564080e+01
   2.2820000e+03   6.5690607e+02   1.9565029e+01
   2.2830000e+03   6.5716981e+02   1.9566069e+01
   2.2840000e+03   6.5737591e+02   1.9566931e+01
   2.2850000e+03   6.5756092e+02   1.9568569e+01
   2.2860000e+03   6.5776403e+02   1.9569894e+01
   2.2870000e+03   6.5793084e+02   1.9570782e+01
   2.2880000e+03   6.5815338e+02   1.9571749e+01
   2.2890000e+03   6.5830960e+02   1.9572565e+01
   2.2900000e+03   6.5850410e+02   1.9574204e+01
   2.2910000e+03   6.5872034e+02   1.9575186e+01
   2.2920000e+03   6.5886854e+02   1.9576082e+01
   2.2930000e+03   6.5902844e+02   1.9576920e+01
   2.2940000e+03   6.5915667e+02   1.9578084e+01
   2.2950000e+03   6.5933423e+02   1.9578918e+01
   2.2960000e+03   6.5948622e+02   1.9580086e+01
   2.2970000e+03   6.5964960e+02   1.9581305e+01
   2.2980000e+03   6.5984980e+02   1.9582791e+01
   2.2990000e+03   6.6002060e+02   1.9583657e+01
   2.3000000e+03   6.6023466e+02   1.9584935e+01
