   1.8500000e+03             NaN             NaN
   1.8510000e+03             NaN             NaN
   1.8520000e+03             NaN             NaN
   1.8530000e+03             NaN             NaN
   1.8540000e+03             NaN             NaN
   1.8550000e+03             NaN             NaN
   1.8560000e+03             NaN             NaN
   1.8570000e+03             NaN             NaN
   1.8580000e+03             NaN             NaN
   1.8590000e+03             NaN             NaN
   1.8600000e+03             NaN             NaN
   1.8610000e+03   2.3497995e+00   4.1789085e+00
   1.8620000e+03   3.3203125e+00   4.1177842e+00
   1.8630000e+03   4.9989411e+00   4.0808748e+00
   1.8640000e+03   6.7038958e+00   4.0309031e+00
   1.8650000e+03   8.2412027e+00   3.9395195e+00
   1.8660000e+03   9.4204704e+00   3.8967289e+00
   1.8670000e+03   1.0166321e+01   3.8169832e+00
   1.8680000e+03   1.0803006e+01   3.7757047e+00
   1.8690000e+03   1.2577075e+01   3.7734678e+00
   1.8700000e+03   1.3772731e+01   3.7208044e+00
   1.8710000e+03   1.5121412e+01   3.6833225e+00
   1.8720000e+03   1.6529954e+01   3.6455303e+00
   1.8730000e+03   1.7918877e+01   3.6435107e+00
   1.8740000e+03   1.9090978e+01   3.5995553e+00
   1.8750000e+03   2.1235620e+01   3.5975803e+00
   1.8760000e+03   2.3000394e+01   3.5052651e+00
   1.8770000e+03   2.4689533e+01   3.4367578e+00
   1.8780000e+03   2.6502891e+01   3.3624778e+00
   1.8790000e+03   2.7968365e+01   3.2612835e+00
   1.8800000e+03   2.9807864e+01   3.2221302e+00
   1.8810000e+03   3.1194507e+01   3.1849212e+00
   1.8820000e+03   3.2691774e+01   3.1820653e+00
   1.8830000e+03   3.4363388e+01   3.1267933e+00
   1.8840000e+03   3.4986456e+01   3.0820859e+00
   1.8850000e+03   3.6225288e+01   3.0533424e+00
   1.8860000e+03   3.7192981e+01   2.9856857e+00
   1.8870000e+03   3.8047219e+01   2.9464657e+00
   1.8880000e+03   3.8945428e+01   2.9175625e+00
   1.8890000e+03   4.0262384e+01   2.9151653e+00
   1.8900000e+03   4.1826275e+01   2.8817698e+00
   1.8910000e+03   4.3220021e+01   2.8495571e+00
   1.8920000e+03   4.4470297e+01   2.8154834e+00
   1.8930000e+03   4.5753990e+01   2.7574209e+00
   1.8940000e+03   4.6723364e+01   2.7538576e+00
   1.8950000e+03   4.8002973e+01   2.7065715e+00
   1.8960000e+03   4.9029267e+01   2.6771317e+00
   1.8970000e+03   5.0063089e+01   2.6332990e+00
   1.8980000e+03   5.1226083e+01   2.6293670e+00
   1.8990000e+03   5.3307237e+01   2.6254991e+00
   1.9000000e+03   5.4568519e+01   2.5733822e+00
   1.9010000e+03   5.5240791e+01   2.5385304e+00
   1.9020000e+03   5.6623031e+01   2.5358873e+00
   1.9030000e+03   5.7800501e+01   2.5087818e+00
   1.9040000e+03   5.8865487e+01   2.4703840e+00
   1.9050000e+03   6.0510284e+01   2.4443269e+00
   1.9060000e+03   6.2015309e+01   2.3960406e+00
   1.9070000e+03   6.2593673e+01   2.3689465e+00
   1.9080000e+03   6.3051792e+01   2.3650616e+00
   1.9090000e+03   6.3681554e+01   2.3299318e+00
   1.9100000e+03   6.3877448e+01   2.3045787e+00
   1.9110000e+03   6.4355243e+01   2.3012875e+00
   1.9120000e+03   6.5080677e+01   2.2766428e+00
   1.9130000e+03   6.5457479e+01   2.2271486e+00
   1.9140000e+03   6.6144650e+01   2.2026805e+00
   1.9150000e+03   6.7312295e+01   2.1769261e+00
   1.9160000e+03   6.8378222e+01   2.1244194e+00
   1.9170000e+03   6.9619380e+01   2.0959340e+00
   1.9180000e+03   7.0892041e+01   2.0501779e+00
   1.9190000e+03   7.1880176e+01   2.0216391e+00
   1.9200000e+03   7.3150876e+01   1.9775149e+00
   1.9210000e+03   7.3931118e+01   1.9515802e+00
   1.9220000e+03   7.4793662e+01   1.9216380e+00
   1.9230000e+03   7.5689041e+01   1.8923832e+00
   1.9240000e+03   7.6527824e+01   1.8881479e+00
   1.9250000e+03   7.7767154e+01   1.8316677e+00
   1.9260000e+03   7.9694680e+01   1.7862013e+00
   1.9270000e+03   8.1123311e+01   1.7476338e+00
   1.9280000e+03   8.2456616e+01   1.7440531e+00
   1.9290000e+03   8.3327228e+01   1.7222065e+00
   1.9300000e+03   8.4166205e+01   1.7179936e+00
   1.9310000e+03   8.4506567e+01   1.6842091e+00
   1.9320000e+03   8.4992630e+01   1.6792292e+00
   1.9330000e+03   8.6100319e+01   1.6578358e+00
   1.9340000e+03   8.7852844e+01   1.5892726e+00
   1.9350000e+03   8.9385704e+01   1.5169221e+00
   1.9360000e+03   9.1133330e+01   1.4453209e+00
   1.9370000e+03   9.2509719e+01   1.3862800e+00
   1.9380000e+03   9.3775628e+01   1.3814024e+00
   1.9390000e+03   9.4806033e+01   1.3753115e+00
   1.9400000e+03   9.6346673e+01   1.3698274e+00
   1.9410000e+03   9.7573137e+01   1.3452629e+00
   1.9420000e+03   9.8882418e+01   1.2950606e+00
   1.9430000e+03   1.0036747e+02   1.2743224e+00
   1.9440000e+03   1.0193405e+02   1.2507898e+00
   1.9450000e+03   1.0313403e+02   1.2243332e+00
   1.9460000e+03   1.0557386e+02   1.2188444e+00
   1.9470000e+03   1.0718412e+02   1.1894973e+00
   1.9480000e+03   1.0893867e+02   1.1822991e+00
   1.9490000e+03   1.1000541e+02   1.1566189e+00
   1.9500000e+03   1.1056802e+02   1.1476372e+00
   1.9510000e+03   1.1178457e+02   1.1321708e+00
   1.9520000e+03   1.1294611e+02   1.1050189e+00
   1.9530000e+03   1.1363941e+02   1.0990670e+00
   1.9540000e+03   1.1511448e+02   1.0932039e+00
   1.9550000e+03   1.1597001e+02   1.0452176e+00
   1.9560000e+03   1.1681574e+02   1.0098070e+00
   1.9570000e+03   1.1733858e+02   9.4741605e-01
   1.9580000e+03   1.1784981e+02   9.1869417e-01
   1.9590000e+03   1.1831190e+02   9.1167821e-01
   1.9600000e+03   1.1898363e+02   8.7491460e-01
   1.9610000e+03   1.1877830e+02   8.5966526e-01
   1.9620000e+03   1.1885310e+02   8.5214187e-01
   1.9630000e+03   1.1929730e+02   8.4556733e-01
   1.9640000e+03   1.1992172e+02   8.3203468e-01
   1.9650000e+03   1.2109841e+02   8.1995898e-01
   1.9660000e+03   1.2144604e+02   8.1190269e-01
   1.9670000e+03   1.2222634e+02   7.8798010e-01
   1.9680000e+03   1.2280276e+02   7.5965130e-01
   1.9690000e+03   1.2424311e+02   7.5127301e-01
   1.9700000e+03   1.2560396e+02   7.4218486e-01
   1.9710000e+03   1.2617290e+02   7.3140291e-01
   1.9720000e+03   1.2697186e+02   7.2258128e-01
   1.9730000e+03   1.2734150e+02   7.1372794e-01
   1.9740000e+03   1.2756429e+02   7.0481435e-01
   1.9750000e+03   1.2766983e+02   6.8671002e-01
   1.9760000e+03   1.2833581e+02   6.7743773e-01
   1.9770000e+03   1.2917818e+02   6.6532511e-01
   1.9780000e+03   1.2962510e+02   6.2974248e-01
   1.9790000e+03   1.3026894e+02   6.1977308e-01
   1.9800000e+03   1.3061419e+02   6.0950993e-01
   1.9810000e+03   1.3097430e+02   5.9911959e-01
   1.9820000e+03   1.3091001e+02   5.8852362e-01
   1.9830000e+03   1.3088116e+02   5.7750631e-01
   1.9840000e+03   1.3121811e+02   5.6656342e-01
   1.9850000e+03   1.3198462e+02   5.5449963e-01
   1.9860000e+03   1.3324656e+02   5.4279337e-01
   1.9870000e+03   1.3461831e+02   5.1791171e-01
   1.9880000e+03   1.3611502e+02   5.0539696e-01
   1.9890000e+03   1.3697320e+02   4.6623625e-01
   1.9900000e+03   1.3762746e+02   4.5262896e-01
   1.9910000e+03   1.3815499e+02   4.2314984e-01
   1.9920000e+03   1.3890703e+02   4.0755441e-01
   1.9930000e+03   1.3949805e+02   3.9206901e-01
   1.9940000e+03   1.4063600e+02   3.7661085e-01
   1.9950000e+03   1.4195102e+02   3.6029365e-01
   1.9960000e+03   1.4365905e+02   3.4246958e-01
   1.9970000e+03   1.4498893e+02   3.2252078e-01
   1.9980000e+03   1.4618871e+02   3.0274516e-01
   1.9990000e+03   1.4758575e+02   2.8116677e-01
   2.0000000e+03   1.4899887e+02   2.5746929e-01
   2.0010000e+03   1.5047210e+02   2.2781821e-01
   2.0020000e+03   1.5175326e+02   1.9930808e-01
   2.0030000e+03   1.5297242e+02   1.9778526e-01
   2.0040000e+03   1.5454050e+02   1.9827594e-01
   2.0050000e+03   1.5596357e+02   1.9935453e-01
   2.0060000e+03   1.5738285e+02   1.9961807e-01
   2.0070000e+03   1.5878893e+02   2.2344569e-01
   2.0080000e+03   1.6031100e+02   2.4492033e-01
   2.0090000e+03   1.6196586e+02   2.6871365e-01
   2.0100000e+03   1.6326749e+02   2.9259929e-01
   2.0110000e+03   1.6446904e+02   3.1660229e-01
   2.0120000e+03   1.6572808e+02   3.3594339e-01
   2.0130000e+03   1.6705968e+02   3.5292883e-01
   2.0140000e+03   1.6830694e+02   3.7120187e-01
   2.0150000e+03   1.7034708e+02   3.9740207e-01
   2.0160000e+03   1.7245756e+02   4.1467507e-01
   2.0170000e+03   1.7540192e+02   5.6878568e-01
   2.0180000e+03   1.7780751e+02   5.8072054e-01
   2.0190000e+03   1.8016929e+02   5.9197170e-01
   2.0200000e+03   1.8235806e+02   6.8086268e-01
   2.0210000e+03   1.8404066e+02   6.9011933e-01
   2.0220000e+03   1.8581473e+02   6.9904396e-01
   2.0230000e+03   1.8876997e+02   8.6746179e-01
   2.0240000e+03   1.9100856e+02   8.7844953e-01
   2.0250000e+03   1.9300781e+02   8.8637017e-01
   2.0260000e+03   1.9535568e+02   1.0304678e+00
   2.0270000e+03   1.9733004e+02   1.0410002e+00
   2.0280000e+03   1.9941724e+02   1.0473553e+00
   2.0290000e+03   2.0143695e+02   1.1766122e+00
   2.0300000e+03   2.0340922e+02   1.1821822e+00
   2.0310000e+03   2.0512163e+02   1.1906643e+00
   2.0320000e+03   2.0687550e+02   1.1959575e+00
   2.0330000e+03   2.0872524e+02   1.2095672e+00
   2.0340000e+03   2.1089073e+02   1.2331601e+00
   2.0350000e+03   2.1293128e+02   1.4991908e+00
   2.0360000e+03   2.1493390e+02   1.5055832e+00
   2.0370000e+03   2.1722548e+02   1.5130142e+00
   2.0380000e+03   2.1971574e+02   1.5196848e+00
   2.0390000e+03   2.2145196e+02   1.5244956e+00
   2.0400000e+03   2.2309788e+02   1.5303422e+00
   2.0410000e+03   2.2472572e+02   1.5379527e+00
   2.0420000e+03   2.2666723e+02   1.5445061e+00
   2.0430000e+03   2.2903898e+02   1.5654809e+00
   2.0440000e+03   2.3149536e+02   1.5715831e+00
   2.0450000e+03   2.3389649e+02   1.5964135e+00
   2.0460000e+03   2.3589299e+02   1.6487299e+00
   2.0470000e+03   2.3838224e+02   1.7046766e+00
   2.0480000e+03   2.4116122e+02   1.8441388e+00
   2.0490000e+03   2.4366662e+02   1.9033308e+00
   2.0500000e+03   2.4616197e+02   1.9442675e+00
   2.0510000e+03   2.4894756e+02   2.0086304e+00
   2.0520000e+03   2.5194316e+02   2.0546083e+00
   2.0530000e+03   2.5464225e+02   2.1281397e+00
   2.0540000e+03   2.5682872e+02   2.1595731e+00
   2.0550000e+03   2.5897471e+02   2.2603790e+00
   2.0560000e+03   2.6138547e+02   2.3353362e+00
   2.0570000e+03   2.6398043e+02   2.4612607e+00
   2.0580000e+03   2.6654108e+02   2.5271152e+00
   2.0590000e+03   2.6975418e+02   2.6455581e+00
   2.0600000e+03   2.7220715e+02   2.8050076e+00
   2.0610000e+03   2.7499784e+02   2.9454843e+00
   2.0620000e+03   2.7848253e+02   3.1730910e+00
   2.0630000e+03   2.8186442e+02   3.3793671e+00
   2.0640000e+03   2.8432571e+02   3.4569115e+00
   2.0650000e+03   2.8770063e+02   3.7362305e+00
   2.0660000e+03   2.9082945e+02   3.9577617e+00
   2.0670000e+03   2.9386624e+02   4.1130248e+00
   2.0680000e+03   2.9719475e+02   4.5897996e+00
   2.0690000e+03   3.0042930e+02   4.7338290e+00
   2.0700000e+03   3.0349146e+02   4.9310829e+00
   2.0710000e+03   3.0683878e+02   4.9424411e+00
   2.0720000e+03   3.0964421e+02   4.9437093e+00
   2.0730000e+03   3.1234745e+02   4.9451251e+00
   2.0740000e+03   3.1479670e+02   4.9466056e+00
   2.0750000e+03   3.1722323e+02   4.9480471e+00
   2.0760000e+03   3.1961879e+02   4.9494050e+00
   2.0770000e+03   3.2242824e+02   4.9507895e+00
   2.0780000e+03   3.2513422e+02   4.9521889e+00
   2.0790000e+03   3.2768955e+02   4.9537674e+00
   2.0800000e+03   3.3008086e+02   4.9552069e+00
   2.0810000e+03   3.3209504e+02   4.9566233e+00
   2.0820000e+03   3.3441512e+02   4.9581195e+00
   2.0830000e+03   3.3637581e+02   4.9594056e+00
   2.0840000e+03   3.3876854e+02   4.9607638e+00
   2.0850000e+03   3.4098752e+02   4.9621806e+00
   2.0860000e+03   3.4315086e+02   4.9635132e+00
   2.0870000e+03   3.4525724e+02   4.9647834e+00
   2.0880000e+03   3.4721837e+02   4.9661235e+00
   2.0890000e+03   3.4954199e+02   4.9676894e+00
   2.0900000e+03   3.5157483e+02   4.9690015e+00
   2.0910000e+03   3.5332810e+02   4.9702980e+00
   2.0920000e+03   3.5545870e+02   4.9718257e+00
   2.0930000e+03   3.5778070e+02   4.9732933e+00
   2.0940000e+03   3.6008281e+02   4.9746991e+00
   2.0950000e+03   3.6200225e+02   4.9760458e+00
   2.0960000e+03   3.6396176e+02   4.9774331e+00
   2.0970000e+03   3.6639546e+02   4.9789049e+00
   2.0980000e+03   3.6897981e+02   4.9803719e+00
   2.0990000e+03   3.7196426e+02   4.9819361e+00
   2.1000000e+03   3.7472138e+02   4.9836341e+00
   2.1010000e+03   3.7747417e+02   4.9853523e+00
   2.1020000e+03   3.8017009e+02   4.9870161e+00
   2.1030000e+03   3.8263027e+02   4.9885795e+00
   2.1040000e+03   3.8510707e+02   4.9902267e+00
   2.1050000e+03   3.8773277e+02   4.9916281e+00
   2.1060000e+03   3.9028254e+02   4.9929099e+00
   2.1070000e+03   3.9282487e+02   4.9942009e+00
   2.1080000e+03   3.9523003e+02   4.9954705e+00
   2.1090000e+03   3.9762148e+02   4.9967734e+00
   2.1100000e+03   3.9999189e+02   4.9980872e+00
   2.1110000e+03   4.0234787e+02   4.9994068e+00
   2.1120000e+03   4.0462055e+02   5.0007161e+00
   2.1130000e+03   4.0684301e+02   5.0020726e+00
   2.1140000e+03   4.0918805e+02   5.0034359e+00
   2.1150000e+03   4.1148403e+02   5.0048220e+00
   2.1160000e+03   4.1355598e+02   5.0061706e+00
   2.1170000e+03   4.1573496e+02   5.0075490e+00
   2.1180000e+03   4.1781829e+02   5.0089813e+00
   2.1190000e+03   4.1995461e+02   5.0103858e+00
   2.1200000e+03   4.2199726e+02   5.0118341e+00
   2.1210000e+03   4.2390809e+02   5.0132794e+00
   2.1220000e+03   4.2607062e+02   5.0148093e+00
   2.1230000e+03   4.2810565e+02   5.0163611e+00
   2.1240000e+03   4.3011598e+02   5.0179509e+00
   2.1250000e+03   4.3199666e+02   5.0195515e+00
   2.1260000e+03   4.3388505e+02   5.0212326e+00
   2.1270000e+03   4.3563774e+02   5.0229689e+00
   2.1280000e+03   4.3764734e+02   5.0248147e+00
   2.1290000e+03   4.3963871e+02   5.0267063e+00
   2.1300000e+03   4.4130410e+02   5.0285143e+00
   2.1310000e+03   4.4308868e+02   5.0301102e+00
   2.1320000e+03   4.4493066e+02   5.0319330e+00
   2.1330000e+03   4.4683440e+02   5.0339403e+00
   2.1340000e+03   4.4881285e+02   5.0357918e+00
   2.1350000e+03   4.5046047e+02   5.0376514e+00
   2.1360000e+03   4.5215821e+02   5.0395962e+00
   2.1370000e+03   4.5366978e+02   5.0415600e+00
   2.1380000e+03   4.5535155e+02   5.0436783e+00
   2.1390000e+03   4.5696876e+02   5.0459024e+00
   2.1400000e+03   4.5857168e+02   5.0482289e+00
   2.1410000e+03   4.6016609e+02   5.0507384e+00
   2.1420000e+03   4.6192728e+02   5.0534845e+00
   2.1430000e+03   4.6340802e+02   5.0563544e+00
   2.1440000e+03   4.6483985e+02   5.0592644e+00
   2.1450000e+03   4.6611195e+02   5.0625463e+00
   2.1460000e+03   4.6732819e+02   5.0659541e+00
   2.1470000e+03   4.6865831e+02   5.0684986e+00
   2.1480000e+03   4.6992088e+02   5.0712227e+00
   2.1490000e+03   4.7119477e+02   5.0742679e+00
   2.1500000e+03   4.7229046e+02   5.0786116e+00
   2.1510000e+03   4.7361387e+02   5.0833450e+00
   2.1520000e+03   4.7507972e+02   5.0874380e+00
   2.1530000e+03   4.7641596e+02   5.0896403e+00
   2.1540000e+03   4.7753973e+02   5.0920422e+00
   2.1550000e+03   4.7873987e+02   5.0964970e+00
   2.1560000e+03   4.7985328e+02   5.0994307e+00
   2.1570000e+03   4.8102589e+02   5.1063170e+00
   2.1580000e+03   4.8213118e+02   5.1151497e+00
   2.1590000e+03   4.8330068e+02   5.1161094e+00
   2.1600000e+03   4.8451507e+02   5.1170903e+00
   2.1610000e+03   4.8549724e+02   5.1253545e+00
   2.1620000e+03   4.8667886e+02   5.1292884e+00
   2.1630000e+03   4.8787482e+02   5.1379627e+00
   2.1640000e+03   4.8899559e+02   5.1391911e+00
   2.1650000e+03   4.8987878e+02   5.1400640e+00
   2.1660000e+03   4.9097152e+02   5.1410281e+00
   2.1670000e+03   4.9193483e+02   5.1419192e+00
   2.1680000e+03   4.9288319e+02   5.1428061e+00
   2.1690000e+03   4.9369852e+02   5.1436759e+00
   2.1700000e+03   4.9472280e+02   5.1446489e+00
   2.1710000e+03   4.9572592e+02   5.1483403e+00
   2.1720000e+03   4.9668812e+02   5.1520766e+00
   2.1730000e+03   4.9752060e+02   5.1556613e+00
   2.1740000e+03   4.9831307e+02   5.1591293e+00
   2.1750000e+03   4.9924314e+02   5.1600831e+00
   2.1760000e+03   5.0022263e+02   5.1610561e+00
   2.1770000e+03   5.0104677e+02   5.1620389e+00
   2.1780000e+03   5.0185650e+02   5.1652389e+00
   2.1790000e+03   5.0267379e+02   5.1683921e+00
   2.1800000e+03   5.0360472e+02   5.1715576e+00
   2.1810000e+03   5.0441421e+02   5.1725559e+00
   2.1820000e+03   5.0530394e+02   5.1736416e+00
   2.1830000e+03   5.0609693e+02   5.1746547e+00
   2.1840000e+03   5.0687762e+02   5.1794633e+00
   2.1850000e+03   5.0763713e+02   5.1805882e+00
   2.1860000e+03   5.0857828e+02   5.1816794e+00
   2.1870000e+03   5.0938417e+02   5.1827397e+00
   2.1880000e+03   5.1010405e+02   5.1838086e+00
   2.1890000e+03   5.1082250e+02   5.1866122e+00
   2.1900000e+03   5.1163478e+02   5.1878746e+00
   2.1910000e+03   5.1242075e+02   5.1890422e+00
   2.1920000e+03   5.1324726e+02   5.1917424e+00
   2.1930000e+03   5.1404126e+02   5.1931449e+00
   2.1940000e+03   5.1492299e+02   5.1958058e+00
   2.1950000e+03   5.1572694e+02   5.1998344e+00
   2.1960000e+03   5.1639237e+02   5.2037317e+00
   2.1970000e+03   5.1700765e+02   5.2063097e+00
   2.1980000e+03   5.1767147e+02   5.2076479e+00
   2.1990000e+03   5.1823434e+02   5.2089636e+00
   2.2000000e+03   5.1892780e+02   5.2104223e+00
   2.2010000e+03   5.1971589e+02   5.2119287e+00
   2.2020000e+03   5.2047714e+02   5.2145788e+00
   2.2030000e+03   5.2107501e+02   5.2171867e+00
   2.2040000e+03   5.2164843e+02   5.2184819e+00
   2.2050000e+03   5.2215564e+02   5.2211556e+00
   2.2060000e+03   5.2275720e+02   5.2228578e+00
   2.2070000e+03   5.2330487e+02   5.2262912e+00
   2.2080000e+03   5.2384795e+02   5.2276940e+00
   2.2090000e+03   5.2435994e+02   5.2305123e+00
   2.2100000e+03   5.2485499e+02   5.2329533e+00
   2.2110000e+03   5.2535652e+02   5.2345647e+00
   2.2120000e+03   5.2581220e+02   5.2366042e+00
   2.2130000e+03   5.2637590e+02   5.2388445e+00
   2.2140000e+03   5.2687511e+02   5.2410982e+00
   2.2150000e+03   5.2735780e+02   5.2428977e+00
   2.2160000e+03   5.2788653e+02   5.2447763e+00
   2.2170000e+03   5.2823448e+02   5.2460411e+00
   2.2180000e+03   5.2870251e+02   5.2480818e+00
   2.2190000e+03   5.2918684e+02   5.2509377e+00
   2.2200000e+03   5.2958449e+02   5.2538413e+00
   2.2210000e+03   5.3007070e+02   5.2561117e+00
   2.2220000e+03   5.3052400e+02   5.2584087e+00
   2.2230000e+03   5.3096768e+02   5.2615338e+00
   2.2240000e+03   5.3133591e+02   5.2639632e+00
   2.2250000e+03   5.3180357e+02   5.2665509e+00
   2.2260000e+03   5.3221789e+02   5.2691173e+00
   2.2270000e+03   5.3268021e+02   5.2728584e+00
   2.2280000e+03   5.3319747e+02   5.2762733e+00
   2.2290000e+03   5.3360257e+02   5.2791087e+00
   2.2300000e+03   5.3407071e+02   5.2819983e+00
   2.2310000e+03   5.3450425e+02   5.2850251e+00
   2.2320000e+03   5.3486031e+02   5.2880728e+00
   2.2330000e+03   5.3527170e+02   5.2918167e+00
   2.2340000e+03   5.3572013e+02   5.2958004e+00
   2.2350000e+03   5.3612663e+02   5.2992056e+00
   2.2360000e+03   5.3655138e+02   5.3032837e+00
   2.2370000e+03   5.3700638e+02   5.3079587e+00
   2.2380000e+03   5.3735304e+02   5.3127076e+00
   2.2390000e+03   5.3778502e+02   5.3165314e+00
   2.2400000e+03   5.3812727e+02   5.3213358e+00
   2.2410000e+03   5.3847400e+02   5.3261335e+00
   2.2420000e+03   5.3885513e+02   5.3300424e+00
   2.2430000e+03   5.3919564e+02   5.3340263e+00
   2.2440000e+03   5.3948173e+02   5.3386310e+00
   2.2450000e+03   5.3979756e+02   5.3408312e+00
   2.2460000e+03   5.4017751e+02   5.3448591e+00
   2.2470000e+03   5.4057855e+02   5.3489509e+00
   2.2480000e+03   5.4087878e+02   5.3517285e+00
   2.2490000e+03   5.4125156e+02   5.3559314e+00
   2.2500000e+03   5.4161497e+02   5.3602049e+00
   2.2510000e+03   5.4192866e+02   5.3645293e+00
   2.2520000e+03   5.4220953e+02   5.3693505e+00
   2.2530000e+03   5.4244323e+02   5.3717425e+00
   2.2540000e+03   5.4272205e+02   5.3741826e+00
   2.2550000e+03   5.4297297e+02   5.3786774e+00
   2.2560000e+03   5.4321284e+02   5.3811480e+00
   2.2570000e+03   5.4352398e+02   5.3857412e+00
   2.2580000e+03   5.4380022e+02   5.3882566e+00
   2.2590000e+03   5.4410932e+02   5.3912107e+00
   2.2600000e+03   5.4434566e+02   5.3937520e+00
   2.2610000e+03   5.4452868e+02   5.3941428e+00
   2.2620000e+03   5.4470590e+02   5.3974782e+00
   2.2630000e+03   5.4494257e+02   5.4004392e+00
   2.2640000e+03   5.4513487e+02   5.4030095e+00
   2.2650000e+03   5.4537788e+02   5.4059851e+00
   2.2660000e+03   5.4561992e+02   5.4111683e+00
   2.2670000e+03   5.4585814e+02   5.4159747e+00
   2.2680000e+03   5.4608286e+02   5.4163519e+00
   2.2690000e+03   5.4634774e+02   5.4215590e+00
   2.2700000e+03   5.4659169e+02   5.4219472e+00
   2.2710000e+03   5.4686981e+02   5.4267977e+00
   2.2720000e+03   5.4720937e+02   5.4323718e+00
   2.2730000e+03   5.4743322e+02   5.4375615e+00
   2.2740000e+03   5.4772086e+02   5.4425364e+00
   2.2750000e+03   5.4796721e+02   5.4451537e+00
   2.2760000e+03   5.4820996e+02   5.4481091e+00
   2.2770000e+03   5.4843694e+02   5.4510144e+00
   2.2780000e+03   5.4867158e+02   5.4562096e+00
   2.2790000e+03   5.4890362e+02   5.4591560e+00
   2.2800000e+03   5.4915386e+02   5.4617834e+00
   2.2810000e+03   5.4942396e+02   5.4651201e+00
   2.2820000e+03   5.4966520e+02   5.4665679e+00
   2.2830000e+03   5.4988537e+02   5.4694862e+00
   2.2840000e+03   5.5011747e+02   5.4743683e+00
   2.2850000e+03   5.5037071e+02   5.4791855e+00
   2.2860000e+03   5.5061632e+02   5.4845712e+00
   2.2870000e+03   5.5093299e+02   5.4897924e+00
   2.2880000e+03   5.5121153e+02   5.4951673e+00
   2.2890000e+03   5.5141263e+02   5.4999428e+00
   2.2900000e+03   5.5168472e+02   5.5050129e+00
   2.2910000e+03   5.5191133e+02   5.5097671e+00
   2.2920000e+03   5.5216497e+02   5.5145211e+00
   2.2930000e+03   5.5236435e+02   5.5173388e+00
   2.2940000e+03   5.5258506e+02   5.5223424e+00
   2.2950000e+03   5.5277679e+02   5.5248650e+00
   2.2960000e+03   5.5296892e+02   5.5273896e+00
   2.2970000e+03   5.5311668e+02   5.5277111e+00
   2.2980000e+03   5.5326923e+02   5.5280373e+00
   2.2990000e+03   5.5349969e+02   5.5329679e+00
   2.3000000e+03             NaN             NaN
