   1.8500000e+03             NaN             NaN
   1.8510000e+03   8.7830239e-01   4.3833541e+00
   1.8520000e+03   3.0670208e+00   4.3436636e+00
   1.8530000e+03   4.8958641e+00   4.2827897e+00
   1.8540000e+03   6.6515343e+00   4.2028149e+00
   1.8550000e+03   7.9254181e+00   4.1361598e+00
   1.8560000e+03   8.6881648e+00   4.0812828e+00
   1.8570000e+03   1.0063381e+01   4.0450236e+00
   1.8580000e+03   1.0786905e+01   4.0085536e+00
   1.8590000e+03   1.0923298e+01   3.9509441e+00
   1.8600000e+03   1.1836999e+01   3.9162977e+00
   1.8610000e+03   1.2585418e+01   3.8810891e+00
   1.8620000e+03   1.4034101e+01   3.8453965e+00
   1.8630000e+03   1.5295700e+01   3.8078736e+00
   1.8640000e+03   1.6106361e+01   3.7694605e+00
   1.8650000e+03   1.8152261e+01   3.7326659e+00
   1.8660000e+03   1.8911888e+01   3.6709126e+00
   1.8670000e+03   1.9507821e+01   3.6338548e+00
   1.8680000e+03   2.0368914e+01   3.5947288e+00
   1.8690000e+03   2.1172333e+01   3.5537812e+00
   1.8700000e+03   2.2201736e+01   3.5166952e+00
   1.8710000e+03   2.5009066e+01   3.4529879e+00
   1.8720000e+03   2.5697502e+01   3.3092724e+00
   1.8730000e+03   2.6448824e+01   3.2671176e+00
   1.8740000e+03   2.7739938e+01   3.2272105e+00
   1.8750000e+03   2.9264285e+01   3.1850883e+00
   1.8760000e+03   3.0145019e+01   3.1155719e+00
   1.8770000e+03   3.0454265e+01   3.0516440e+00
   1.8780000e+03   3.0974484e+01   3.0138610e+00
   1.8790000e+03   3.1550178e+01   2.9734329e+00
   1.8800000e+03   3.2909313e+01   2.9089995e+00
   1.8810000e+03   3.4800253e+01   2.8660887e+00
   1.8820000e+03   3.5227445e+01   2.8241931e+00
   1.8830000e+03   3.5504532e+01   2.8211531e+00
   1.8840000e+03   3.6229382e+01   2.7790949e+00
   1.8850000e+03   3.6712311e+01   2.7155459e+00
   1.8860000e+03   3.7862742e+01   2.7131253e+00
   1.8870000e+03   3.9427419e+01   2.6499400e+00
   1.8880000e+03   3.9742809e+01   2.5879225e+00
   1.8890000e+03   3.9815119e+01   2.5499928e+00
   1.8900000e+03   4.0677421e+01   2.5151804e+00
   1.8910000e+03   4.1499185e+01   2.4774306e+00
   1.8920000e+03   4.2169166e+01   2.4386018e+00
   1.8930000e+03   4.2307394e+01   2.4038528e+00
   1.8940000e+03   4.3444776e+01   2.3677149e+00
   1.8950000e+03   4.3898854e+01   2.3300536e+00
   1.8960000e+03   4.4272120e+01   2.2941949e+00
   1.8970000e+03   4.4908460e+01   2.2611428e+00
   1.8980000e+03   4.5375992e+01   2.2284402e+00
   1.8990000e+03   4.5968589e+01   2.1935777e+00
   1.9000000e+03   4.7102519e+01   2.1361418e+00
   1.9010000e+03   4.8052012e+01   2.1042809e+00
   1.9020000e+03   4.8691673e+01   2.0729340e+00
   1.9030000e+03   4.9702160e+01   2.0433061e+00
   1.9040000e+03   5.1522653e+01   2.0136729e+00
   1.9050000e+03   5.2116363e+01   1.9562071e+00
   1.9060000e+03   5.2568475e+01   1.9279371e+00
   1.9070000e+03   5.4710815e+01   1.9017871e+00
   1.9080000e+03   5.6762365e+01   1.8218819e+00
   1.9090000e+03   5.7844110e+01   1.7684367e+00
   1.9100000e+03   5.9498740e+01   1.7419063e+00
   1.9110000e+03   6.0220425e+01   1.6902041e+00
   1.9120000e+03   6.1334009e+01   1.6677391e+00
   1.9130000e+03   6.1829929e+01   1.5926604e+00
   1.9140000e+03   6.3430022e+01   1.5704006e+00
   1.9150000e+03   6.3510063e+01   1.5238604e+00
   1.9160000e+03   6.4121081e+01   1.5035218e+00
   1.9170000e+03   6.4775151e+01   1.4597284e+00
   1.9180000e+03   6.5488208e+01   1.4187432e+00
   1.9190000e+03   6.6433594e+01   1.3988249e+00
   1.9200000e+03   6.7407303e+01   1.3786762e+00
   1.9210000e+03   6.8119972e+01   1.3521986e+00
   1.9220000e+03   6.9839134e+01   1.3355703e+00
   1.9230000e+03   7.0641036e+01   1.3070950e+00
   1.9240000e+03   7.1301492e+01   1.2746963e+00
   1.9250000e+03   7.1518336e+01   1.2450816e+00
   1.9260000e+03   7.2696725e+01   1.2393812e+00
   1.9270000e+03   7.3563252e+01   1.2189508e+00
   1.9280000e+03   7.3997879e+01   1.2051180e+00
   1.9290000e+03   7.5549245e+01   1.1893739e+00
   1.9300000e+03   7.6377498e+01   1.1642878e+00
   1.9310000e+03   7.7537954e+01   1.1564650e+00
   1.9320000e+03   7.8582817e+01   1.1492783e+00
   1.9330000e+03   7.9137209e+01   1.1427525e+00
   1.9340000e+03   7.9888093e+01   1.1331902e+00
   1.9350000e+03   8.0005768e+01   1.1224986e+00
   1.9360000e+03   8.0675531e+01   1.1119781e+00
   1.9370000e+03   8.1648632e+01   1.1016363e+00
   1.9380000e+03   8.2495113e+01   1.0900342e+00
   1.9390000e+03   8.3360674e+01   1.0823586e+00
   1.9400000e+03   8.4362870e+01   1.0755836e+00
   1.9410000e+03   8.4873330e+01   1.0653723e+00
   1.9420000e+03   8.4865582e+01   1.0595281e+00
   1.9430000e+03   8.6414444e+01   1.0383040e+00
   1.9440000e+03   8.7432040e+01   1.0312821e+00
   1.9450000e+03   8.8366225e+01   1.0251704e+00
   1.9460000e+03   8.9483652e+01   1.0016674e+00
   1.9470000e+03   8.9816393e+01   9.9610085e-01
   1.9480000e+03   9.0714824e+01   9.7070099e-01
   1.9490000e+03   9.2786446e+01   9.6392180e-01
   1.9500000e+03   9.4096448e+01   9.5669790e-01
   1.9510000e+03   9.5864090e+01   9.2970048e-01
   1.9520000e+03   9.6520628e+01   9.2027738e-01
   1.9530000e+03   9.7254085e+01   9.1341208e-01
   1.9540000e+03   9.7980761e+01   9.0607509e-01
   1.9550000e+03   9.8292564e+01   8.8206349e-01
   1.9560000e+03   9.9237927e+01   8.7473728e-01
   1.9570000e+03   9.9454254e+01   8.6754269e-01
   1.9580000e+03   1.0048485e+02   8.6027233e-01
   1.9590000e+03   1.0143132e+02   8.5296389e-01
   1.9600000e+03   1.0189085e+02   8.4551605e-01
   1.9610000e+03   1.0266122e+02   8.3831656e-01
   1.9620000e+03   1.0334208e+02   8.3034758e-01
   1.9630000e+03   1.0384028e+02   8.2285410e-01
   1.9640000e+03   1.0464465e+02   8.1521108e-01
   1.9650000e+03   1.0505069e+02   8.0795157e-01
   1.9660000e+03   1.0503304e+02   8.0024797e-01
   1.9670000e+03   1.0598998e+02   7.9249891e-01
   1.9680000e+03   1.0696065e+02   7.8463461e-01
   1.9690000e+03   1.0771014e+02   7.7643380e-01
   1.9700000e+03   1.0839031e+02   7.6829524e-01
   1.9710000e+03   1.0954408e+02   7.6020274e-01
   1.9720000e+03   1.1041874e+02   7.5181821e-01
   1.9730000e+03   1.1067474e+02   6.9677007e-01
   1.9740000e+03   1.1144224e+02   6.8754742e-01
   1.9750000e+03   1.1266235e+02   6.5541903e-01
   1.9760000e+03   1.1304903e+02   6.4592100e-01
   1.9770000e+03   1.1400336e+02   6.3607626e-01
   1.9780000e+03   1.1489564e+02   5.7831123e-01
   1.9790000e+03   1.1542630e+02   5.6703171e-01
   1.9800000e+03   1.1565669e+02   5.5595130e-01
   1.9810000e+03   1.1600318e+02   5.4472171e-01
   1.9820000e+03   1.1633706e+02   5.3333822e-01
   1.9830000e+03   1.1680170e+02   5.2170943e-01
   1.9840000e+03   1.1737548e+02   5.0977674e-01
   1.9850000e+03   1.1825356e+02   4.9754944e-01
   1.9860000e+03   1.1862056e+02   4.8494672e-01
   1.9870000e+03   1.1974930e+02   4.7218642e-01
   1.9880000e+03   1.2037514e+02   4.5895672e-01
   1.9890000e+03   1.2121113e+02   4.4527676e-01
   1.9900000e+03   1.2228331e+02   4.3124237e-01
   1.9910000e+03   1.2285646e+02   4.1598063e-01
   1.9920000e+03   1.2347693e+02   4.0093943e-01
   1.9930000e+03   1.2442785e+02   3.8532770e-01
   1.9940000e+03   1.2482414e+02   3.6982197e-01
   1.9950000e+03   1.2551350e+02   3.5185691e-01
   1.9960000e+03   1.2593669e+02   3.3394501e-01
   1.9970000e+03   1.2647053e+02   3.2128761e-01
   1.9980000e+03   1.2755668e+02   3.0045578e-01
   1.9990000e+03   1.2867443e+02   2.7754455e-01
   2.0000000e+03   1.2997322e+02   2.5438623e-01
   2.0010000e+03   1.3329611e+02   2.2900290e-01
   2.0020000e+03   1.3448419e+02   1.9601865e-01
   2.0030000e+03   1.3608057e+02   1.9650930e-01
   2.0040000e+03   1.3712396e+02   1.9751048e-01
   2.0050000e+03   1.3834596e+02   1.9850606e-01
   2.0060000e+03   1.3923222e+02   1.9962860e-01
   2.0070000e+03   1.4038579e+02   2.2340140e-01
   2.0080000e+03   1.4205031e+02   2.4483672e-01
   2.0090000e+03   1.4359252e+02   2.6849371e-01
   2.0100000e+03   1.4437346e+02   2.9035155e-01
   2.0110000e+03   1.4651809e+02   3.1075876e-01
   2.0120000e+03   1.4762869e+02   3.2982621e-01
   2.0130000e+03   1.4889713e+02   3.4784861e-01
   2.0140000e+03   1.5052499e+02   3.6248506e-01
   2.0150000e+03   1.5183315e+02   3.7905599e-01
   2.0160000e+03   1.5319403e+02   3.9480775e-01
   2.0170000e+03   1.5464441e+02   4.0995480e-01
   2.0180000e+03   1.5638695e+02   4.2461549e-01
   2.0190000e+03   1.5861805e+02   4.3882386e-01
   2.0200000e+03   1.6070497e+02   4.5252601e-01
   2.0210000e+03   1.6244767e+02   4.6587815e-01
   2.0220000e+03   1.6448021e+02   4.7878105e-01
   2.0230000e+03   1.6693864e+02   4.9138351e-01
   2.0240000e+03   1.6932170e+02   5.0419731e-01
   2.0250000e+03   1.7147308e+02   5.1664847e-01
   2.0260000e+03   1.7354708e+02   5.2867349e-01
   2.0270000e+03   1.7581491e+02   5.4021344e-01
   2.0280000e+03   1.7813128e+02   5.5148625e-01
   2.0290000e+03   1.8028145e+02   5.6247891e-01
   2.0300000e+03   1.8149324e+02   5.7315300e-01
   2.0310000e+03   1.8327278e+02   5.8367819e-01
   2.0320000e+03   1.8516745e+02   5.9401590e-01
   2.0330000e+03   1.8791891e+02   6.0667360e-01
   2.0340000e+03   1.9016049e+02   6.1674720e-01
   2.0350000e+03   1.9232006e+02   6.2768161e-01
   2.0360000e+03   1.9481180e+02   6.3922082e-01
   2.0370000e+03   1.9683522e+02   6.4866906e-01
   2.0380000e+03   1.9913344e+02   6.5835761e-01
   2.0390000e+03   2.0133888e+02   6.6767427e-01
   2.0400000e+03   2.0319043e+02   6.7681095e-01
   2.0410000e+03   2.0403077e+02   6.8571466e-01
   2.0420000e+03   2.0575504e+02   6.9461285e-01
   2.0430000e+03   2.0753680e+02   7.0340205e-01
   2.0440000e+03   2.0963516e+02   7.1258940e-01
   2.0450000e+03   2.1137537e+02   7.2114845e-01
   2.0460000e+03   2.1336578e+02   7.3124018e-01
   2.0470000e+03   2.1604367e+02   7.4398217e-01
   2.0480000e+03   2.1790620e+02   7.5233801e-01
   2.0490000e+03   2.1932758e+02   7.6047991e-01
   2.0500000e+03   2.2128419e+02   7.7192054e-01
   2.0510000e+03   2.2340396e+02   7.7995823e-01
   2.0520000e+03   2.2513509e+02   7.8776964e-01
   2.0530000e+03   2.2689331e+02   7.9545910e-01
   2.0540000e+03   2.2859574e+02   8.0373309e-01
   2.0550000e+03   2.2989948e+02   8.1126427e-01
   2.0560000e+03   2.3157459e+02   8.1886979e-01
   2.0570000e+03   2.3341489e+02   8.2624985e-01
   2.0580000e+03   2.3452302e+02   8.3387614e-01
   2.0590000e+03   2.3623958e+02   8.4120057e-01
   2.0600000e+03   2.3777191e+02   8.4880779e-01
   2.0610000e+03   2.3892465e+02   8.5629674e-01
   2.0620000e+03   2.4042349e+02   8.6368535e-01
   2.0630000e+03   2.4189175e+02   8.7088128e-01
   2.0640000e+03   2.4322278e+02   8.7789231e-01
   2.0650000e+03   2.4474713e+02   8.8533793e-01
   2.0660000e+03   2.4706604e+02   8.9695140e-01
   2.0670000e+03   2.4871448e+02   9.0436902e-01
   2.0680000e+03   2.4997219e+02   9.1115046e-01
   2.0690000e+03   2.5152572e+02   9.1817042e-01
   2.0700000e+03   2.5298796e+02   9.2516856e-01
   2.0710000e+03   2.5481861e+02   9.3266067e-01
   2.0720000e+03   2.5634990e+02   9.3913521e-01
   2.0730000e+03   2.5795551e+02   9.4591717e-01
   2.0740000e+03   2.5911871e+02   9.5289451e-01
   2.0750000e+03   2.6019137e+02   9.5975084e-01
   2.0760000e+03   2.6153682e+02   9.6618130e-01
   2.0770000e+03   2.6245329e+02   9.7267943e-01
   2.0780000e+03   2.6383789e+02   9.7952030e-01
   2.0790000e+03   2.6525372e+02   9.8616644e-01
   2.0800000e+03   2.6630946e+02   9.9245760e-01
   2.0810000e+03   2.6700794e+02   9.9672248e-01
   2.0820000e+03   2.6837383e+02   1.0030758e+00
   2.0830000e+03   2.7006704e+02   1.0100459e+00
   2.0840000e+03   2.7127715e+02   1.0161993e+00
   2.0850000e+03   2.7234337e+02   1.0224480e+00
   2.0860000e+03   2.7329470e+02   1.0287730e+00
   2.0870000e+03   2.7463303e+02   1.0351193e+00
   2.0880000e+03   2.7538340e+02   1.0409111e+00
   2.0890000e+03   2.7633614e+02   1.0467542e+00
   2.0900000e+03   2.7731227e+02   1.0532696e+00
   2.0910000e+03   2.7830993e+02   1.0596081e+00
   2.0920000e+03   2.7962673e+02   1.0654970e+00
   2.0930000e+03   2.8078041e+02   1.0716101e+00
   2.0940000e+03   2.8208172e+02   1.0775876e+00
   2.0950000e+03   2.8306018e+02   1.0832041e+00
   2.0960000e+03   2.8417910e+02   1.0893333e+00
   2.0970000e+03   2.8567381e+02   1.0956353e+00
   2.0980000e+03   2.8655659e+02   1.1014142e+00
   2.0990000e+03   2.8745878e+02   1.1072108e+00
   2.1000000e+03   2.8850419e+02   1.1134164e+00
   2.1010000e+03   2.8923782e+02   1.1193540e+00
   2.1020000e+03   2.9035685e+02   1.1249722e+00
   2.1030000e+03   2.9104653e+02   1.1302612e+00
   2.1040000e+03   2.9200677e+02   1.1374402e+00
   2.1050000e+03   2.9275446e+02   1.1431481e+00
   2.1060000e+03   2.9357688e+02   1.1502293e+00
   2.1070000e+03   2.9437363e+02   1.1561347e+00
   2.1080000e+03   2.9537080e+02   1.1625460e+00
   2.1090000e+03   2.9607347e+02   1.1689715e+00
   2.1100000e+03   2.9691546e+02   1.1747988e+00
   2.1110000e+03   2.9794394e+02   1.1807053e+00
   2.1120000e+03   2.9887284e+02   1.1868832e+00
   2.1130000e+03   2.9972385e+02   1.1929059e+00
   2.1140000e+03   3.0035665e+02   1.1979869e+00
   2.1150000e+03   3.0145890e+02   1.2044309e+00
   2.1160000e+03   3.0205220e+02   1.2101800e+00
   2.1170000e+03   3.0249483e+02   1.2152498e+00
   2.1180000e+03   3.0346805e+02   1.2217696e+00
   2.1190000e+03   3.0435321e+02   1.2298665e+00
   2.1200000e+03   3.0531168e+02   1.2350597e+00
   2.1210000e+03   3.0576465e+02   1.2414624e+00
   2.1220000e+03   3.0661187e+02   1.2467845e+00
   2.1230000e+03   3.0763766e+02   1.2527311e+00
   2.1240000e+03   3.0902276e+02   1.2648420e+00
   2.1250000e+03   3.0967821e+02   1.2701270e+00
   2.1260000e+03   3.1008831e+02   1.2751952e+00
   2.1270000e+03   3.1092051e+02   1.2829762e+00
   2.1280000e+03   3.1208414e+02   1.2939097e+00
   2.1290000e+03   3.1287295e+02   1.2990489e+00
   2.1300000e+03   3.1423902e+02   1.3099442e+00
   2.1310000e+03   3.1519798e+02   1.3151735e+00
   2.1320000e+03   3.1578742e+02   1.3200247e+00
   2.1330000e+03   3.1659467e+02   1.3247703e+00
   2.1340000e+03   3.1728937e+02   1.3298474e+00
   2.1350000e+03   3.1803512e+02   1.3351988e+00
   2.1360000e+03   3.1856720e+02   1.3400107e+00
   2.1370000e+03   3.1942574e+02   1.3461025e+00
   2.1380000e+03   3.2017227e+02   1.3505544e+00
   2.1390000e+03   3.2062219e+02   1.3552995e+00
   2.1400000e+03   3.2115618e+02   1.3603269e+00
   2.1410000e+03   3.2161348e+02   1.3647589e+00
   2.1420000e+03   3.2239845e+02   1.3700063e+00
   2.1430000e+03   3.2322362e+02   1.3753479e+00
   2.1440000e+03   3.2395341e+02   1.3956117e+00
   2.1450000e+03   3.2487746e+02   1.4047997e+00
   2.1460000e+03   3.2520335e+02   1.4088310e+00
   2.1470000e+03   3.2606368e+02   1.4136522e+00
   2.1480000e+03   3.2665963e+02   1.4170700e+00
   2.1490000e+03   3.2725185e+02   1.4216443e+00
   2.1500000e+03   3.2799979e+02   1.4258574e+00
   2.1510000e+03   3.2864423e+02   1.4306852e+00
   2.1520000e+03   3.2950612e+02   1.4353951e+00
   2.1530000e+03   3.3033189e+02   1.4402799e+00
   2.1540000e+03   3.3127896e+02   1.4446055e+00
   2.1550000e+03   3.3192584e+02   1.4493684e+00
   2.1560000e+03   3.3233771e+02   1.4540603e+00
   2.1570000e+03   3.3266569e+02   1.4579591e+00
   2.1580000e+03   3.3380086e+02   1.4731352e+00
   2.1590000e+03   3.3424735e+02   1.4769210e+00
   2.1600000e+03   3.3478034e+02   1.4811549e+00
   2.1610000e+03   3.3545374e+02   1.4854381e+00
   2.1620000e+03   3.3603111e+02   1.4894631e+00
   2.1630000e+03   3.3670328e+02   1.4999877e+00
   2.1640000e+03   3.3731708e+02   1.5091563e+00
   2.1650000e+03   3.3758450e+02   1.5144614e+00
   2.1660000e+03   3.3826797e+02   1.5267457e+00
   2.1670000e+03   3.3896712e+02   1.5325090e+00
   2.1680000e+03   3.3957449e+02   1.5366660e+00
   2.1690000e+03   3.4001120e+02   1.5403911e+00
   2.1700000e+03   3.4034297e+02   1.5441488e+00
   2.1710000e+03   3.4066946e+02   1.5478546e+00
   2.1720000e+03   3.4126894e+02   1.5652246e+00
   2.1730000e+03   3.4193914e+02   1.5688713e+00
   2.1740000e+03   3.4261735e+02   1.5790098e+00
   2.1750000e+03   3.4291554e+02   1.5827420e+00
   2.1760000e+03   3.4349978e+02   1.5865603e+00
   2.1770000e+03   3.4408038e+02   1.5905941e+00
   2.1780000e+03   3.4497355e+02   1.6078993e+00
   2.1790000e+03   3.4594795e+02   1.6244664e+00
   2.1800000e+03   3.4676081e+02   1.6279953e+00
   2.1810000e+03   3.4699633e+02   1.6314544e+00
   2.1820000e+03   3.4751872e+02   1.6349858e+00
   2.1830000e+03   3.4800723e+02   1.6386399e+00
   2.1840000e+03   3.4839780e+02   1.6420868e+00
   2.1850000e+03   3.4888293e+02   1.6539541e+00
   2.1860000e+03   3.4955264e+02   1.6584607e+00
   2.1870000e+03   3.4981175e+02   1.6621072e+00
   2.1880000e+03   3.5021703e+02   1.6657069e+00
   2.1890000e+03   3.5066156e+02   1.6693482e+00
   2.1900000e+03   3.5100784e+02   1.6727796e+00
   2.1910000e+03   3.5132668e+02   1.6762108e+00
   2.1920000e+03   3.5195252e+02   1.6807281e+00
   2.1930000e+03   3.5245673e+02   1.6852170e+00
   2.1940000e+03   3.5293631e+02   1.6886242e+00
   2.1950000e+03   3.5318276e+02   1.6919846e+00
   2.1960000e+03   3.5376734e+02   1.6953097e+00
   2.1970000e+03   3.5385334e+02   1.6985549e+00
   2.1980000e+03   3.5404749e+02   1.7018047e+00
   2.1990000e+03   3.5466758e+02   1.7066262e+00
   2.2000000e+03   3.5496823e+02   1.7098887e+00
   2.2010000e+03   3.5549570e+02   1.7138765e+00
   2.2020000e+03   3.5611854e+02   1.7321947e+00
   2.2030000e+03   3.5708045e+02   1.7507940e+00
   2.2040000e+03   3.5758005e+02   1.7548221e+00
   2.2050000e+03   3.5818917e+02   1.7597752e+00
   2.2060000e+03   3.5862508e+02   1.7639138e+00
   2.2070000e+03   3.5879223e+02   1.7670686e+00
   2.2080000e+03   3.5904081e+02   1.7710734e+00
   2.2090000e+03   3.5977769e+02   1.7767733e+00
   2.2100000e+03   3.6001933e+02   1.7808072e+00
   2.2110000e+03   3.6046561e+02   1.7839584e+00
   2.2120000e+03   3.6082624e+02   1.7879311e+00
   2.2130000e+03   3.6100798e+02   1.7910212e+00
   2.2140000e+03   3.6099191e+02   1.7941340e+00
   2.2150000e+03   3.6105882e+02   1.7972040e+00
   2.2160000e+03   3.6130895e+02   1.8003641e+00
   2.2170000e+03   3.6147117e+02   1.8035265e+00
   2.2180000e+03   3.6162021e+02   1.8075353e+00
   2.2190000e+03   3.6204991e+02   1.8105806e+00
   2.2200000e+03   3.6227050e+02   1.8136077e+00
   2.2210000e+03   3.6257516e+02   1.8166272e+00
   2.2220000e+03   3.6284438e+02   1.8206273e+00
   2.2230000e+03   3.6334398e+02   1.8256695e+00
   2.2240000e+03   3.6338331e+02   1.8282599e+00
   2.2250000e+03   3.6357635e+02   1.8312534e+00
   2.2260000e+03   3.6388009e+02   1.8342768e+00
   2.2270000e+03   3.6427731e+02   1.8372554e+00
   2.2280000e+03   3.6428473e+02   1.8402426e+00
   2.2290000e+03   3.6450527e+02   1.8432162e+00
   2.2300000e+03   3.6452793e+02   1.8461941e+00
   2.2310000e+03   3.6477851e+02   1.8491550e+00
   2.2320000e+03   3.6514273e+02   1.8518969e+00
   2.2330000e+03   3.6526740e+02   1.8548421e+00
   2.2340000e+03   3.6540942e+02   1.8577666e+00
   2.2350000e+03   3.6558963e+02   1.8606898e+00
   2.2360000e+03   3.6542862e+02   1.8635848e+00
   2.2370000e+03   3.6546100e+02   1.8665293e+00
   2.2380000e+03   3.6552851e+02   1.8694125e+00
   2.2390000e+03   3.6554084e+02   1.8719815e+00
   2.2400000e+03   3.6561338e+02   1.8748691e+00
   2.2410000e+03   3.6590001e+02   1.8777694e+00
   2.2420000e+03   3.6604801e+02   1.8806769e+00
   2.2430000e+03   3.6628966e+02   1.8835325e+00
   2.2440000e+03   3.6646828e+02   1.8864425e+00
   2.2450000e+03   3.6658512e+02   1.8893471e+00
   2.2460000e+03   3.6686845e+02   1.8922508e+00
   2.2470000e+03   3.6724004e+02   1.8951588e+00
   2.2480000e+03   3.6748181e+02   1.8980344e+00
   2.2490000e+03   3.6753920e+02   1.9009427e+00
   2.2500000e+03   3.6776338e+02   1.9038280e+00
   2.2510000e+03   3.6801946e+02   1.9068276e+00
   2.2520000e+03   3.6834118e+02   1.9097696e+00
   2.2530000e+03   3.6854537e+02   1.9126117e+00
   2.2540000e+03   3.6884402e+02   1.9170581e+00
   2.2550000e+03   3.6902190e+02   1.9199262e+00
   2.2560000e+03   3.6929127e+02   1.9244865e+00
   2.2570000e+03   3.6929806e+02   1.9273018e+00
   2.2580000e+03   3.6937998e+02   1.9301187e+00
   2.2590000e+03   3.6970883e+02   1.9329339e+00
   2.2600000e+03   3.6988030e+02   1.9357211e+00
   2.2610000e+03   3.6996394e+02   1.9385339e+00
   2.2620000e+03   3.6989906e+02   1.9413662e+00
   2.2630000e+03   3.7009657e+02   1.9439234e+00
   2.2640000e+03   3.6985346e+02   1.9466649e+00
   2.2650000e+03   3.6985449e+02   1.9494611e+00
   2.2660000e+03   3.7011282e+02   1.9522995e+00
   2.2670000e+03   3.7040866e+02   1.9568060e+00
   2.2680000e+03   3.7057399e+02   1.9595714e+00
   2.2690000e+03   3.7053206e+02   1.9623106e+00
   2.2700000e+03   3.7048802e+02   1.9650520e+00
   2.2710000e+03   3.7070785e+02   1.9678534e+00
   2.2720000e+03   3.7079609e+02   1.9706228e+00
   2.2730000e+03   3.7087591e+02   1.9733484e+00
   2.2740000e+03   3.7091739e+02   1.9760822e+00
   2.2750000e+03   3.7089767e+02   1.9788221e+00
   2.2760000e+03   3.7123935e+02   1.9815665e+00
   2.2770000e+03   3.7112377e+02   1.9843511e+00
   2.2780000e+03   3.7115610e+02   1.9870596e+00
   2.2790000e+03   3.7087875e+02   1.9907367e+00
   2.2800000e+03   3.7066806e+02   1.9934229e+00
   2.2810000e+03   3.7076555e+02   1.9961393e+00
   2.2820000e+03   3.7096227e+02   2.0008455e+00
   2.2830000e+03   3.7148521e+02   2.0046966e+00
   2.2840000e+03   3.7178044e+02   2.0074261e+00
   2.2850000e+03   3.7169146e+02   2.0101173e+00
   2.2860000e+03   3.7163850e+02   2.0128228e+00
   2.2870000e+03   3.7159048e+02   2.0155472e+00
   2.2880000e+03   3.7154582e+02   2.0195773e+00
   2.2890000e+03   3.7173365e+02   2.0222886e+00
   2.2900000e+03   3.7200360e+02   2.0250097e+00
   2.2910000e+03   3.7212559e+02   2.0276934e+00
   2.2920000e+03   3.7226932e+02   2.0303968e+00
   2.2930000e+03   3.7219338e+02   2.0331047e+00
   2.2940000e+03   3.7234358e+02   2.0358465e+00
   2.2950000e+03   3.7256006e+02   2.0398953e+00
   2.2960000e+03   3.7256014e+02   2.0430177e+00
   2.2970000e+03   3.7251955e+02   2.0478397e+00
   2.2980000e+03   3.7254255e+02   2.0505450e+00
   2.2990000e+03   3.7272950e+02   2.0531776e+00
   2.3000000e+03   3.7276261e+02   2.0558462e+00
