   1.8500000e+03             NaN             NaN
   1.8510000e+03   1.1004557e+00   3.3761639e+00
   1.8520000e+03   2.7987592e+00   3.3499581e+00
   1.8530000e+03   4.5491343e+00   3.3215138e+00
   1.8540000e+03   6.0374977e+00   3.2950440e+00
   1.8550000e+03   7.5512989e+00   3.2564051e+00
   1.8560000e+03   8.7286130e+00   3.2529331e+00
   1.8570000e+03   9.3264266e+00   3.2263360e+00
   1.8580000e+03   1.0029410e+01   3.2004966e+00
   1.8590000e+03   1.1479838e+01   3.1740192e+00
   1.8600000e+03   1.3510755e+01   3.1457838e+00
   1.8610000e+03   1.4698278e+01   3.0407213e+00
   1.8620000e+03   1.6681180e+01   3.0122543e+00
   1.8630000e+03   1.7928098e+01   2.9823686e+00
   1.8640000e+03   2.0913691e+01   2.9518536e+00
   1.8650000e+03   2.2540678e+01   2.8250201e+00
   1.8660000e+03   2.4012021e+01   2.7938853e+00
   1.8670000e+03   2.4791506e+01   2.7639182e+00
   1.8680000e+03   2.5833757e+01   2.7613215e+00
   1.8690000e+03   2.7253893e+01   2.7317566e+00
   1.8700000e+03   2.8403061e+01   2.7003267e+00
   1.8710000e+03   2.9384071e+01   2.6698514e+00
   1.8720000e+03   3.0234932e+01   2.6403265e+00
   1.8730000e+03   3.1085408e+01   2.6107100e+00
   1.8740000e+03   3.2463406e+01   2.5811583e+00
   1.8750000e+03   3.3667651e+01   2.5461220e+00
   1.8760000e+03   3.4665200e+01   2.5107841e+00
   1.8770000e+03   3.6392364e+01   2.4811609e+00
   1.8780000e+03   3.8733888e+01   2.4188979e+00
   1.8790000e+03   4.0134015e+01   2.3503562e+00
   1.8800000e+03   4.1183429e+01   2.3199047e+00
   1.8810000e+03   4.2600338e+01   2.2894309e+00
   1.8820000e+03   4.3784521e+01   2.2575570e+00
   1.8830000e+03   4.5157999e+01   2.2269541e+00
   1.8840000e+03   4.5722254e+01   2.1958438e+00
   1.8850000e+03   4.5670765e+01   2.1655891e+00
   1.8860000e+03   4.6522220e+01   2.1367074e+00
   1.8870000e+03   4.7382507e+01   2.1066682e+00
   1.8880000e+03   4.8166202e+01   2.0766785e+00
   1.8890000e+03   4.9655942e+01   2.0733869e+00
   1.8900000e+03   5.1155988e+01   2.0134086e+00
   1.8910000e+03   5.2164214e+01   1.9534967e+00
   1.8920000e+03   5.4043144e+01   1.9192176e+00
   1.8930000e+03   5.5070185e+01   1.8554187e+00
   1.8940000e+03   5.7894683e+01   1.8513426e+00
   1.8950000e+03   5.9074567e+01   1.7697439e+00
   1.8960000e+03   6.0156511e+01   1.7126347e+00
   1.8970000e+03   6.0912882e+01   1.6823668e+00
   1.8980000e+03   6.2014395e+01   1.6514681e+00
   1.8990000e+03   6.3298708e+01   1.6211089e+00
   1.9000000e+03   6.5189537e+01   1.5915785e+00
   1.9010000e+03   6.5961763e+01   1.5288307e+00
   1.9020000e+03   6.7012453e+01   1.5006701e+00
   1.9030000e+03   6.7618976e+01   1.4710890e+00
   1.9040000e+03   6.8539103e+01   1.4648357e+00
   1.9050000e+03   7.0048930e+01   1.4372406e+00
   1.9060000e+03   7.1171911e+01   1.4120052e+00
   1.9070000e+03   7.1832246e+01   1.3877002e+00
   1.9080000e+03   7.2334492e+01   1.3828995e+00
   1.9090000e+03   7.2869231e+01   1.3766904e+00
   1.9100000e+03   7.3680574e+01   1.3549352e+00
   1.9110000e+03   7.4416880e+01   1.3498815e+00
   1.9120000e+03   7.5287931e+01   1.3289644e+00
   1.9130000e+03   7.6001177e+01   1.3239885e+00
   1.9140000e+03   7.6844624e+01   1.3188030e+00
   1.9150000e+03   7.7498990e+01   1.2991659e+00
   1.9160000e+03   7.8494317e+01   1.2812270e+00
   1.9170000e+03   7.9303565e+01   1.2620293e+00
   1.9180000e+03   8.0202557e+01   1.2436636e+00
   1.9190000e+03   8.0865595e+01   1.2247738e+00
   1.9200000e+03   8.1593751e+01   1.2059036e+00
   1.9210000e+03   8.2237014e+01   1.1995108e+00
   1.9220000e+03   8.3178495e+01   1.1821693e+00
   1.9230000e+03   8.4069265e+01   1.1618834e+00
   1.9240000e+03   8.4676597e+01   1.1555052e+00
   1.9250000e+03   8.5892844e+01   1.1495616e+00
   1.9260000e+03   8.6801074e+01   1.1334829e+00
   1.9270000e+03   8.8274411e+01   1.1061799e+00
   1.9280000e+03   8.9843596e+01   1.1004512e+00
   1.9290000e+03   9.1453909e+01   1.0833516e+00
   1.9300000e+03   9.2587864e+01   1.0578429e+00
   1.9310000e+03   9.3054469e+01   1.0423525e+00
   1.9320000e+03   9.3723183e+01   1.0361821e+00
   1.9330000e+03   9.4314435e+01   1.0212613e+00
   1.9340000e+03   9.4916074e+01   1.0150670e+00
   1.9350000e+03   9.5858219e+01   1.0011132e+00
   1.9360000e+03   9.6707402e+01   9.9333238e-01
   1.9370000e+03   9.8009161e+01   9.7998525e-01
   1.9380000e+03   9.9883088e+01   9.6637336e-01
   1.9390000e+03   1.0041026e+02   9.3794519e-01
   1.9400000e+03   1.0105985e+02   9.3111835e-01
   1.9410000e+03   1.0182989e+02   9.2425973e-01
   1.9420000e+03   1.0271147e+02   9.1733135e-01
   1.9430000e+03   1.0380013e+02   9.0481540e-01
   1.9440000e+03   1.0487792e+02   8.9755347e-01
   1.9450000e+03   1.0628662e+02   8.9032218e-01
   1.9460000e+03   1.0792534e+02   8.8201995e-01
   1.9470000e+03   1.0934781e+02   8.7138808e-01
   1.9480000e+03   1.1062551e+02   8.6372343e-01
   1.9490000e+03   1.1118685e+02   8.5634337e-01
   1.9500000e+03   1.1259715e+02   8.4885521e-01
   1.9510000e+03   1.1334117e+02   8.3313660e-01
   1.9520000e+03   1.1396889e+02   8.2549778e-01
   1.9530000e+03   1.1492814e+02   8.1467912e-01
   1.9540000e+03   1.1563073e+02   8.0692907e-01
   1.9550000e+03   1.1632652e+02   7.9912465e-01
   1.9560000e+03   1.1652554e+02   7.9125521e-01
   1.9570000e+03   1.1730085e+02   7.8330880e-01
   1.9580000e+03   1.1824131e+02   7.7446942e-01
   1.9590000e+03   1.1901709e+02   7.6621117e-01
   1.9600000e+03   1.1969707e+02   7.5577894e-01
   1.9610000e+03   1.2041487e+02   7.4750515e-01
   1.9620000e+03   1.2088455e+02   7.3724015e-01
   1.9630000e+03   1.2151037e+02   7.2877484e-01
   1.9640000e+03   1.2237831e+02   7.2020354e-01
   1.9650000e+03   1.2254650e+02   7.1146567e-01
   1.9660000e+03   1.2269269e+02   7.0384433e-01
   1.9670000e+03   1.2267531e+02   6.9498547e-01
   1.9680000e+03   1.2323297e+02   6.8678859e-01
   1.9690000e+03   1.2365943e+02   6.7765619e-01
   1.9700000e+03   1.2448397e+02   6.6841169e-01
   1.9710000e+03   1.2492368e+02   6.5747901e-01
   1.9720000e+03   1.2552934e+02   6.4797196e-01
   1.9730000e+03   1.2625158e+02   6.3830640e-01
   1.9740000e+03   1.2629635e+02   6.2754701e-01
   1.9750000e+03   1.2677788e+02   6.1768495e-01
   1.9760000e+03   1.2720373e+02   6.0758215e-01
   1.9770000e+03   1.2773946e+02   5.9650235e-01
   1.9780000e+03   1.2771659e+02   5.8636440e-01
   1.9790000e+03   1.2813371e+02   5.7576695e-01
   1.9800000e+03   1.2881640e+02   5.6489830e-01
   1.9810000e+03   1.2976697e+02   5.5384620e-01
   1.9820000e+03   1.3039893e+02   5.4410611e-01
   1.9830000e+03   1.3065943e+02   5.3264310e-01
   1.9840000e+03   1.3084917e+02   5.2099312e-01
   1.9850000e+03   1.3157433e+02   5.0872352e-01
   1.9860000e+03   1.3201468e+02   4.9646538e-01
   1.9870000e+03   1.3248008e+02   4.8385953e-01
   1.9880000e+03   1.3280754e+02   4.7104642e-01
   1.9890000e+03   1.3361553e+02   4.5778217e-01
   1.9900000e+03   1.3445557e+02   4.4412734e-01
   1.9910000e+03   1.3525306e+02   4.3003928e-01
   1.9920000e+03   1.3586205e+02   4.1479393e-01
   1.9930000e+03   1.3689581e+02   3.9894442e-01
   1.9940000e+03   1.3735289e+02   3.8321250e-01
   1.9950000e+03   1.3789901e+02   3.6680616e-01
   1.9960000e+03   1.3833236e+02   3.4967638e-01
   1.9970000e+03   1.3872105e+02   3.3162651e-01
   1.9980000e+03   1.4007609e+02   3.1249077e-01
   1.9990000e+03   1.4133349e+02   2.8605045e-01
   2.0000000e+03   1.4215141e+02   2.5884904e-01
   2.0010000e+03   1.4294742e+02   2.2485636e-01
   2.0020000e+03   1.4398274e+02   1.9597167e-01
   2.0030000e+03   1.4484234e+02   1.9668689e-01
   2.0040000e+03   1.4551774e+02   1.9762490e-01
   2.0050000e+03   1.4673194e+02   1.9857974e-01
   2.0060000e+03   1.4745621e+02   1.9961606e-01
   2.0070000e+03   1.4803675e+02   2.2338748e-01
   2.0080000e+03   1.4897580e+02   2.4486963e-01
   2.0090000e+03   1.4989335e+02   2.6852068e-01
   2.0100000e+03   1.5051056e+02   2.9031023e-01
   2.0110000e+03   1.5152829e+02   3.1068284e-01
   2.0120000e+03   1.5254286e+02   3.2977002e-01
   2.0130000e+03   1.5353420e+02   3.4782141e-01
   2.0140000e+03   1.5426531e+02   3.6496413e-01
   2.0150000e+03   1.5484506e+02   3.8133357e-01
   2.0160000e+03   1.5559958e+02   3.9703830e-01
   2.0170000e+03   1.5642150e+02   4.1213313e-01
   2.0180000e+03   1.5711216e+02   4.2667935e-01
   2.0190000e+03   1.5818493e+02   4.4076319e-01
   2.0200000e+03   1.5877034e+02   4.5440770e-01
   2.0210000e+03   1.5931989e+02   4.6750655e-01
   2.0220000e+03   1.6020549e+02   4.8037821e-01
   2.0230000e+03   1.6065474e+02   4.9290056e-01
   2.0240000e+03   1.6133887e+02   5.0511370e-01
   2.0250000e+03   1.6217651e+02   5.1705404e-01
   2.0260000e+03   1.6299565e+02   5.2871487e-01
   2.0270000e+03   1.6389478e+02   5.4005452e-01
   2.0280000e+03   1.6423160e+02   5.5119382e-01
   2.0290000e+03   1.6486402e+02   5.6240263e-01
   2.0300000e+03   1.6567986e+02   5.7313219e-01
   2.0310000e+03   1.6658853e+02   5.8392126e-01
   2.0320000e+03   1.6765326e+02   5.9439786e-01
   2.0330000e+03   1.6807144e+02   6.0454449e-01
   2.0340000e+03   1.6854561e+02   6.1450864e-01
   2.0350000e+03   1.6894766e+02   6.2431439e-01
   2.0360000e+03   1.6958848e+02   6.3417564e-01
   2.0370000e+03   1.7063684e+02   6.4373190e-01
   2.0380000e+03   1.7189780e+02   6.5320320e-01
   2.0390000e+03   1.7308349e+02   6.6243482e-01
   2.0400000e+03   1.7402639e+02   6.7154552e-01
   2.0410000e+03   1.7464984e+02   6.8051830e-01
   2.0420000e+03   1.7530477e+02   6.8941440e-01
   2.0430000e+03   1.7629028e+02   6.9827293e-01
   2.0440000e+03   1.7728205e+02   7.0748738e-01
   2.0450000e+03   1.7853528e+02   7.1605532e-01
   2.0460000e+03   1.8014184e+02   7.2521904e-01
   2.0470000e+03   1.8137550e+02   7.3408095e-01
   2.0480000e+03   1.8235414e+02   7.4229398e-01
   2.0490000e+03   1.8358620e+02   7.5105550e-01
   2.0500000e+03   1.8435236e+02   7.5907630e-01
   2.0510000e+03   1.8554710e+02   7.6706135e-01
   2.0520000e+03   1.8636107e+02   7.7491056e-01
   2.0530000e+03   1.8730298e+02   7.8270662e-01
   2.0540000e+03   1.8863942e+02   7.9113075e-01
   2.0550000e+03   1.8951737e+02   7.9874961e-01
   2.0560000e+03   1.9054228e+02   8.0631807e-01
   2.0570000e+03   1.9182998e+02   8.1380213e-01
   2.0580000e+03   1.9283896e+02   8.2121878e-01
   2.0590000e+03   1.9385380e+02   8.2931655e-01
   2.0600000e+03   1.9504600e+02   8.3654842e-01
   2.0610000e+03   1.9617019e+02   8.4456491e-01
   2.0620000e+03   1.9716367e+02   8.5167931e-01
   2.0630000e+03   1.9810764e+02   8.5871599e-01
   2.0640000e+03   1.9876401e+02   8.6569305e-01
   2.0650000e+03   1.9975962e+02   8.7261552e-01
   2.0660000e+03   2.0085674e+02   8.7952971e-01
   2.0670000e+03   2.0176081e+02   8.8686942e-01
   2.0680000e+03   2.0264761e+02   8.9362206e-01
   2.0690000e+03   2.0405232e+02   9.0037959e-01
   2.0700000e+03   2.0503020e+02   9.0803592e-01
   2.0710000e+03   2.0612978e+02   9.1572296e-01
   2.0720000e+03   2.0725026e+02   9.2227255e-01
   2.0730000e+03   2.0801503e+02   9.2874576e-01
   2.0740000e+03   2.0956698e+02   9.3527692e-01
   2.0750000e+03   2.1066799e+02   9.4166398e-01
   2.0760000e+03   2.1173221e+02   9.4802829e-01
   2.0770000e+03   2.1346466e+02   9.5435697e-01
   2.0780000e+03   2.1531001e+02   9.6194494e-01
   2.0790000e+03   2.1677521e+02   9.6818488e-01
   2.0800000e+03   2.1844887e+02   9.7443491e-01
   2.0810000e+03   2.2031963e+02   9.8069764e-01
   2.0820000e+03   2.2184449e+02   9.8682676e-01
   2.0830000e+03   2.2313066e+02   9.9412605e-01
   2.0840000e+03   2.2456718e+02   1.0001468e+00
   2.0850000e+03   2.2643333e+02   1.0063283e+00
   2.0860000e+03   2.2868838e+02   1.0150195e+00
   2.0870000e+03   2.3047735e+02   1.0225419e+00
   2.0880000e+03   2.3252240e+02   1.0303887e+00
   2.0890000e+03   2.3465296e+02   1.0382506e+00
   2.0900000e+03   2.3637690e+02   1.0440067e+00
   2.0910000e+03   2.3789724e+02   1.0497056e+00
   2.0920000e+03   2.3971287e+02   1.0555142e+00
   2.0930000e+03   2.4140438e+02   1.0612152e+00
   2.0940000e+03   2.4274927e+02   1.0669543e+00
   2.0950000e+03   2.4429679e+02   1.0726088e+00
   2.0960000e+03   2.4566006e+02   1.0781599e+00
   2.0970000e+03   2.4771055e+02   1.0840047e+00
   2.0980000e+03   2.4939166e+02   1.0895738e+00
   2.0990000e+03   2.5085703e+02   1.0951678e+00
   2.1000000e+03   2.5284770e+02   1.1030116e+00
   2.1010000e+03             NaN             NaN
   2.1020000e+03             NaN             NaN
   2.1030000e+03             NaN             NaN
   2.1040000e+03             NaN             NaN
   2.1050000e+03             NaN             NaN
   2.1060000e+03             NaN             NaN
   2.1070000e+03             NaN             NaN
   2.1080000e+03             NaN             NaN
   2.1090000e+03             NaN             NaN
   2.1100000e+03             NaN             NaN
   2.1110000e+03             NaN             NaN
   2.1120000e+03             NaN             NaN
   2.1130000e+03             NaN             NaN
   2.1140000e+03             NaN             NaN
   2.1150000e+03             NaN             NaN
   2.1160000e+03             NaN             NaN
   2.1170000e+03             NaN             NaN
   2.1180000e+03             NaN             NaN
   2.1190000e+03             NaN             NaN
   2.1200000e+03             NaN             NaN
   2.1210000e+03             NaN             NaN
   2.1220000e+03             NaN             NaN
   2.1230000e+03             NaN             NaN
   2.1240000e+03             NaN             NaN
   2.1250000e+03             NaN             NaN
   2.1260000e+03             NaN             NaN
   2.1270000e+03             NaN             NaN
   2.1280000e+03             NaN             NaN
   2.1290000e+03             NaN             NaN
   2.1300000e+03             NaN             NaN
   2.1310000e+03             NaN             NaN
   2.1320000e+03             NaN             NaN
   2.1330000e+03             NaN             NaN
   2.1340000e+03             NaN             NaN
   2.1350000e+03             NaN             NaN
   2.1360000e+03             NaN             NaN
   2.1370000e+03             NaN             NaN
   2.1380000e+03             NaN             NaN
   2.1390000e+03             NaN             NaN
   2.1400000e+03             NaN             NaN
   2.1410000e+03             NaN             NaN
   2.1420000e+03             NaN             NaN
   2.1430000e+03             NaN             NaN
   2.1440000e+03             NaN             NaN
   2.1450000e+03             NaN             NaN
   2.1460000e+03             NaN             NaN
   2.1470000e+03             NaN             NaN
   2.1480000e+03             NaN             NaN
   2.1490000e+03             NaN             NaN
   2.1500000e+03             NaN             NaN
   2.1510000e+03             NaN             NaN
   2.1520000e+03             NaN             NaN
   2.1530000e+03             NaN             NaN
   2.1540000e+03             NaN             NaN
   2.1550000e+03             NaN             NaN
   2.1560000e+03             NaN             NaN
   2.1570000e+03             NaN             NaN
   2.1580000e+03             NaN             NaN
   2.1590000e+03             NaN             NaN
   2.1600000e+03             NaN             NaN
   2.1610000e+03             NaN             NaN
   2.1620000e+03             NaN             NaN
   2.1630000e+03             NaN             NaN
   2.1640000e+03             NaN             NaN
   2.1650000e+03             NaN             NaN
   2.1660000e+03             NaN             NaN
   2.1670000e+03             NaN             NaN
   2.1680000e+03             NaN             NaN
   2.1690000e+03             NaN             NaN
   2.1700000e+03             NaN             NaN
   2.1710000e+03             NaN             NaN
   2.1720000e+03             NaN             NaN
   2.1730000e+03             NaN             NaN
   2.1740000e+03             NaN             NaN
   2.1750000e+03             NaN             NaN
   2.1760000e+03             NaN             NaN
   2.1770000e+03             NaN             NaN
   2.1780000e+03             NaN             NaN
   2.1790000e+03             NaN             NaN
   2.1800000e+03             NaN             NaN
   2.1810000e+03             NaN             NaN
   2.1820000e+03             NaN             NaN
   2.1830000e+03             NaN             NaN
   2.1840000e+03             NaN             NaN
   2.1850000e+03             NaN             NaN
   2.1860000e+03             NaN             NaN
   2.1870000e+03             NaN             NaN
   2.1880000e+03             NaN             NaN
   2.1890000e+03             NaN             NaN
   2.1900000e+03             NaN             NaN
   2.1910000e+03             NaN             NaN
   2.1920000e+03             NaN             NaN
   2.1930000e+03             NaN             NaN
   2.1940000e+03             NaN             NaN
   2.1950000e+03             NaN             NaN
   2.1960000e+03             NaN             NaN
   2.1970000e+03             NaN             NaN
   2.1980000e+03             NaN             NaN
   2.1990000e+03             NaN             NaN
   2.2000000e+03             NaN             NaN
   2.2010000e+03             NaN             NaN
   2.2020000e+03             NaN             NaN
   2.2030000e+03             NaN             NaN
   2.2040000e+03             NaN             NaN
   2.2050000e+03             NaN             NaN
   2.2060000e+03             NaN             NaN
   2.2070000e+03             NaN             NaN
   2.2080000e+03             NaN             NaN
   2.2090000e+03             NaN             NaN
   2.2100000e+03             NaN             NaN
   2.2110000e+03             NaN             NaN
   2.2120000e+03             NaN             NaN
   2.2130000e+03             NaN             NaN
   2.2140000e+03             NaN             NaN
   2.2150000e+03             NaN             NaN
   2.2160000e+03             NaN             NaN
   2.2170000e+03             NaN             NaN
   2.2180000e+03             NaN             NaN
   2.2190000e+03             NaN             NaN
   2.2200000e+03             NaN             NaN
   2.2210000e+03             NaN             NaN
   2.2220000e+03             NaN             NaN
   2.2230000e+03             NaN             NaN
   2.2240000e+03             NaN             NaN
   2.2250000e+03             NaN             NaN
   2.2260000e+03             NaN             NaN
   2.2270000e+03             NaN             NaN
   2.2280000e+03             NaN             NaN
   2.2290000e+03             NaN             NaN
   2.2300000e+03             NaN             NaN
   2.2310000e+03             NaN             NaN
   2.2320000e+03             NaN             NaN
   2.2330000e+03             NaN             NaN
   2.2340000e+03             NaN             NaN
   2.2350000e+03             NaN             NaN
   2.2360000e+03             NaN             NaN
   2.2370000e+03             NaN             NaN
   2.2380000e+03             NaN             NaN
   2.2390000e+03             NaN             NaN
   2.2400000e+03             NaN             NaN
   2.2410000e+03             NaN             NaN
   2.2420000e+03             NaN             NaN
   2.2430000e+03             NaN             NaN
   2.2440000e+03             NaN             NaN
   2.2450000e+03             NaN             NaN
   2.2460000e+03             NaN             NaN
   2.2470000e+03             NaN             NaN
   2.2480000e+03             NaN             NaN
   2.2490000e+03             NaN             NaN
   2.2500000e+03             NaN             NaN
   2.2510000e+03             NaN             NaN
   2.2520000e+03             NaN             NaN
   2.2530000e+03             NaN             NaN
   2.2540000e+03             NaN             NaN
   2.2550000e+03             NaN             NaN
   2.2560000e+03             NaN             NaN
   2.2570000e+03             NaN             NaN
   2.2580000e+03             NaN             NaN
   2.2590000e+03             NaN             NaN
   2.2600000e+03             NaN             NaN
   2.2610000e+03             NaN             NaN
   2.2620000e+03             NaN             NaN
   2.2630000e+03             NaN             NaN
   2.2640000e+03             NaN             NaN
   2.2650000e+03             NaN             NaN
   2.2660000e+03             NaN             NaN
   2.2670000e+03             NaN             NaN
   2.2680000e+03             NaN             NaN
   2.2690000e+03             NaN             NaN
   2.2700000e+03             NaN             NaN
   2.2710000e+03             NaN             NaN
   2.2720000e+03             NaN             NaN
   2.2730000e+03             NaN             NaN
   2.2740000e+03             NaN             NaN
   2.2750000e+03             NaN             NaN
   2.2760000e+03             NaN             NaN
   2.2770000e+03             NaN             NaN
   2.2780000e+03             NaN             NaN
   2.2790000e+03             NaN             NaN
   2.2800000e+03             NaN             NaN
   2.2810000e+03             NaN             NaN
   2.2820000e+03             NaN             NaN
   2.2830000e+03             NaN             NaN
   2.2840000e+03             NaN             NaN
   2.2850000e+03             NaN             NaN
   2.2860000e+03             NaN             NaN
   2.2870000e+03             NaN             NaN
   2.2880000e+03             NaN             NaN
   2.2890000e+03             NaN             NaN
   2.2900000e+03             NaN             NaN
   2.2910000e+03             NaN             NaN
   2.2920000e+03             NaN             NaN
   2.2930000e+03             NaN             NaN
   2.2940000e+03             NaN             NaN
   2.2950000e+03             NaN             NaN
   2.2960000e+03             NaN             NaN
   2.2970000e+03             NaN             NaN
   2.2980000e+03             NaN             NaN
   2.2990000e+03             NaN             NaN
   2.3000000e+03             NaN             NaN
