   1.8500000e+03             NaN             NaN
   1.8510000e+03   2.9905023e+00   5.0162036e+00
   1.8520000e+03   3.6015089e+00   4.2010022e+00
   1.8530000e+03   4.4031088e+00   4.1973128e+00
   1.8540000e+03   5.0813483e+00   4.1956476e+00
   1.8550000e+03   6.2224425e+00   4.1940319e+00
   1.8560000e+03   6.9064690e+00   4.1909704e+00
   1.8570000e+03   8.0773193e+00   4.1748577e+00
   1.8580000e+03   9.2857427e+00   4.1732085e+00
   1.8590000e+03   9.9958265e+00   4.1389613e+00
   1.8600000e+03   1.0599632e+01   4.1359885e+00
   1.8610000e+03   1.1218703e+01   4.1233746e+00
   1.8620000e+03   1.1914828e+01   4.1105046e+00
   1.8630000e+03   1.2736210e+01   4.1074555e+00
   1.8640000e+03   1.3485578e+01   4.1058175e+00
   1.8650000e+03   1.4917212e+01   4.1027839e+00
   1.8660000e+03   1.5168019e+01   4.0996898e+00
   1.8670000e+03   1.5291926e+01   4.0980564e+00
   1.8680000e+03   1.5844193e+01   4.0964632e+00
   1.8690000e+03   1.6845000e+01   4.0948735e+00
   1.8700000e+03   1.7842064e+01   4.0934765e+00
   1.8710000e+03   1.8247457e+01   4.0918108e+00
   1.8720000e+03   1.9148041e+01   4.0900263e+00
   1.8730000e+03   2.0095777e+01   4.0871288e+00
   1.8740000e+03   2.1082340e+01   4.0842104e+00
   1.8750000e+03   2.1859602e+01   4.0813824e+00
   1.8760000e+03   2.2323264e+01   4.0797746e+00
   1.8770000e+03   2.3001268e+01   4.0781742e+00
   1.8780000e+03   2.3614510e+01   4.0765631e+00
   1.8790000e+03   2.4200447e+01   4.0738962e+00
   1.8800000e+03   2.4824397e+01   4.0722816e+00
   1.8810000e+03   2.5330497e+01   4.0706910e+00
   1.8820000e+03   2.6692971e+01   4.0690747e+00
   1.8830000e+03   2.6981809e+01   4.0664447e+00
   1.8840000e+03   2.7170912e+01   4.0648239e+00
   1.8850000e+03   2.7507329e+01   4.0632155e+00
   1.8860000e+03   2.7836487e+01   4.0615837e+00
   1.8870000e+03   2.8901080e+01   4.0599601e+00
   1.8880000e+03   2.9048284e+01   4.0583550e+00
   1.8890000e+03   2.9767541e+01   4.0567331e+00
   1.8900000e+03   3.0642117e+01   4.0551112e+00
   1.8910000e+03   3.1119036e+01   4.0528594e+00
   1.8920000e+03   3.1324237e+01   4.0512193e+00
   1.8930000e+03   3.2013293e+01   4.0495373e+00
   1.8940000e+03   3.2580136e+01   4.0479201e+00
   1.8950000e+03   3.3140662e+01   4.0339922e+00
   1.8960000e+03   3.4070901e+01   4.0323701e+00
   1.8970000e+03   3.4885901e+01   4.0302556e+00
   1.8980000e+03   3.5624442e+01   4.0281687e+00
   1.8990000e+03   3.6119946e+01   4.0260643e+00
   1.9000000e+03   3.6621321e+01   4.0244406e+00
   1.9010000e+03   3.7566005e+01   4.0091221e+00
   1.9020000e+03   3.8291140e+01   4.0074581e+00
   1.9030000e+03   3.8916406e+01   4.0058244e+00
   1.9040000e+03   3.9795974e+01   4.0041912e+00
   1.9050000e+03   4.0049668e+01   4.0022937e+00
   1.9060000e+03   4.0333956e+01   4.0006467e+00
   1.9070000e+03   4.0776172e+01   3.9990212e+00
   1.9080000e+03   4.0856067e+01   3.9973961e+00
   1.9090000e+03   4.1229265e+01   3.9957599e+00
   1.9100000e+03   4.1864306e+01   3.9941336e+00
   1.9110000e+03   4.2237580e+01   3.9929696e+00
   1.9120000e+03   4.2515944e+01   3.9913392e+00
   1.9130000e+03   4.2933338e+01   3.9897106e+00
   1.9140000e+03   4.3152252e+01   3.9880403e+00
   1.9150000e+03   4.3272762e+01   3.9863991e+00
   1.9160000e+03   4.3661756e+01   3.9847346e+00
   1.9170000e+03   4.3995131e+01   3.9830987e+00
   1.9180000e+03   4.4727076e+01   3.9814545e+00
   1.9190000e+03   4.5021025e+01   3.9797891e+00
   1.9200000e+03   4.5177371e+01   3.9785050e+00
   1.9210000e+03   4.5645110e+01   3.9768656e+00
   1.9220000e+03   4.6338831e+01   3.9751780e+00
   1.9230000e+03   4.7322849e+01   3.9734695e+00
   1.9240000e+03   5.0117928e+01   3.9717036e+00
   1.9250000e+03   5.1176971e+01   3.8877039e+00
   1.9260000e+03   5.4312093e+01   3.8650126e+00
   1.9270000e+03   5.5364109e+01   3.5043630e+00
   1.9280000e+03   5.7027047e+01   3.4868679e+00
   1.9290000e+03   5.8157176e+01   3.4544915e+00
   1.9300000e+03   6.0274540e+01   3.4311275e+00
   1.9310000e+03   6.1681480e+01   3.2385719e+00
   1.9320000e+03   6.2274726e+01   3.1403882e+00
   1.9330000e+03   6.4044874e+01   3.1383444e+00
   1.9340000e+03   6.4281565e+01   3.0048678e+00
   1.9350000e+03   6.5058374e+01   3.0026448e+00
   1.9360000e+03   6.7329974e+01   2.9871961e+00
   1.9370000e+03   6.9180334e+01   2.8553392e+00
   1.9380000e+03   7.0894243e+01   2.7980561e+00
   1.9390000e+03   7.2009683e+01   2.6878022e+00
   1.9400000e+03   7.2815504e+01   2.5643262e+00
   1.9410000e+03   7.5069072e+01   2.5445690e+00
   1.9420000e+03   7.6328084e+01   2.0858861e+00
   1.9430000e+03   7.7184021e+01   2.0513805e+00
   1.9440000e+03   7.7650588e+01   2.0325089e+00
   1.9450000e+03   7.8572601e+01   2.0300805e+00
   1.9460000e+03   7.9699638e+01   2.0268776e+00
   1.9470000e+03   8.0859532e+01   1.9952967e+00
   1.9480000e+03   8.1835101e+01   1.9775042e+00
   1.9490000e+03   8.3900454e+01   1.9585080e+00
   1.9500000e+03   8.5261002e+01   1.7506728e+00
   1.9510000e+03   8.5927189e+01   1.6826312e+00
   1.9520000e+03   8.6413718e+01   1.6787450e+00
   1.9530000e+03   8.6558586e+01   1.6749020e+00
   1.9540000e+03   8.7122071e+01   1.6593580e+00
   1.9550000e+03   8.7500339e+01   1.6421913e+00
   1.9560000e+03   8.8003510e+01   1.6382716e+00
   1.9570000e+03   8.8252325e+01   1.6343482e+00
   1.9580000e+03   8.9175906e+01   1.6296741e+00
   1.9590000e+03   8.9735284e+01   1.6257330e+00
   1.9600000e+03   9.0361791e+01   1.6218137e+00
   1.9610000e+03   9.1202800e+01   1.6178728e+00
   1.9620000e+03   9.1898643e+01   1.6139448e+00
   1.9630000e+03   9.2931663e+01   1.6025374e+00
   1.9640000e+03   9.3527152e+01   1.5879640e+00
   1.9650000e+03   9.4449777e+01   1.5839246e+00
   1.9660000e+03   9.5105126e+01   1.5479235e+00
   1.9670000e+03   9.5787311e+01   1.5438051e+00
   1.9680000e+03   9.5718361e+01   1.5396488e+00
   1.9690000e+03   9.5801569e+01   1.5355698e+00
   1.9700000e+03   9.6134830e+01   1.5313928e+00
   1.9710000e+03   9.6465313e+01   1.5272475e+00
   1.9720000e+03   9.6721577e+01   1.5231325e+00
   1.9730000e+03   9.7135557e+01   1.5187775e+00
   1.9740000e+03   9.7287434e+01   1.5146847e+00
   1.9750000e+03   9.7934391e+01   1.5105566e+00
   1.9760000e+03   9.8638600e+01   1.4998530e+00
   1.9770000e+03   9.9860416e+01   1.4653604e+00
   1.9780000e+03   1.0102582e+02   1.2495523e+00
   1.9790000e+03   1.0147676e+02   1.2004602e+00
   1.9800000e+03   1.0320422e+02   1.1948058e+00
   1.9810000e+03   1.0414509e+02   1.1007068e+00
   1.9820000e+03   1.0502282e+02   1.0863523e+00
   1.9830000e+03   1.0522692e+02   9.9414247e-01
   1.9840000e+03   1.0623038e+02   9.8779371e-01
   1.9850000e+03   1.0701718e+02   9.2663300e-01
   1.9860000e+03   1.0760668e+02   6.8980686e-01
   1.9870000e+03   1.0796747e+02   6.8067118e-01
   1.9880000e+03   1.0864351e+02   6.7133387e-01
   1.9890000e+03   1.1009509e+02   6.6293413e-01
   1.9900000e+03   1.1123615e+02   5.5201029e-01
   1.9910000e+03   1.1232402e+02   5.1751499e-01
   1.9920000e+03   1.1331171e+02   4.5767550e-01
   1.9930000e+03   1.1369610e+02   4.1310624e-01
   1.9940000e+03   1.1439972e+02   3.9782579e-01
   1.9950000e+03   1.1485511e+02   3.8189856e-01
   1.9960000e+03   1.1528164e+02   3.6525783e-01
   1.9970000e+03   1.1599370e+02   3.4920338e-01
   1.9980000e+03   1.1704126e+02   3.3086889e-01
   1.9990000e+03   1.1782312e+02   3.1159237e-01
   2.0000000e+03   1.1882187e+02   2.9114686e-01
   2.0010000e+03   1.2027913e+02   2.6516042e-01
   2.0020000e+03   1.2135862e+02   1.9793371e-01
   2.0030000e+03   1.2194667e+02   1.9207405e-01
   2.0040000e+03   1.2224474e+02   1.9304056e-01
   2.0050000e+03   1.2299582e+02   1.9761696e-01
   2.0060000e+03   1.2383815e+02   1.9869461e-01
   2.0070000e+03   1.2476477e+02   2.2262504e-01
   2.0080000e+03   1.2611993e+02   2.6132328e-01
   2.0090000e+03   1.2770890e+02   3.1377541e-01
   2.0100000e+03   1.2870164e+02   3.3385136e-01
   2.0110000e+03   1.2982507e+02   3.5203504e-01
   2.0120000e+03   1.3106164e+02   3.6914357e-01
   2.0130000e+03   1.3212704e+02   3.9029979e-01
   2.0140000e+03   1.3345994e+02   4.1269979e-01
   2.0150000e+03   1.3508458e+02   4.5449922e-01
   2.0160000e+03   1.3639843e+02   5.9973223e-01
   2.0170000e+03   1.3819362e+02   7.4794989e-01
   2.0180000e+03   1.4009170e+02   7.5634500e-01
   2.0190000e+03   1.4139318e+02   7.6472145e-01
   2.0200000e+03   1.4293076e+02   7.7316990e-01
   2.0210000e+03   1.4506464e+02   7.8124491e-01
   2.0220000e+03   1.4672482e+02   7.9017136e-01
   2.0230000e+03   1.4841786e+02   7.9848889e-01
   2.0240000e+03   1.5010729e+02   8.0686229e-01
   2.0250000e+03   1.5243633e+02   8.1508627e-01
   2.0260000e+03   1.5430081e+02   8.2283654e-01
   2.0270000e+03   1.5612196e+02   8.3025342e-01
   2.0280000e+03   1.5772383e+02   8.3754400e-01
   2.0290000e+03   1.5960707e+02   8.4479883e-01
   2.0300000e+03   1.6172739e+02   8.5201608e-01
   2.0310000e+03   1.6350051e+02   8.5916669e-01
   2.0320000e+03   1.6512549e+02   8.6621007e-01
   2.0330000e+03   1.6734148e+02   8.7325505e-01
   2.0340000e+03   1.6987433e+02   8.8031253e-01
   2.0350000e+03   1.7180937e+02   8.8732780e-01
   2.0360000e+03   1.7390281e+02   8.9416498e-01
   2.0370000e+03   1.7583735e+02   9.0098031e-01
   2.0380000e+03   1.7764803e+02   9.0780079e-01
   2.0390000e+03   1.7934165e+02   9.1449166e-01
   2.0400000e+03   1.8181523e+02   9.2117646e-01
   2.0410000e+03   1.8368016e+02   9.2777836e-01
   2.0420000e+03   1.8530988e+02   9.3429018e-01
   2.0430000e+03   1.8730090e+02   9.4078771e-01
   2.0440000e+03   1.8948186e+02   9.4739083e-01
   2.0450000e+03   1.9172566e+02   9.5388578e-01
   2.0460000e+03   1.9409339e+02   9.6044006e-01
   2.0470000e+03   1.9619412e+02   9.6679212e-01
   2.0480000e+03   1.9813636e+02   9.7318304e-01
   2.0490000e+03   2.0053153e+02   9.7967731e-01
   2.0500000e+03   2.0288535e+02   9.8614718e-01
   2.0510000e+03   2.0486724e+02   9.9240232e-01
   2.0520000e+03   2.0744228e+02   9.9872706e-01
   2.0530000e+03   2.0921564e+02   1.0050490e+00
   2.0540000e+03   2.1133143e+02   1.0111910e+00
   2.0550000e+03   2.1351164e+02   1.0175558e+00
   2.0560000e+03   2.1537709e+02   1.0239533e+00
   2.0570000e+03   2.1770191e+02   1.0304470e+00
   2.0580000e+03   2.1990440e+02   1.0371400e+00
   2.0590000e+03   2.2223041e+02   1.0440972e+00
   2.0600000e+03   2.2406247e+02   1.0519002e+00
   2.0610000e+03   2.2593226e+02   1.0583919e+00
   2.0620000e+03   2.2816612e+02   1.0654036e+00
   2.0630000e+03   2.2999228e+02   1.0713373e+00
   2.0640000e+03   2.3190375e+02   1.0773800e+00
   2.0650000e+03   2.3360497e+02   1.0832634e+00
   2.0660000e+03   2.3513266e+02   1.0894515e+00
   2.0670000e+03   2.3675059e+02   1.0958460e+00
   2.0680000e+03   2.3839905e+02   1.1021597e+00
   2.0690000e+03   2.4068185e+02   1.1112665e+00
   2.0700000e+03   2.4259864e+02   1.1176500e+00
   2.0710000e+03   2.4473423e+02   1.1243157e+00
   2.0720000e+03   2.4631771e+02   1.1308951e+00
   2.0730000e+03   2.4790078e+02   1.1376886e+00
   2.0740000e+03   2.4942744e+02   1.1433511e+00
   2.0750000e+03   2.5135269e+02   1.1517618e+00
   2.0760000e+03   2.5333499e+02   1.1598290e+00
   2.0770000e+03   2.5509704e+02   1.1666202e+00
   2.0780000e+03   2.5671291e+02   1.1731779e+00
   2.0790000e+03   2.5831055e+02   1.1797562e+00
   2.0800000e+03   2.5978422e+02   1.1871347e+00
   2.0810000e+03   2.6146138e+02   1.1954956e+00
   2.0820000e+03   2.6292464e+02   1.2015072e+00
   2.0830000e+03   2.6422531e+02   1.2078549e+00
   2.0840000e+03   2.6572463e+02   1.2154838e+00
   2.0850000e+03   2.6708131e+02   1.2229526e+00
   2.0860000e+03   2.6848372e+02   1.2298872e+00
   2.0870000e+03   2.6985533e+02   1.2375573e+00
   2.0880000e+03   2.7153702e+02   1.2455797e+00
   2.0890000e+03   2.7308237e+02   1.2567196e+00
   2.0900000e+03   2.7429188e+02   1.2664873e+00
   2.0910000e+03   2.7551980e+02   1.2749293e+00
   2.0920000e+03   2.7722148e+02   1.2836793e+00
   2.0930000e+03   2.7827768e+02   1.2902054e+00
   2.0940000e+03   2.7966730e+02   1.2962717e+00
   2.0950000e+03   2.8091073e+02   1.3022355e+00
   2.0960000e+03   2.8206866e+02   1.3083815e+00
   2.0970000e+03   2.8341148e+02   1.3136988e+00
   2.0980000e+03   2.8475056e+02   1.3193642e+00
   2.0990000e+03   2.8618850e+02   1.3245954e+00
   2.1000000e+03   2.8750038e+02   1.3292432e+00
   2.1010000e+03             NaN             NaN
   2.1020000e+03             NaN             NaN
   2.1030000e+03             NaN             NaN
   2.1040000e+03             NaN             NaN
   2.1050000e+03             NaN             NaN
   2.1060000e+03             NaN             NaN
   2.1070000e+03             NaN             NaN
   2.1080000e+03             NaN             NaN
   2.1090000e+03             NaN             NaN
   2.1100000e+03             NaN             NaN
   2.1110000e+03             NaN             NaN
   2.1120000e+03             NaN             NaN
   2.1130000e+03             NaN             NaN
   2.1140000e+03             NaN             NaN
   2.1150000e+03             NaN             NaN
   2.1160000e+03             NaN             NaN
   2.1170000e+03             NaN             NaN
   2.1180000e+03             NaN             NaN
   2.1190000e+03             NaN             NaN
   2.1200000e+03             NaN             NaN
   2.1210000e+03             NaN             NaN
   2.1220000e+03             NaN             NaN
   2.1230000e+03             NaN             NaN
   2.1240000e+03             NaN             NaN
   2.1250000e+03             NaN             NaN
   2.1260000e+03             NaN             NaN
   2.1270000e+03             NaN             NaN
   2.1280000e+03             NaN             NaN
   2.1290000e+03             NaN             NaN
   2.1300000e+03             NaN             NaN
   2.1310000e+03             NaN             NaN
   2.1320000e+03             NaN             NaN
   2.1330000e+03             NaN             NaN
   2.1340000e+03             NaN             NaN
   2.1350000e+03             NaN             NaN
   2.1360000e+03             NaN             NaN
   2.1370000e+03             NaN             NaN
   2.1380000e+03             NaN             NaN
   2.1390000e+03             NaN             NaN
   2.1400000e+03             NaN             NaN
   2.1410000e+03             NaN             NaN
   2.1420000e+03             NaN             NaN
   2.1430000e+03             NaN             NaN
   2.1440000e+03             NaN             NaN
   2.1450000e+03             NaN             NaN
   2.1460000e+03             NaN             NaN
   2.1470000e+03             NaN             NaN
   2.1480000e+03             NaN             NaN
   2.1490000e+03             NaN             NaN
   2.1500000e+03             NaN             NaN
   2.1510000e+03             NaN             NaN
   2.1520000e+03             NaN             NaN
   2.1530000e+03             NaN             NaN
   2.1540000e+03             NaN             NaN
   2.1550000e+03             NaN             NaN
   2.1560000e+03             NaN             NaN
   2.1570000e+03             NaN             NaN
   2.1580000e+03             NaN             NaN
   2.1590000e+03             NaN             NaN
   2.1600000e+03             NaN             NaN
   2.1610000e+03             NaN             NaN
   2.1620000e+03             NaN             NaN
   2.1630000e+03             NaN             NaN
   2.1640000e+03             NaN             NaN
   2.1650000e+03             NaN             NaN
   2.1660000e+03             NaN             NaN
   2.1670000e+03             NaN             NaN
   2.1680000e+03             NaN             NaN
   2.1690000e+03             NaN             NaN
   2.1700000e+03             NaN             NaN
   2.1710000e+03             NaN             NaN
   2.1720000e+03             NaN             NaN
   2.1730000e+03             NaN             NaN
   2.1740000e+03             NaN             NaN
   2.1750000e+03             NaN             NaN
   2.1760000e+03             NaN             NaN
   2.1770000e+03             NaN             NaN
   2.1780000e+03             NaN             NaN
   2.1790000e+03             NaN             NaN
   2.1800000e+03             NaN             NaN
   2.1810000e+03             NaN             NaN
   2.1820000e+03             NaN             NaN
   2.1830000e+03             NaN             NaN
   2.1840000e+03             NaN             NaN
   2.1850000e+03             NaN             NaN
   2.1860000e+03             NaN             NaN
   2.1870000e+03             NaN             NaN
   2.1880000e+03             NaN             NaN
   2.1890000e+03             NaN             NaN
   2.1900000e+03             NaN             NaN
   2.1910000e+03             NaN             NaN
   2.1920000e+03             NaN             NaN
   2.1930000e+03             NaN             NaN
   2.1940000e+03             NaN             NaN
   2.1950000e+03             NaN             NaN
   2.1960000e+03             NaN             NaN
   2.1970000e+03             NaN             NaN
   2.1980000e+03             NaN             NaN
   2.1990000e+03             NaN             NaN
   2.2000000e+03             NaN             NaN
   2.2010000e+03             NaN             NaN
   2.2020000e+03             NaN             NaN
   2.2030000e+03             NaN             NaN
   2.2040000e+03             NaN             NaN
   2.2050000e+03             NaN             NaN
   2.2060000e+03             NaN             NaN
   2.2070000e+03             NaN             NaN
   2.2080000e+03             NaN             NaN
   2.2090000e+03             NaN             NaN
   2.2100000e+03             NaN             NaN
   2.2110000e+03             NaN             NaN
   2.2120000e+03             NaN             NaN
   2.2130000e+03             NaN             NaN
   2.2140000e+03             NaN             NaN
   2.2150000e+03             NaN             NaN
   2.2160000e+03             NaN             NaN
   2.2170000e+03             NaN             NaN
   2.2180000e+03             NaN             NaN
   2.2190000e+03             NaN             NaN
   2.2200000e+03             NaN             NaN
   2.2210000e+03             NaN             NaN
   2.2220000e+03             NaN             NaN
   2.2230000e+03             NaN             NaN
   2.2240000e+03             NaN             NaN
   2.2250000e+03             NaN             NaN
   2.2260000e+03             NaN             NaN
   2.2270000e+03             NaN             NaN
   2.2280000e+03             NaN             NaN
   2.2290000e+03             NaN             NaN
   2.2300000e+03             NaN             NaN
   2.2310000e+03             NaN             NaN
   2.2320000e+03             NaN             NaN
   2.2330000e+03             NaN             NaN
   2.2340000e+03             NaN             NaN
   2.2350000e+03             NaN             NaN
   2.2360000e+03             NaN             NaN
   2.2370000e+03             NaN             NaN
   2.2380000e+03             NaN             NaN
   2.2390000e+03             NaN             NaN
   2.2400000e+03             NaN             NaN
   2.2410000e+03             NaN             NaN
   2.2420000e+03             NaN             NaN
   2.2430000e+03             NaN             NaN
   2.2440000e+03             NaN             NaN
   2.2450000e+03             NaN             NaN
   2.2460000e+03             NaN             NaN
   2.2470000e+03             NaN             NaN
   2.2480000e+03             NaN             NaN
   2.2490000e+03             NaN             NaN
   2.2500000e+03             NaN             NaN
   2.2510000e+03             NaN             NaN
   2.2520000e+03             NaN             NaN
   2.2530000e+03             NaN             NaN
   2.2540000e+03             NaN             NaN
   2.2550000e+03             NaN             NaN
   2.2560000e+03             NaN             NaN
   2.2570000e+03             NaN             NaN
   2.2580000e+03             NaN             NaN
   2.2590000e+03             NaN             NaN
   2.2600000e+03             NaN             NaN
   2.2610000e+03             NaN             NaN
   2.2620000e+03             NaN             NaN
   2.2630000e+03             NaN             NaN
   2.2640000e+03             NaN             NaN
   2.2650000e+03             NaN             NaN
   2.2660000e+03             NaN             NaN
   2.2670000e+03             NaN             NaN
   2.2680000e+03             NaN             NaN
   2.2690000e+03             NaN             NaN
   2.2700000e+03             NaN             NaN
   2.2710000e+03             NaN             NaN
   2.2720000e+03             NaN             NaN
   2.2730000e+03             NaN             NaN
   2.2740000e+03             NaN             NaN
   2.2750000e+03             NaN             NaN
   2.2760000e+03             NaN             NaN
   2.2770000e+03             NaN             NaN
   2.2780000e+03             NaN             NaN
   2.2790000e+03             NaN             NaN
   2.2800000e+03             NaN             NaN
   2.2810000e+03             NaN             NaN
   2.2820000e+03             NaN             NaN
   2.2830000e+03             NaN             NaN
   2.2840000e+03             NaN             NaN
   2.2850000e+03             NaN             NaN
   2.2860000e+03             NaN             NaN
   2.2870000e+03             NaN             NaN
   2.2880000e+03             NaN             NaN
   2.2890000e+03             NaN             NaN
   2.2900000e+03             NaN             NaN
   2.2910000e+03             NaN             NaN
   2.2920000e+03             NaN             NaN
   2.2930000e+03             NaN             NaN
   2.2940000e+03             NaN             NaN
   2.2950000e+03             NaN             NaN
   2.2960000e+03             NaN             NaN
   2.2970000e+03             NaN             NaN
   2.2980000e+03             NaN             NaN
   2.2990000e+03             NaN             NaN
   2.3000000e+03             NaN             NaN
