   1.8500000e+03             NaN             NaN
   1.8510000e+03   2.3833396e+00   4.2788810e+00
   1.8520000e+03   3.9458671e+00   4.2041320e+00
   1.8530000e+03   4.5968930e+00   4.1642238e+00
   1.8540000e+03   4.9823980e+00   4.1243776e+00
   1.8550000e+03   7.6473635e+00   4.1214062e+00
   1.8560000e+03   8.4606310e+00   4.0387422e+00
   1.8570000e+03   9.4747040e+00   4.0368859e+00
   1.8580000e+03   1.0607697e+01   3.9984437e+00
   1.8590000e+03   1.2076815e+01   3.9952451e+00
   1.8600000e+03   1.4393937e+01   3.9550170e+00
   1.8610000e+03   1.5936121e+01   3.9090793e+00
   1.8620000e+03   1.7174099e+01   3.8673736e+00
   1.8630000e+03   1.8713427e+01   3.8277918e+00
   1.8640000e+03   2.0996255e+01   3.7811777e+00
   1.8650000e+03   2.3548023e+01   3.7386078e+00
   1.8660000e+03   2.5764685e+01   3.6926566e+00
   1.8670000e+03   2.7732305e+01   3.6475262e+00
   1.8680000e+03   2.8738257e+01   3.5616559e+00
   1.8690000e+03   2.9941134e+01   3.5199632e+00
   1.8700000e+03   3.1682008e+01   3.4754405e+00
   1.8710000e+03   3.2287577e+01   3.4307815e+00
   1.8720000e+03   3.4153370e+01   3.3925492e+00
   1.8730000e+03   3.5494347e+01   3.3416232e+00
   1.8740000e+03   3.7142795e+01   3.2987470e+00
   1.8750000e+03   3.7575549e+01   3.2965760e+00
   1.8760000e+03   3.9110035e+01   3.2945634e+00
   1.8770000e+03   4.0523715e+01   3.2511815e+00
   1.8780000e+03   4.1554356e+01   3.2076201e+00
   1.8790000e+03   4.3829897e+01   3.1599843e+00
   1.8800000e+03   4.5120696e+01   3.0616068e+00
   1.8810000e+03   4.6845815e+01   3.0187410e+00
   1.8820000e+03   4.7507423e+01   2.9750868e+00
   1.8830000e+03   4.8243633e+01   2.9727922e+00
   1.8840000e+03   5.0115556e+01   2.9346277e+00
   1.8850000e+03   5.0631643e+01   2.8776850e+00
   1.8860000e+03   5.1314857e+01   2.8393130e+00
   1.8870000e+03   5.3108383e+01   2.7969273e+00
   1.8880000e+03   5.3678494e+01   2.7078396e+00
   1.8890000e+03   5.4262006e+01   2.7053296e+00
   1.8900000e+03   5.6035610e+01   2.6671387e+00
   1.8910000e+03   5.6684352e+01   2.6226367e+00
   1.8920000e+03   5.7523164e+01   2.5841229e+00
   1.8930000e+03   5.8412482e+01   2.5815017e+00
   1.8940000e+03   5.9091597e+01   2.5335778e+00
   1.8950000e+03   5.9638872e+01   2.4867057e+00
   1.8960000e+03   6.0024781e+01   2.4840018e+00
   1.8970000e+03   6.0143716e+01   2.4773896e+00
   1.8980000e+03   6.0493210e+01   2.4708352e+00
   1.8990000e+03   6.1452077e+01   2.4364535e+00
   1.9000000e+03   6.3070492e+01   2.3939005e+00
   1.9010000e+03   6.4688109e+01   2.3431976e+00
   1.9020000e+03   6.5664166e+01   2.2673871e+00
   1.9030000e+03   6.7283689e+01   2.2223224e+00
   1.9040000e+03   6.8159661e+01   2.1719957e+00
   1.9050000e+03   6.8973936e+01   2.1688638e+00
   1.9060000e+03   7.0268457e+01   2.1320192e+00
   1.9070000e+03   7.0473690e+01   2.0589618e+00
   1.9080000e+03   7.0842848e+01   2.0557525e+00
   1.9090000e+03   7.1017311e+01   2.0168003e+00
   1.9100000e+03   7.1438359e+01   2.0126796e+00
   1.9110000e+03   7.2213029e+01   1.9775981e+00
   1.9120000e+03   7.2389339e+01   1.9375557e+00
   1.9130000e+03   7.3024046e+01   1.9342212e+00
   1.9140000e+03   7.4459635e+01   1.8961832e+00
   1.9150000e+03   7.5600249e+01   1.8560029e+00
   1.9160000e+03   7.6385656e+01   1.8156418e+00
   1.9170000e+03   7.7428204e+01   1.8120971e+00
   1.9180000e+03   7.8742034e+01   1.7729597e+00
   1.9190000e+03   7.9468775e+01   1.7343989e+00
   1.9200000e+03   8.1198330e+01   1.6994655e+00
   1.9210000e+03   8.2258455e+01   1.6265382e+00
   1.9220000e+03   8.3812101e+01   1.5955915e+00
   1.9230000e+03   8.4982825e+01   1.5546174e+00
   1.9240000e+03   8.6399103e+01   1.5250660e+00
   1.9250000e+03   8.7290728e+01   1.4898451e+00
   1.9260000e+03   8.8752461e+01   1.4603325e+00
   1.9270000e+03   8.9348512e+01   1.4249234e+00
   1.9280000e+03   9.0356713e+01   1.4204660e+00
   1.9290000e+03   9.1786869e+01   1.3891709e+00
   1.9300000e+03   9.2674583e+01   1.3296106e+00
   1.9310000e+03   9.4495540e+01   1.2961030e+00
   1.9320000e+03   9.5822161e+01   1.2340580e+00
   1.9330000e+03   9.6777776e+01   1.1862952e+00
   1.9340000e+03   9.7428992e+01   1.1348442e+00
   1.9350000e+03   9.8399740e+01   1.1270587e+00
   1.9360000e+03   9.9499188e+01   1.1017893e+00
   1.9370000e+03   1.0033391e+02   1.0793468e+00
   1.9380000e+03   1.0167771e+02   1.0733931e+00
   1.9390000e+03   1.0289576e+02   1.0352980e+00
   1.9400000e+03   1.0401826e+02   1.0090783e+00
   1.9410000e+03   1.0473565e+02   9.8347647e-01
   1.9420000e+03   1.0478483e+02   9.7646708e-01
   1.9430000e+03   1.0560210e+02   9.6996673e-01
   1.9440000e+03   1.0676058e+02   9.5242803e-01
   1.9450000e+03   1.0704798e+02   9.2496397e-01
   1.9460000e+03   1.0820251e+02   9.1815875e-01
   1.9470000e+03   1.0912663e+02   9.0184604e-01
   1.9480000e+03   1.1020518e+02   8.7924173e-01
   1.9490000e+03   1.1093465e+02   8.7206413e-01
   1.9500000e+03   1.1164065e+02   8.6143454e-01
   1.9510000e+03   1.1236234e+02   8.5052237e-01
   1.9520000e+03   1.1316494e+02   8.4095340e-01
   1.9530000e+03   1.1416043e+02   8.3146283e-01
   1.9540000e+03   1.1463785e+02   8.1609276e-01
   1.9550000e+03   1.1601578e+02   8.0841098e-01
   1.9560000e+03   1.1707558e+02   7.9327890e-01
   1.9570000e+03   1.1786505e+02   7.8107033e-01
   1.9580000e+03   1.1815319e+02   7.7299810e-01
   1.9590000e+03   1.1953841e+02   7.6489799e-01
   1.9600000e+03   1.1991723e+02   7.5463299e-01
   1.9610000e+03   1.2060874e+02   7.4425051e-01
   1.9620000e+03   1.2102428e+02   7.3389172e-01
   1.9630000e+03   1.2196503e+02   7.2345815e-01
   1.9640000e+03   1.2261968e+02   7.1318871e-01
   1.9650000e+03   1.2315793e+02   7.0266922e-01
   1.9660000e+03   1.2400726e+02   6.9378786e-01
   1.9670000e+03   1.2486110e+02   6.8479662e-01
   1.9680000e+03   1.2529061e+02   6.7416955e-01
   1.9690000e+03   1.2526891e+02   6.6493025e-01
   1.9700000e+03   1.2558621e+02   6.5557801e-01
   1.9710000e+03   1.2627748e+02   6.4607979e-01
   1.9720000e+03   1.2650743e+02   6.3642288e-01
   1.9730000e+03   1.2641660e+02   6.2665287e-01
   1.9740000e+03   1.2705447e+02   6.1672174e-01
   1.9750000e+03   1.2703687e+02   6.0660979e-01
   1.9760000e+03   1.2791555e+02   5.9641307e-01
   1.9770000e+03   1.2811034e+02   5.8744079e-01
   1.9780000e+03   1.2864308e+02   5.7689544e-01
   1.9790000e+03   1.2929180e+02   5.6613042e-01
   1.9800000e+03   1.2961289e+02   5.5514194e-01
   1.9810000e+03   1.2997803e+02   5.4403489e-01
   1.9820000e+03   1.3036007e+02   5.3262604e-01
   1.9830000e+03   1.3089474e+02   5.2059704e-01
   1.9840000e+03   1.3192947e+02   5.0865800e-01
   1.9850000e+03   1.3233878e+02   4.9641267e-01
   1.9860000e+03   1.3284403e+02   4.8385248e-01
   1.9870000e+03   1.3377082e+02   4.7101605e-01
   1.9880000e+03   1.3440415e+02   4.5778498e-01
   1.9890000e+03   1.3596331e+02   4.4417126e-01
   1.9900000e+03   1.3732681e+02   4.3010920e-01
   1.9910000e+03   1.3833625e+02   4.1524103e-01
   1.9920000e+03   1.3881148e+02   4.0018913e-01
   1.9930000e+03   1.3952333e+02   3.8460708e-01
   1.9940000e+03   1.3994751e+02   3.6832638e-01
   1.9950000e+03   1.4020863e+02   3.5146348e-01
   1.9960000e+03   1.4141832e+02   3.3359491e-01
   1.9970000e+03   1.4208087e+02   3.1502155e-01
   1.9980000e+03   1.4251841e+02   2.9496005e-01
   1.9990000e+03   1.4322441e+02   2.7336687e-01
   2.0000000e+03   1.4421246e+02   2.4997317e-01
   2.0010000e+03   1.4553250e+02   2.2425060e-01
   2.0020000e+03   1.4640686e+02   1.9545549e-01
   2.0030000e+03   1.4752789e+02   1.9625642e-01
   2.0040000e+03   1.4887352e+02   1.9728209e-01
   2.0050000e+03   1.4998604e+02   1.9832696e-01
   2.0060000e+03   1.5126255e+02   1.9949725e-01
   2.0070000e+03   1.5247737e+02   2.2312073e-01
   2.0080000e+03   1.5424598e+02   2.4467762e-01
   2.0090000e+03   1.5573565e+02   2.6829571e-01
   2.0100000e+03   1.5700243e+02   2.9015824e-01
   2.0110000e+03   1.5821906e+02   3.1052140e-01
   2.0120000e+03   1.5938950e+02   3.2962617e-01
   2.0130000e+03   1.6064940e+02   3.4763394e-01
   2.0140000e+03   1.6198183e+02   3.6480069e-01
   2.0150000e+03   1.6358516e+02   3.8114247e-01
   2.0160000e+03   1.6438421e+02   3.9683392e-01
   2.0170000e+03   1.6549608e+02   4.1198711e-01
   2.0180000e+03   1.6709726e+02   4.2654314e-01
   2.0190000e+03   1.6905023e+02   4.4090458e-01
   2.0200000e+03   1.7084496e+02   4.5454952e-01
   2.0210000e+03   1.7195515e+02   4.6775352e-01
   2.0220000e+03   1.7392485e+02   4.8095466e-01
   2.0230000e+03   1.7589354e+02   4.9387222e-01
   2.0240000e+03   1.7831718e+02   5.0790767e-01
   2.0250000e+03   1.8006559e+02   5.1994442e-01
   2.0260000e+03   1.8147358e+02   5.3151382e-01
   2.0270000e+03   1.8305590e+02   5.4249853e-01
   2.0280000e+03   1.8565506e+02   5.5443704e-01
   2.0290000e+03   1.8806638e+02   5.6642675e-01
   2.0300000e+03   1.8972078e+02   5.7706085e-01
   2.0310000e+03   1.9148447e+02   5.8873266e-01
   2.0320000e+03   1.9339746e+02   6.0142579e-01
   2.0330000e+03   1.9564018e+02   6.1410305e-01
   2.0340000e+03   1.9811468e+02   6.2458492e-01
   2.0350000e+03   2.0000099e+02   6.3433883e-01
   2.0360000e+03   2.0157474e+02   6.4426163e-01
   2.0370000e+03   2.0313465e+02   6.5367397e-01
   2.0380000e+03   2.0427267e+02   6.6293897e-01
   2.0390000e+03   2.0604668e+02   6.7211420e-01
   2.0400000e+03   2.0783162e+02   6.8109051e-01
   2.0410000e+03   2.0976262e+02   6.9011077e-01
   2.0420000e+03   2.1124301e+02   6.9897523e-01
   2.0430000e+03   2.1317439e+02   7.0789404e-01
   2.0440000e+03   2.1530528e+02   7.1674279e-01
   2.0450000e+03   2.1753654e+02   7.2749537e-01
   2.0460000e+03   2.1917528e+02   7.3584730e-01
   2.0470000e+03   2.2063588e+02   7.4440295e-01
   2.0480000e+03   2.2195328e+02   7.5282550e-01
   2.0490000e+03   2.2366329e+02   7.6134480e-01
   2.0500000e+03   2.2527832e+02   7.6939510e-01
   2.0510000e+03   2.2666232e+02   7.7731756e-01
   2.0520000e+03   2.2773614e+02   7.8576164e-01
   2.0530000e+03   2.2979510e+02   7.9439170e-01
   2.0540000e+03   2.3132729e+02   8.0197383e-01
   2.0550000e+03   2.3278864e+02   8.1154062e-01
   2.0560000e+03   2.3373124e+02   8.2023901e-01
   2.0570000e+03   2.3544068e+02   8.2799761e-01
   2.0580000e+03   2.3749414e+02   8.3823924e-01
   2.0590000e+03   2.3892619e+02   8.4666804e-01
   2.0600000e+03   2.4093165e+02   8.5435398e-01
   2.0610000e+03   2.4252733e+02   8.6282986e-01
   2.0620000e+03   2.4411529e+02   8.7240913e-01
   2.0630000e+03   2.4515887e+02   8.7949481e-01
   2.0640000e+03   2.4634815e+02   8.8640363e-01
   2.0650000e+03   2.4761109e+02   8.9342376e-01
   2.0660000e+03   2.4855759e+02   9.0104335e-01
   2.0670000e+03   2.5026267e+02   9.1215399e-01
   2.0680000e+03   2.5155827e+02   9.2294373e-01
   2.0690000e+03   2.5333137e+02   9.3113353e-01
   2.0700000e+03   2.5501148e+02   9.3815005e-01
   2.0710000e+03   2.5644189e+02   9.4757909e-01
   2.0720000e+03   2.5788654e+02   9.5475142e-01
   2.0730000e+03   2.5937762e+02   9.6470061e-01
   2.0740000e+03   2.6055950e+02   9.7766973e-01
   2.0750000e+03   2.6161822e+02   9.8456809e-01
   2.0760000e+03   2.6342560e+02   9.9546986e-01
   2.0770000e+03   2.6474399e+02   1.0024225e+00
   2.0780000e+03   2.6626025e+02   1.0087845e+00
   2.0790000e+03   2.6745195e+02   1.0171059e+00
   2.0800000e+03   2.6875846e+02   1.0239932e+00
   2.0810000e+03   2.6981744e+02   1.0305255e+00
   2.0820000e+03   2.7129360e+02   1.0369769e+00
   2.0830000e+03   2.7312660e+02   1.0449144e+00
   2.0840000e+03   2.7431128e+02   1.0516242e+00
   2.0850000e+03   2.7561116e+02   1.0576180e+00
   2.0860000e+03   2.7722861e+02   1.0644357e+00
   2.0870000e+03   2.7851117e+02   1.0721275e+00
   2.0880000e+03   2.7972827e+02   1.0783287e+00
   2.0890000e+03   2.8110246e+02   1.0847891e+00
   2.0900000e+03   2.8236003e+02   1.0915662e+00
   2.0910000e+03   2.8371952e+02   1.0980319e+00
   2.0920000e+03   2.8483172e+02   1.1035031e+00
   2.0930000e+03   2.8578667e+02   1.1107537e+00
   2.0940000e+03   2.8673445e+02   1.1172574e+00
   2.0950000e+03   2.8749695e+02   1.1234204e+00
   2.0960000e+03   2.8855916e+02   1.1288892e+00
   2.0970000e+03   2.8964052e+02   1.1343596e+00
   2.0980000e+03   2.9045389e+02   1.1396007e+00
   2.0990000e+03   2.9144137e+02   1.1447561e+00
   2.1000000e+03   2.9259729e+02   1.1504675e+00
   2.1010000e+03             NaN             NaN
   2.1020000e+03             NaN             NaN
   2.1030000e+03             NaN             NaN
   2.1040000e+03             NaN             NaN
   2.1050000e+03             NaN             NaN
   2.1060000e+03             NaN             NaN
   2.1070000e+03             NaN             NaN
   2.1080000e+03             NaN             NaN
   2.1090000e+03             NaN             NaN
   2.1100000e+03             NaN             NaN
   2.1110000e+03             NaN             NaN
   2.1120000e+03             NaN             NaN
   2.1130000e+03             NaN             NaN
   2.1140000e+03             NaN             NaN
   2.1150000e+03             NaN             NaN
   2.1160000e+03             NaN             NaN
   2.1170000e+03             NaN             NaN
   2.1180000e+03             NaN             NaN
   2.1190000e+03             NaN             NaN
   2.1200000e+03             NaN             NaN
   2.1210000e+03             NaN             NaN
   2.1220000e+03             NaN             NaN
   2.1230000e+03             NaN             NaN
   2.1240000e+03             NaN             NaN
   2.1250000e+03             NaN             NaN
   2.1260000e+03             NaN             NaN
   2.1270000e+03             NaN             NaN
   2.1280000e+03             NaN             NaN
   2.1290000e+03             NaN             NaN
   2.1300000e+03             NaN             NaN
   2.1310000e+03             NaN             NaN
   2.1320000e+03             NaN             NaN
   2.1330000e+03             NaN             NaN
   2.1340000e+03             NaN             NaN
   2.1350000e+03             NaN             NaN
   2.1360000e+03             NaN             NaN
   2.1370000e+03             NaN             NaN
   2.1380000e+03             NaN             NaN
   2.1390000e+03             NaN             NaN
   2.1400000e+03             NaN             NaN
   2.1410000e+03             NaN             NaN
   2.1420000e+03             NaN             NaN
   2.1430000e+03             NaN             NaN
   2.1440000e+03             NaN             NaN
   2.1450000e+03             NaN             NaN
   2.1460000e+03             NaN             NaN
   2.1470000e+03             NaN             NaN
   2.1480000e+03             NaN             NaN
   2.1490000e+03             NaN             NaN
   2.1500000e+03             NaN             NaN
   2.1510000e+03             NaN             NaN
   2.1520000e+03             NaN             NaN
   2.1530000e+03             NaN             NaN
   2.1540000e+03             NaN             NaN
   2.1550000e+03             NaN             NaN
   2.1560000e+03             NaN             NaN
   2.1570000e+03             NaN             NaN
   2.1580000e+03             NaN             NaN
   2.1590000e+03             NaN             NaN
   2.1600000e+03             NaN             NaN
   2.1610000e+03             NaN             NaN
   2.1620000e+03             NaN             NaN
   2.1630000e+03             NaN             NaN
   2.1640000e+03             NaN             NaN
   2.1650000e+03             NaN             NaN
   2.1660000e+03             NaN             NaN
   2.1670000e+03             NaN             NaN
   2.1680000e+03             NaN             NaN
   2.1690000e+03             NaN             NaN
   2.1700000e+03             NaN             NaN
   2.1710000e+03             NaN             NaN
   2.1720000e+03             NaN             NaN
   2.1730000e+03             NaN             NaN
   2.1740000e+03             NaN             NaN
   2.1750000e+03             NaN             NaN
   2.1760000e+03             NaN             NaN
   2.1770000e+03             NaN             NaN
   2.1780000e+03             NaN             NaN
   2.1790000e+03             NaN             NaN
   2.1800000e+03             NaN             NaN
   2.1810000e+03             NaN             NaN
   2.1820000e+03             NaN             NaN
   2.1830000e+03             NaN             NaN
   2.1840000e+03             NaN             NaN
   2.1850000e+03             NaN             NaN
   2.1860000e+03             NaN             NaN
   2.1870000e+03             NaN             NaN
   2.1880000e+03             NaN             NaN
   2.1890000e+03             NaN             NaN
   2.1900000e+03             NaN             NaN
   2.1910000e+03             NaN             NaN
   2.1920000e+03             NaN             NaN
   2.1930000e+03             NaN             NaN
   2.1940000e+03             NaN             NaN
   2.1950000e+03             NaN             NaN
   2.1960000e+03             NaN             NaN
   2.1970000e+03             NaN             NaN
   2.1980000e+03             NaN             NaN
   2.1990000e+03             NaN             NaN
   2.2000000e+03             NaN             NaN
   2.2010000e+03             NaN             NaN
   2.2020000e+03             NaN             NaN
   2.2030000e+03             NaN             NaN
   2.2040000e+03             NaN             NaN
   2.2050000e+03             NaN             NaN
   2.2060000e+03             NaN             NaN
   2.2070000e+03             NaN             NaN
   2.2080000e+03             NaN             NaN
   2.2090000e+03             NaN             NaN
   2.2100000e+03             NaN             NaN
   2.2110000e+03             NaN             NaN
   2.2120000e+03             NaN             NaN
   2.2130000e+03             NaN             NaN
   2.2140000e+03             NaN             NaN
   2.2150000e+03             NaN             NaN
   2.2160000e+03             NaN             NaN
   2.2170000e+03             NaN             NaN
   2.2180000e+03             NaN             NaN
   2.2190000e+03             NaN             NaN
   2.2200000e+03             NaN             NaN
   2.2210000e+03             NaN             NaN
   2.2220000e+03             NaN             NaN
   2.2230000e+03             NaN             NaN
   2.2240000e+03             NaN             NaN
   2.2250000e+03             NaN             NaN
   2.2260000e+03             NaN             NaN
   2.2270000e+03             NaN             NaN
   2.2280000e+03             NaN             NaN
   2.2290000e+03             NaN             NaN
   2.2300000e+03             NaN             NaN
   2.2310000e+03             NaN             NaN
   2.2320000e+03             NaN             NaN
   2.2330000e+03             NaN             NaN
   2.2340000e+03             NaN             NaN
   2.2350000e+03             NaN             NaN
   2.2360000e+03             NaN             NaN
   2.2370000e+03             NaN             NaN
   2.2380000e+03             NaN             NaN
   2.2390000e+03             NaN             NaN
   2.2400000e+03             NaN             NaN
   2.2410000e+03             NaN             NaN
   2.2420000e+03             NaN             NaN
   2.2430000e+03             NaN             NaN
   2.2440000e+03             NaN             NaN
   2.2450000e+03             NaN             NaN
   2.2460000e+03             NaN             NaN
   2.2470000e+03             NaN             NaN
   2.2480000e+03             NaN             NaN
   2.2490000e+03             NaN             NaN
   2.2500000e+03             NaN             NaN
   2.2510000e+03             NaN             NaN
   2.2520000e+03             NaN             NaN
   2.2530000e+03             NaN             NaN
   2.2540000e+03             NaN             NaN
   2.2550000e+03             NaN             NaN
   2.2560000e+03             NaN             NaN
   2.2570000e+03             NaN             NaN
   2.2580000e+03             NaN             NaN
   2.2590000e+03             NaN             NaN
   2.2600000e+03             NaN             NaN
   2.2610000e+03             NaN             NaN
   2.2620000e+03             NaN             NaN
   2.2630000e+03             NaN             NaN
   2.2640000e+03             NaN             NaN
   2.2650000e+03             NaN             NaN
   2.2660000e+03             NaN             NaN
   2.2670000e+03             NaN             NaN
   2.2680000e+03             NaN             NaN
   2.2690000e+03             NaN             NaN
   2.2700000e+03             NaN             NaN
   2.2710000e+03             NaN             NaN
   2.2720000e+03             NaN             NaN
   2.2730000e+03             NaN             NaN
   2.2740000e+03             NaN             NaN
   2.2750000e+03             NaN             NaN
   2.2760000e+03             NaN             NaN
   2.2770000e+03             NaN             NaN
   2.2780000e+03             NaN             NaN
   2.2790000e+03             NaN             NaN
   2.2800000e+03             NaN             NaN
   2.2810000e+03             NaN             NaN
   2.2820000e+03             NaN             NaN
   2.2830000e+03             NaN             NaN
   2.2840000e+03             NaN             NaN
   2.2850000e+03             NaN             NaN
   2.2860000e+03             NaN             NaN
   2.2870000e+03             NaN             NaN
   2.2880000e+03             NaN             NaN
   2.2890000e+03             NaN             NaN
   2.2900000e+03             NaN             NaN
   2.2910000e+03             NaN             NaN
   2.2920000e+03             NaN             NaN
   2.2930000e+03             NaN             NaN
   2.2940000e+03             NaN             NaN
   2.2950000e+03             NaN             NaN
   2.2960000e+03             NaN             NaN
   2.2970000e+03             NaN             NaN
   2.2980000e+03             NaN             NaN
   2.2990000e+03             NaN             NaN
   2.3000000e+03             NaN             NaN
