   1.8500000e+03             NaN             NaN
   1.8510000e+03   7.3891262e-01   5.6178329e+00
   1.8520000e+03   4.4400324e-01   5.6154714e+00
   1.8530000e+03   9.8573919e-01   5.6142918e+00
   1.8540000e+03   1.8890645e-01   5.6122235e+00
   1.8550000e+03  -1.5548488e-01   5.6109001e+00
   1.8560000e+03   5.1730292e-02   5.6097190e+00
   1.8570000e+03   9.7514993e-01   5.6078110e+00
   1.8580000e+03   1.7842749e+00   5.5006809e+00
   1.8590000e+03   2.2928873e+00   5.3775754e+00
   1.8600000e+03   2.0357835e+00   5.3609192e+00
   1.8610000e+03   2.3701648e+00   5.3591350e+00
   1.8620000e+03   3.5532389e+00   5.3576135e+00
   1.8630000e+03   3.6416903e+00   5.2450992e+00
   1.8640000e+03   3.9907016e+00   5.2438330e+00
   1.8650000e+03   4.5801872e+00   5.2420184e+00
   1.8660000e+03   5.1370888e+00   5.2397799e+00
   1.8670000e+03   5.4365171e+00   5.1276536e+00
   1.8680000e+03   6.0399180e+00   5.1257205e+00
   1.8690000e+03   7.3500079e+00   5.1235361e+00
   1.8700000e+03   8.4851054e+00   5.0852527e+00
   1.8710000e+03   1.0163639e+01   5.0818437e+00
   1.8720000e+03   1.0676656e+01   4.9641179e+00
   1.8730000e+03   1.1010230e+01   4.9452625e+00
   1.8740000e+03   1.2355491e+01   4.9272281e+00
   1.8750000e+03   1.3454062e+01   4.8094301e+00
   1.8760000e+03   1.4933482e+01   4.6726254e+00
   1.8770000e+03   1.5562993e+01   4.6531137e+00
   1.8780000e+03   1.6041585e+01   4.6511320e+00
   1.8790000e+03   1.7268798e+01   4.6330579e+00
   1.8800000e+03   1.8021011e+01   4.6117925e+00
   1.8810000e+03   1.8479973e+01   4.5744129e+00
   1.8820000e+03   1.9045095e+01   4.5563899e+00
   1.8830000e+03   2.1795954e+01   4.5386884e+00
   1.8840000e+03   2.1142718e+01   4.3791007e+00
   1.8850000e+03   2.1437261e+01   4.3773669e+00
   1.8860000e+03   2.2380567e+01   4.3748462e+00
   1.8870000e+03   2.1936204e+01   4.2399591e+00
   1.8880000e+03   2.2933489e+01   4.2384008e+00
   1.8890000e+03   2.3306031e+01   4.2367398e+00
   1.8900000e+03   2.3576358e+01   4.2351222e+00
   1.8910000e+03   2.3667557e+01   4.2333625e+00
   1.8920000e+03   2.4411186e+01   4.2318039e+00
   1.8930000e+03   2.6138326e+01   4.2116957e+00
   1.8940000e+03   2.6990263e+01   4.0551345e+00
   1.8950000e+03   2.7208801e+01   3.9413763e+00
   1.8960000e+03   2.7814185e+01   3.9224072e+00
   1.8970000e+03   2.8706350e+01   3.9031499e+00
   1.8980000e+03   2.9677645e+01   3.7884111e+00
   1.8990000e+03   3.0527556e+01   3.6731511e+00
   1.9000000e+03   3.1540097e+01   3.6713521e+00
   1.9010000e+03   3.1785315e+01   3.6435527e+00
   1.9020000e+03   3.2803641e+01   3.6418830e+00
   1.9030000e+03   3.2762165e+01   3.5303984e+00
   1.9040000e+03   3.2908099e+01   3.4174449e+00
   1.9050000e+03   3.2912604e+01   3.4150556e+00
   1.9060000e+03   3.2681130e+01   3.4131322e+00
   1.9070000e+03   3.2494519e+01   3.4112133e+00
   1.9080000e+03   3.2474820e+01   3.4092941e+00
   1.9090000e+03   3.4411780e+01   3.4073682e+00
   1.9100000e+03   3.4716328e+01   3.2983862e+00
   1.9110000e+03   3.4932839e+01   3.2963764e+00
   1.9120000e+03   3.5249326e+01   3.1912312e+00
   1.9130000e+03   3.5963660e+01   3.1684149e+00
   1.9140000e+03   3.7045761e+01   3.1659290e+00
   1.9150000e+03   3.7537132e+01   3.1635167e+00
   1.9160000e+03   3.8364033e+01   3.0440509e+00
   1.9170000e+03   3.9647181e+01   2.9416217e+00
   1.9180000e+03   4.0518143e+01   2.9389366e+00
   1.9190000e+03   4.0523617e+01   2.8772897e+00
   1.9200000e+03   4.2078409e+01   2.8548842e+00
   1.9210000e+03   4.4260666e+01   2.8307252e+00
   1.9220000e+03   4.5704444e+01   2.7085598e+00
   1.9230000e+03   4.7829694e+01   2.6053316e+00
   1.9240000e+03   4.9327123e+01   2.5709274e+00
   1.9250000e+03   5.0527505e+01   2.5668196e+00
   1.9260000e+03   5.2439314e+01   2.4480251e+00
   1.9270000e+03   5.3219263e+01   2.4451189e+00
   1.9280000e+03   5.5017658e+01   2.4425754e+00
   1.9290000e+03   5.5506904e+01   2.3293313e+00
   1.9300000e+03   5.7306207e+01   2.3265461e+00
   1.9310000e+03   5.7643080e+01   2.2354322e+00
   1.9320000e+03   5.8470717e+01   2.2098696e+00
   1.9330000e+03   5.9326783e+01   2.2069484e+00
   1.9340000e+03   6.0748667e+01   2.2039512e+00
   1.9350000e+03   6.1102524e+01   2.1064879e+00
   1.9360000e+03   6.1939520e+01   2.1033940e+00
   1.9370000e+03   6.2927766e+01   2.0517007e+00
   1.9380000e+03   6.5231973e+01   2.0012511e+00
   1.9390000e+03   6.7388326e+01   1.8627157e+00
   1.9400000e+03   6.9599691e+01   1.8034608e+00
   1.9410000e+03   7.1746441e+01   1.7097033e+00
   1.9420000e+03   7.3015494e+01   1.5706941e+00
   1.9430000e+03   7.4623171e+01   1.5128673e+00
   1.9440000e+03   7.5553003e+01   1.3880595e+00
   1.9450000e+03   7.5773903e+01   1.3193400e+00
   1.9460000e+03   7.5983435e+01   1.3144338e+00
   1.9470000e+03   7.6498066e+01   1.2824036e+00
   1.9480000e+03   7.6901066e+01   1.2774234e+00
   1.9490000e+03   7.8571855e+01   1.2730463e+00
   1.9500000e+03   7.9155665e+01   1.2095775e+00
   1.9510000e+03   7.9969920e+01   1.1792832e+00
   1.9520000e+03   8.1637593e+01   1.1736533e+00
   1.9530000e+03   8.3424423e+01   1.0849276e+00
   1.9540000e+03   8.4234027e+01   1.0017162e+00
   1.9550000e+03   8.4925057e+01   9.9526681e-01
   1.9560000e+03   8.5888563e+01   9.8848208e-01
   1.9570000e+03   8.7440604e+01   9.8147117e-01
   1.9580000e+03   8.7945564e+01   9.4963631e-01
   1.9590000e+03   8.8530693e+01   9.4297238e-01
   1.9600000e+03   8.8585760e+01   9.1826633e-01
   1.9610000e+03   8.9816556e+01   9.1137820e-01
   1.9620000e+03   9.0411465e+01   8.8720602e-01
   1.9630000e+03   9.0483234e+01   8.8005595e-01
   1.9640000e+03   9.0688908e+01   8.7284831e-01
   1.9650000e+03   9.1433866e+01   8.6570297e-01
   1.9660000e+03   9.1614405e+01   8.5838961e-01
   1.9670000e+03   9.1900433e+01   8.5049998e-01
   1.9680000e+03   9.2933547e+01   8.4255895e-01
   1.9690000e+03   9.3300338e+01   8.2343275e-01
   1.9700000e+03   9.3819200e+01   8.0464453e-01
   1.9710000e+03   9.4124644e+01   7.9657867e-01
   1.9720000e+03   9.4567868e+01   7.8866040e-01
   1.9730000e+03   9.5660294e+01   7.8066913e-01
   1.9740000e+03   9.6512038e+01   7.4973021e-01
   1.9750000e+03   9.7363375e+01   7.3066436e-01
   1.9760000e+03   9.8107127e+01   7.0264020e-01
   1.9770000e+03   9.9235829e+01   6.9316510e-01
   1.9780000e+03   1.0047280e+02   6.5136771e-01
   1.9790000e+03   1.0150532e+02   6.1847250e-01
   1.9800000e+03   1.0287373e+02   5.9936737e-01
   1.9810000e+03   1.0428588e+02   5.8812177e-01
   1.9820000e+03   1.0564958e+02   5.7124471e-01
   1.9830000e+03   1.0674301e+02   5.5968308e-01
   1.9840000e+03   1.0821523e+02   5.4243419e-01
   1.9850000e+03   1.0908330e+02   5.2100755e-01
   1.9860000e+03   1.1012935e+02   5.0472127e-01
   1.9870000e+03   1.1115455e+02   4.9163133e-01
   1.9880000e+03   1.1227012e+02   4.7386300e-01
   1.9890000e+03   1.1350641e+02   4.5702990e-01
   1.9900000e+03   1.1565064e+02   4.4246525e-01
   1.9910000e+03   1.1787553e+02   4.2644252e-01
   1.9920000e+03   1.1879084e+02   4.0739629e-01
   1.9930000e+03   1.1978639e+02   3.9193645e-01
   1.9940000e+03   1.2034136e+02   3.7472598e-01
   1.9950000e+03   1.2122178e+02   3.5663478e-01
   1.9960000e+03   1.2212662e+02   3.3761157e-01
   1.9970000e+03   1.2370027e+02   3.1794615e-01
   1.9980000e+03   1.2520086e+02   2.9916552e-01
   1.9990000e+03   1.2678387e+02   2.7703537e-01
   2.0000000e+03   1.2865711e+02   2.5278966e-01
   2.0010000e+03   1.3099727e+02   2.2531970e-01
   2.0020000e+03   1.3392336e+02   1.9653225e-01
   2.0030000e+03   1.3540858e+02   1.9707749e-01
   2.0040000e+03   1.3706055e+02   1.9782194e-01
   2.0050000e+03   1.3820381e+02   1.9866351e-01
   2.0060000e+03   1.3937363e+02   1.9968733e-01
   2.0070000e+03   1.4097422e+02   2.2359327e-01
   2.0080000e+03   1.4320056e+02   2.4611425e-01
   2.0090000e+03   1.4470066e+02   2.6972309e-01
   2.0100000e+03   1.4695640e+02   2.9166659e-01
   2.0110000e+03   1.4790020e+02   3.1223480e-01
   2.0120000e+03   1.4954748e+02   3.3166740e-01
   2.0130000e+03   1.5141339e+02   3.5516041e-01
   2.0140000e+03   1.5269235e+02   3.7205470e-01
   2.0150000e+03   1.5461399e+02   3.8841798e-01
   2.0160000e+03   1.5634103e+02   4.0528038e-01
   2.0170000e+03   1.5756048e+02   4.2148304e-01
   2.0180000e+03   1.5923621e+02   4.3572434e-01
   2.0190000e+03   1.6031007e+02   4.4949260e-01
   2.0200000e+03   1.6192618e+02   4.6293313e-01
   2.0210000e+03   1.6313123e+02   4.7607529e-01
   2.0220000e+03   1.6473446e+02   4.8985999e-01
   2.0230000e+03   1.6646925e+02   5.0406798e-01
   2.0240000e+03   1.6795911e+02   5.1602333e-01
   2.0250000e+03   1.6958816e+02   5.2770036e-01
   2.0260000e+03   1.7117895e+02   5.3879784e-01
   2.0270000e+03   1.7306329e+02   5.5100311e-01
   2.0280000e+03   1.7481674e+02   5.6259203e-01
   2.0290000e+03   1.7688006e+02   5.7786994e-01
   2.0300000e+03   1.7897520e+02   5.8870161e-01
   2.0310000e+03   1.8078888e+02   5.9980806e-01
   2.0320000e+03   1.8287168e+02   6.1147092e-01
   2.0330000e+03   1.8455935e+02   6.2253323e-01
   2.0340000e+03   1.8625126e+02   6.3325808e-01
   2.0350000e+03   1.8784735e+02   6.4290267e-01
   2.0360000e+03   1.8978667e+02   6.5256933e-01
   2.0370000e+03   1.9211608e+02   6.6902898e-01
   2.0380000e+03   1.9434786e+02   6.7942093e-01
   2.0390000e+03   1.9598347e+02   6.8896523e-01
   2.0400000e+03   1.9770209e+02   6.9797311e-01
   2.0410000e+03   1.9913524e+02   7.1576862e-01
   2.0420000e+03   2.0073712e+02   7.2629961e-01
   2.0430000e+03   2.0222000e+02   7.3558874e-01
   2.0440000e+03   2.0415894e+02   7.4671973e-01
   2.0450000e+03   2.0614259e+02   7.5641252e-01
   2.0460000e+03   2.0808380e+02   7.6567724e-01
   2.0470000e+03   2.0947902e+02   7.7354370e-01
   2.0480000e+03   2.1149672e+02   7.8435020e-01
   2.0490000e+03   2.1268677e+02   7.9210132e-01
   2.0500000e+03   2.1382359e+02   8.0042858e-01
   2.0510000e+03   2.1504894e+02   8.0906776e-01
   2.0520000e+03   2.1662009e+02   8.1774804e-01
   2.0530000e+03   2.1788607e+02   8.2525550e-01
   2.0540000e+03   2.1959363e+02   8.3256926e-01
   2.0550000e+03   2.2081597e+02   8.5064670e-01
   2.0560000e+03   2.2238113e+02   8.8899155e-01
   2.0570000e+03   2.2358202e+02   9.0732290e-01
   2.0580000e+03   2.2466003e+02   9.1572158e-01
   2.0590000e+03   2.2595076e+02   9.2228137e-01
   2.0600000e+03   2.2681653e+02   9.2905277e-01
   2.0610000e+03   2.2811253e+02   9.3506715e-01
   2.0620000e+03   2.2922643e+02   9.4246980e-01
   2.0630000e+03   2.3032440e+02   9.4884149e-01
   2.0640000e+03   2.3111697e+02   9.5582212e-01
   2.0650000e+03   2.3199468e+02   9.6196848e-01
   2.0660000e+03   2.3295755e+02   9.6919140e-01
   2.0670000e+03   2.3380902e+02   9.7551432e-01
   2.0680000e+03   2.3480010e+02   9.8154600e-01
   2.0690000e+03   2.3576605e+02   9.8754977e-01
   2.0700000e+03   2.3670374e+02   9.9376993e-01
   2.0710000e+03   2.3834267e+02   9.9983016e-01
   2.0720000e+03   2.3942270e+02   1.0057861e+00
   2.0730000e+03   2.4036074e+02   1.0118992e+00
   2.0740000e+03   2.4152325e+02   1.0181226e+00
   2.0750000e+03   2.4316247e+02   1.0272805e+00
   2.0760000e+03   2.4394791e+02   1.0334610e+00
   2.0770000e+03   2.4456080e+02   1.0392128e+00
   2.0780000e+03   2.4580218e+02   1.0448343e+00
   2.0790000e+03   2.4646995e+02   1.0512177e+00
   2.0800000e+03   2.4749065e+02   1.0569873e+00
   2.0810000e+03   2.4826059e+02   1.0625552e+00
   2.0820000e+03   2.4920280e+02   1.0681731e+00
   2.0830000e+03   2.4982887e+02   1.0735980e+00
   2.0840000e+03   2.5057986e+02   1.0790264e+00
   2.0850000e+03   2.5158633e+02   1.0844941e+00
   2.0860000e+03   2.5230247e+02   1.0898729e+00
   2.0870000e+03   2.5313723e+02   1.0951831e+00
   2.0880000e+03   2.5405728e+02   1.1012755e+00
   2.0890000e+03   2.5510211e+02   1.1072870e+00
   2.0900000e+03   2.5590680e+02   1.1129878e+00
   2.0910000e+03   2.5676226e+02   1.1349136e+00
   2.0920000e+03   2.5771941e+02   1.1410797e+00
   2.0930000e+03   2.5904206e+02   1.1462485e+00
   2.0940000e+03   2.6021640e+02   1.1517572e+00
   2.0950000e+03   2.6109689e+02   1.1580300e+00
   2.0960000e+03   2.6187314e+02   1.1631651e+00
   2.0970000e+03   2.6229400e+02   1.1682411e+00
   2.0980000e+03   2.6337625e+02   1.1737705e+00
   2.0990000e+03   2.6373712e+02   1.1788016e+00
   2.1000000e+03   2.6450097e+02   1.1838588e+00
   2.1010000e+03             NaN             NaN
   2.1020000e+03             NaN             NaN
   2.1030000e+03             NaN             NaN
   2.1040000e+03             NaN             NaN
   2.1050000e+03             NaN             NaN
   2.1060000e+03             NaN             NaN
   2.1070000e+03             NaN             NaN
   2.1080000e+03             NaN             NaN
   2.1090000e+03             NaN             NaN
   2.1100000e+03             NaN             NaN
   2.1110000e+03             NaN             NaN
   2.1120000e+03             NaN             NaN
   2.1130000e+03             NaN             NaN
   2.1140000e+03             NaN             NaN
   2.1150000e+03             NaN             NaN
   2.1160000e+03             NaN             NaN
   2.1170000e+03             NaN             NaN
   2.1180000e+03             NaN             NaN
   2.1190000e+03             NaN             NaN
   2.1200000e+03             NaN             NaN
   2.1210000e+03             NaN             NaN
   2.1220000e+03             NaN             NaN
   2.1230000e+03             NaN             NaN
   2.1240000e+03             NaN             NaN
   2.1250000e+03             NaN             NaN
   2.1260000e+03             NaN             NaN
   2.1270000e+03             NaN             NaN
   2.1280000e+03             NaN             NaN
   2.1290000e+03             NaN             NaN
   2.1300000e+03             NaN             NaN
   2.1310000e+03             NaN             NaN
   2.1320000e+03             NaN             NaN
   2.1330000e+03             NaN             NaN
   2.1340000e+03             NaN             NaN
   2.1350000e+03             NaN             NaN
   2.1360000e+03             NaN             NaN
   2.1370000e+03             NaN             NaN
   2.1380000e+03             NaN             NaN
   2.1390000e+03             NaN             NaN
   2.1400000e+03             NaN             NaN
   2.1410000e+03             NaN             NaN
   2.1420000e+03             NaN             NaN
   2.1430000e+03             NaN             NaN
   2.1440000e+03             NaN             NaN
   2.1450000e+03             NaN             NaN
   2.1460000e+03             NaN             NaN
   2.1470000e+03             NaN             NaN
   2.1480000e+03             NaN             NaN
   2.1490000e+03             NaN             NaN
   2.1500000e+03             NaN             NaN
   2.1510000e+03             NaN             NaN
   2.1520000e+03             NaN             NaN
   2.1530000e+03             NaN             NaN
   2.1540000e+03             NaN             NaN
   2.1550000e+03             NaN             NaN
   2.1560000e+03             NaN             NaN
   2.1570000e+03             NaN             NaN
   2.1580000e+03             NaN             NaN
   2.1590000e+03             NaN             NaN
   2.1600000e+03             NaN             NaN
   2.1610000e+03             NaN             NaN
   2.1620000e+03             NaN             NaN
   2.1630000e+03             NaN             NaN
   2.1640000e+03             NaN             NaN
   2.1650000e+03             NaN             NaN
   2.1660000e+03             NaN             NaN
   2.1670000e+03             NaN             NaN
   2.1680000e+03             NaN             NaN
   2.1690000e+03             NaN             NaN
   2.1700000e+03             NaN             NaN
   2.1710000e+03             NaN             NaN
   2.1720000e+03             NaN             NaN
   2.1730000e+03             NaN             NaN
   2.1740000e+03             NaN             NaN
   2.1750000e+03             NaN             NaN
   2.1760000e+03             NaN             NaN
   2.1770000e+03             NaN             NaN
   2.1780000e+03             NaN             NaN
   2.1790000e+03             NaN             NaN
   2.1800000e+03             NaN             NaN
   2.1810000e+03             NaN             NaN
   2.1820000e+03             NaN             NaN
   2.1830000e+03             NaN             NaN
   2.1840000e+03             NaN             NaN
   2.1850000e+03             NaN             NaN
   2.1860000e+03             NaN             NaN
   2.1870000e+03             NaN             NaN
   2.1880000e+03             NaN             NaN
   2.1890000e+03             NaN             NaN
   2.1900000e+03             NaN             NaN
   2.1910000e+03             NaN             NaN
   2.1920000e+03             NaN             NaN
   2.1930000e+03             NaN             NaN
   2.1940000e+03             NaN             NaN
   2.1950000e+03             NaN             NaN
   2.1960000e+03             NaN             NaN
   2.1970000e+03             NaN             NaN
   2.1980000e+03             NaN             NaN
   2.1990000e+03             NaN             NaN
   2.2000000e+03             NaN             NaN
   2.2010000e+03             NaN             NaN
   2.2020000e+03             NaN             NaN
   2.2030000e+03             NaN             NaN
   2.2040000e+03             NaN             NaN
   2.2050000e+03             NaN             NaN
   2.2060000e+03             NaN             NaN
   2.2070000e+03             NaN             NaN
   2.2080000e+03             NaN             NaN
   2.2090000e+03             NaN             NaN
   2.2100000e+03             NaN             NaN
   2.2110000e+03             NaN             NaN
   2.2120000e+03             NaN             NaN
   2.2130000e+03             NaN             NaN
   2.2140000e+03             NaN             NaN
   2.2150000e+03             NaN             NaN
   2.2160000e+03             NaN             NaN
   2.2170000e+03             NaN             NaN
   2.2180000e+03             NaN             NaN
   2.2190000e+03             NaN             NaN
   2.2200000e+03             NaN             NaN
   2.2210000e+03             NaN             NaN
   2.2220000e+03             NaN             NaN
   2.2230000e+03             NaN             NaN
   2.2240000e+03             NaN             NaN
   2.2250000e+03             NaN             NaN
   2.2260000e+03             NaN             NaN
   2.2270000e+03             NaN             NaN
   2.2280000e+03             NaN             NaN
   2.2290000e+03             NaN             NaN
   2.2300000e+03             NaN             NaN
   2.2310000e+03             NaN             NaN
   2.2320000e+03             NaN             NaN
   2.2330000e+03             NaN             NaN
   2.2340000e+03             NaN             NaN
   2.2350000e+03             NaN             NaN
   2.2360000e+03             NaN             NaN
   2.2370000e+03             NaN             NaN
   2.2380000e+03             NaN             NaN
   2.2390000e+03             NaN             NaN
   2.2400000e+03             NaN             NaN
   2.2410000e+03             NaN             NaN
   2.2420000e+03             NaN             NaN
   2.2430000e+03             NaN             NaN
   2.2440000e+03             NaN             NaN
   2.2450000e+03             NaN             NaN
   2.2460000e+03             NaN             NaN
   2.2470000e+03             NaN             NaN
   2.2480000e+03             NaN             NaN
   2.2490000e+03             NaN             NaN
   2.2500000e+03             NaN             NaN
   2.2510000e+03             NaN             NaN
   2.2520000e+03             NaN             NaN
   2.2530000e+03             NaN             NaN
   2.2540000e+03             NaN             NaN
   2.2550000e+03             NaN             NaN
   2.2560000e+03             NaN             NaN
   2.2570000e+03             NaN             NaN
   2.2580000e+03             NaN             NaN
   2.2590000e+03             NaN             NaN
   2.2600000e+03             NaN             NaN
   2.2610000e+03             NaN             NaN
   2.2620000e+03             NaN             NaN
   2.2630000e+03             NaN             NaN
   2.2640000e+03             NaN             NaN
   2.2650000e+03             NaN             NaN
   2.2660000e+03             NaN             NaN
   2.2670000e+03             NaN             NaN
   2.2680000e+03             NaN             NaN
   2.2690000e+03             NaN             NaN
   2.2700000e+03             NaN             NaN
   2.2710000e+03             NaN             NaN
   2.2720000e+03             NaN             NaN
   2.2730000e+03             NaN             NaN
   2.2740000e+03             NaN             NaN
   2.2750000e+03             NaN             NaN
   2.2760000e+03             NaN             NaN
   2.2770000e+03             NaN             NaN
   2.2780000e+03             NaN             NaN
   2.2790000e+03             NaN             NaN
   2.2800000e+03             NaN             NaN
   2.2810000e+03             NaN             NaN
   2.2820000e+03             NaN             NaN
   2.2830000e+03             NaN             NaN
   2.2840000e+03             NaN             NaN
   2.2850000e+03             NaN             NaN
   2.2860000e+03             NaN             NaN
   2.2870000e+03             NaN             NaN
   2.2880000e+03             NaN             NaN
   2.2890000e+03             NaN             NaN
   2.2900000e+03             NaN             NaN
   2.2910000e+03             NaN             NaN
   2.2920000e+03             NaN             NaN
   2.2930000e+03             NaN             NaN
   2.2940000e+03             NaN             NaN
   2.2950000e+03             NaN             NaN
   2.2960000e+03             NaN             NaN
   2.2970000e+03             NaN             NaN
   2.2980000e+03             NaN             NaN
   2.2990000e+03             NaN             NaN
   2.3000000e+03             NaN             NaN
