   1.8500000e+03             NaN             NaN
   1.8510000e+03   7.2223501e-01   1.5523004e+01
   1.8520000e+03   1.2064740e+00   1.5393137e+01
   1.8530000e+03   2.8968598e+00   1.5392436e+01
   1.8540000e+03   5.0484826e+00   1.5123595e+01
   1.8550000e+03   7.9775132e+00   1.4850645e+01
   1.8560000e+03   8.5535011e+00   1.4707409e+01
   1.8570000e+03   8.5068128e+00   1.4706744e+01
   1.8580000e+03   8.9333643e+00   1.4706104e+01
   1.8590000e+03   1.0104015e+01   1.4562125e+01
   1.8600000e+03   1.0741654e+01   1.4446352e+01
   1.8610000e+03   1.1614621e+01   1.4445670e+01
   1.8620000e+03   1.2801004e+01   1.4444639e+01
   1.8630000e+03   1.3448063e+01   1.4430776e+01
   1.8640000e+03   1.4199312e+01   1.4430120e+01
   1.8650000e+03   1.5963642e+01   1.4429363e+01
   1.8660000e+03   2.1776757e+01   1.4283111e+01
   1.8670000e+03   2.2228417e+01   1.4135419e+01
   1.8680000e+03   2.4461992e+01   1.4134754e+01
   1.8690000e+03   2.8128768e+01   1.3986011e+01
   1.8700000e+03   2.9015089e+01   1.3835869e+01
   1.8710000e+03   3.0350426e+01   1.3835159e+01
   1.8720000e+03   3.7196217e+01   1.3684098e+01
   1.8730000e+03   3.6865232e+01   1.3531652e+01
   1.8740000e+03   3.7745019e+01   1.3530961e+01
   1.8750000e+03   3.8084655e+01   1.3530223e+01
   1.8760000e+03   3.8215906e+01   1.3529533e+01
   1.8770000e+03   4.0931097e+01   1.3528825e+01
   1.8780000e+03   4.3667860e+01   1.3377454e+01
   1.8790000e+03   4.4060226e+01   1.3224926e+01
   1.8800000e+03   4.4544451e+01   1.3210245e+01
   1.8810000e+03   4.4882555e+01   1.3209488e+01
   1.8820000e+03   4.5716482e+01   1.3208787e+01
   1.8830000e+03   4.6134660e+01   1.3071046e+01
   1.8840000e+03   4.6394994e+01   1.3070334e+01
   1.8850000e+03   4.6614505e+01   1.3069576e+01
   1.8860000e+03   4.6887640e+01   1.3068835e+01
   1.8870000e+03   4.7092343e+01   1.3068131e+01
   1.8880000e+03   4.7654883e+01   1.3067428e+01
   1.8890000e+03   4.7708722e+01   1.3066700e+01
   1.8900000e+03   4.8263055e+01   1.3066003e+01
   1.8910000e+03   4.8978926e+01   1.2917172e+01
   1.8920000e+03   5.1090851e+01   1.2916399e+01
   1.8930000e+03   5.1969687e+01   1.2766834e+01
   1.8940000e+03   5.6442060e+01   1.2766095e+01
   1.8950000e+03   5.9597564e+01   1.2464668e+01
   1.8960000e+03   6.6305502e+01   1.2157191e+01
   1.8970000e+03   7.0705404e+01   1.2000703e+01
   1.8980000e+03   7.0832942e+01   1.1843352e+01
   1.8990000e+03   7.1938871e+01   1.1842591e+01
   1.9000000e+03   7.2551913e+01   1.1685703e+01
   1.9010000e+03   7.4984709e+01   1.1527957e+01
   1.9020000e+03   7.6457968e+01   1.1369246e+01
   1.9030000e+03   7.7039770e+01   1.1209731e+01
   1.9040000e+03   7.7149844e+01   1.1049292e+01
   1.9050000e+03   7.7431395e+01   1.1048427e+01
   1.9060000e+03   7.9397147e+01   1.1047552e+01
   1.9070000e+03   7.9579249e+01   1.0888952e+01
   1.9080000e+03   8.7767680e+01   1.0871385e+01
   1.9090000e+03   9.2547773e+01   1.0552912e+01
   1.9100000e+03   9.4218873e+01   1.0391295e+01
   1.9110000e+03   9.6771886e+01   1.0083649e+01
   1.9120000e+03   9.7708755e+01   9.9188941e+00
   1.9130000e+03   9.7944178e+01   9.7536678e+00
   1.9140000e+03   1.0103396e+02   9.7527821e+00
   1.9150000e+03   1.0246134e+02   9.4431311e+00
   1.9160000e+03   1.0285778e+02   9.2765880e+00
   1.9170000e+03   1.0347129e+02   9.2756421e+00
   1.9180000e+03   1.0519258e+02   9.1109807e+00
   1.9190000e+03   1.0577786e+02   8.9255630e+00
   1.9200000e+03   1.0652166e+02   8.9245558e+00
   1.9210000e+03   1.0762589e+02   8.7808542e+00
   1.9220000e+03   1.0838319e+02   8.4707498e+00
   1.9230000e+03   1.0856513e+02   8.3238988e+00
   1.9240000e+03   1.0876184e+02   8.3228693e+00
   1.9250000e+03   1.1274955e+02   8.3218713e+00
   1.9260000e+03   1.1453659e+02   8.1572461e+00
   1.9270000e+03   1.1694413e+02   7.9916911e+00
   1.9280000e+03   1.1836844e+02   7.8025699e+00
   1.9290000e+03   1.2228470e+02   7.6347000e+00
   1.9300000e+03   1.2352064e+02   7.4658754e+00
   1.9310000e+03   1.2523891e+02   7.2966071e+00
   1.9320000e+03   1.2612326e+02   7.1263327e+00
   1.9330000e+03   1.2771163e+02   6.9553279e+00
   1.9340000e+03   1.2975520e+02   6.7577523e+00
   1.9350000e+03   1.3134399e+02   6.5841727e+00
   1.9360000e+03   1.3201388e+02   6.2591713e+00
   1.9370000e+03   1.3337741e+02   6.1075008e+00
   1.9380000e+03   1.3413684e+02   5.9267339e+00
   1.9390000e+03   1.3494762e+02   5.9253928e+00
   1.9400000e+03   1.3572224e+02   5.9240403e+00
   1.9410000e+03   1.3993818e+02   5.7487760e+00
   1.9420000e+03   1.4104663e+02   5.3897804e+00
   1.9430000e+03   1.4148764e+02   5.2044799e+00
   1.9440000e+03   1.4406226e+02   5.2030499e+00
   1.9450000e+03   1.4901137e+02   5.0198267e+00
   1.9460000e+03   1.4949881e+02   4.8335178e+00
   1.9470000e+03   1.5128277e+02   4.8319439e+00
   1.9480000e+03   1.5407320e+02   4.6501147e+00
   1.9490000e+03   1.5593221e+02   4.2774665e+00
   1.9500000e+03   1.5757884e+02   4.0840995e+00
   1.9510000e+03   1.6038888e+02   3.8883050e+00
   1.9520000e+03   1.6089770e+02   3.4816959e+00
   1.9530000e+03   1.6133130e+02   3.3153655e+00
   1.9540000e+03   1.6324326e+02   3.3131323e+00
   1.9550000e+03   1.6548135e+02   3.1051038e+00
   1.9560000e+03   1.6583552e+02   2.8912901e+00
   1.9570000e+03   1.6782134e+02   2.8888044e+00
   1.9580000e+03   1.7038502e+02   2.6775952e+00
   1.9590000e+03   1.7361471e+02   2.2868921e+00
   1.9600000e+03   1.7713552e+02   2.0392356e+00
   1.9610000e+03   1.7769963e+02   1.7729841e+00
   1.9620000e+03   1.7899370e+02   1.7689081e+00
   1.9630000e+03   1.8087863e+02   1.5979951e+00
   1.9640000e+03   1.8168339e+02   1.4301414e+00
   1.9650000e+03   1.8295050e+02   1.4253098e+00
   1.9660000e+03   1.8407040e+02   1.2809756e+00
   1.9670000e+03   1.8430474e+02   1.1386255e+00
   1.9680000e+03   1.8447579e+02   1.1327806e+00
   1.9690000e+03   1.8499510e+02   1.1270670e+00
   1.9700000e+03   1.8665592e+02   1.1212569e+00
   1.9710000e+03   1.8805926e+02   1.0321699e+00
   1.9720000e+03   1.8891038e+02   9.4759195e-01
   1.9730000e+03   1.9002214e+02   8.7057316e-01
   1.9740000e+03   1.9088722e+02   7.3123290e-01
   1.9750000e+03   1.9134762e+02   6.6012306e-01
   1.9760000e+03   1.9179191e+02   6.5047376e-01
   1.9770000e+03   1.9273285e+02   6.4073579e-01
   1.9780000e+03   1.9293347e+02   5.9545346e-01
   1.9790000e+03   1.9333754e+02   5.8540600e-01
   1.9800000e+03   1.9323966e+02   5.7462447e-01
   1.9810000e+03   1.9370458e+02   5.6366605e-01
   1.9820000e+03   1.9417299e+02   5.5269260e-01
   1.9830000e+03   1.9483921e+02   5.4132668e-01
   1.9840000e+03   1.9586684e+02   5.2968841e-01
   1.9850000e+03   1.9705498e+02   5.0842574e-01
   1.9860000e+03   1.9809957e+02   4.8797766e-01
   1.9870000e+03   1.9902317e+02   4.7789810e-01
   1.9880000e+03   2.0006003e+02   4.6471060e-01
   1.9890000e+03   2.0064069e+02   4.4629808e-01
   1.9900000e+03   2.0092484e+02   4.3220987e-01
   1.9910000e+03   2.0150409e+02   4.1773359e-01
   1.9920000e+03   2.0186888e+02   4.0274551e-01
   1.9930000e+03   2.0188270e+02   3.8487363e-01
   1.9940000e+03   2.0168005e+02   3.6889611e-01
   1.9950000e+03   2.0223358e+02   3.5182191e-01
   1.9960000e+03   2.0315019e+02   3.3397140e-01
   1.9970000e+03   2.0383047e+02   3.1494226e-01
   1.9980000e+03   2.0484116e+02   2.9469414e-01
   1.9990000e+03   2.0576184e+02   2.7302297e-01
   2.0000000e+03   2.0671143e+02   2.4947940e-01
   2.0010000e+03   2.0774847e+02   2.2337702e-01
   2.0020000e+03   2.0843066e+02   1.9437338e-01
   2.0030000e+03   2.0886027e+02   1.9494123e-01
   2.0040000e+03   2.0995512e+02   1.9587203e-01
   2.0050000e+03   2.1053103e+02   1.9657666e-01
   2.0060000e+03   2.1144174e+02   1.9758420e-01
   2.0070000e+03   2.1251383e+02   2.2159540e-01
   2.0080000e+03   2.1270345e+02   2.4322105e-01
   2.0090000e+03   2.1342636e+02   2.6700230e-01
   2.0100000e+03   2.1449039e+02   2.8903275e-01
   2.0110000e+03   2.1598267e+02   3.0950031e-01
   2.0120000e+03   2.1666089e+02   3.2873570e-01
   2.0130000e+03   2.1740260e+02   3.4680946e-01
   2.0140000e+03   2.1824798e+02   3.6400176e-01
   2.0150000e+03   2.1882579e+02   3.8040578e-01
   2.0160000e+03   2.1933353e+02   3.9612049e-01
   2.0170000e+03   2.2012749e+02   4.1137454e-01
   2.0180000e+03   2.2042944e+02   4.2594734e-01
   2.0190000e+03   2.2098926e+02   4.4000564e-01
   2.0200000e+03   2.2151139e+02   4.5367594e-01
   2.0210000e+03   2.2251518e+02   4.6696660e-01
   2.0220000e+03   2.2383182e+02   4.8087939e-01
   2.0230000e+03   2.2512384e+02   4.9107832e-01
   2.0240000e+03   2.2625677e+02   5.0333084e-01
   2.0250000e+03   2.2794247e+02   5.1547205e-01
   2.0260000e+03   2.2945126e+02   5.2790461e-01
   2.0270000e+03   2.3076733e+02   5.4194525e-01
   2.0280000e+03   2.3168801e+02   5.5329115e-01
   2.0290000e+03   2.3285957e+02   5.6456080e-01
   2.0300000e+03   2.3362825e+02   5.7521095e-01
   2.0310000e+03   2.3505283e+02   5.8646993e-01
   2.0320000e+03   2.3665626e+02   5.9711628e-01
   2.0330000e+03   2.3775896e+02   6.0728163e-01
   2.0340000e+03   2.3872614e+02   6.1666082e-01
   2.0350000e+03   2.3953731e+02   6.2666513e-01
   2.0360000e+03   2.4046162e+02   6.3625704e-01
   2.0370000e+03   2.4150995e+02   6.4596848e-01
   2.0380000e+03   2.4240461e+02   6.5546831e-01
   2.0390000e+03   2.4314975e+02   6.6462159e-01
   2.0400000e+03   2.4391984e+02   6.7371406e-01
   2.0410000e+03   2.4501757e+02   6.8311780e-01
   2.0420000e+03   2.4605760e+02   6.9296065e-01
   2.0430000e+03   2.4757631e+02   7.0187169e-01
   2.0440000e+03   2.4877659e+02   7.1133714e-01
   2.0450000e+03   2.4991693e+02   7.2067508e-01
   2.0460000e+03   2.5099146e+02   7.2903737e-01
   2.0470000e+03   2.5238610e+02   7.3816453e-01
   2.0480000e+03   2.5395864e+02   7.4634486e-01
   2.0490000e+03   2.5560464e+02   7.5451344e-01
   2.0500000e+03   2.5696494e+02   7.6312538e-01
   2.0510000e+03   2.5810412e+02   7.7165413e-01
   2.0520000e+03   2.5909519e+02   7.8058307e-01
   2.0530000e+03   2.5963883e+02   7.8830578e-01
   2.0540000e+03   2.6061648e+02   7.9596584e-01
   2.0550000e+03   2.6214908e+02   8.0372076e-01
   2.0560000e+03   2.6322565e+02   8.1123876e-01
   2.0570000e+03   2.6459767e+02   8.1890343e-01
   2.0580000e+03   2.6574509e+02   8.2641464e-01
   2.0590000e+03   2.6664435e+02   8.3496866e-01
   2.0600000e+03   2.6824790e+02   8.4227747e-01
   2.0610000e+03   2.6894718e+02   8.4941291e-01
   2.0620000e+03   2.6975057e+02   8.5662048e-01
   2.0630000e+03   2.7057864e+02   8.6358296e-01
   2.0640000e+03   2.7193754e+02   8.7061154e-01
   2.0650000e+03   2.7323432e+02   8.7832641e-01
   2.0660000e+03   2.7468127e+02   8.8532333e-01
   2.0670000e+03   2.7574365e+02   8.9250949e-01
   2.0680000e+03   2.7636369e+02   8.9953338e-01
   2.0690000e+03   2.7758048e+02   9.0645196e-01
   2.0700000e+03   2.7851008e+02   9.1311649e-01
   2.0710000e+03   2.7969640e+02   9.1979249e-01
   2.0720000e+03   2.8092590e+02   9.2653692e-01
   2.0730000e+03   2.8243625e+02   9.3368621e-01
   2.0740000e+03   2.8425676e+02   9.4600095e-01
   2.0750000e+03   2.8587580e+02   9.5532048e-01
   2.0760000e+03   2.8709254e+02   9.6326668e-01
   2.0770000e+03   2.8954876e+02   9.8290071e-01
   2.0780000e+03   2.9124045e+02   9.8915191e-01
   2.0790000e+03   2.9263841e+02   9.9572941e-01
   2.0800000e+03   2.9384111e+02   1.0020834e+00
   2.0810000e+03   2.9530380e+02   1.0087550e+00
   2.0820000e+03   2.9694005e+02   1.0149451e+00
   2.0830000e+03   2.9876190e+02   1.0220844e+00
   2.0840000e+03   3.0016321e+02   1.0285915e+00
   2.0850000e+03   3.0153367e+02   1.0352974e+00
   2.0860000e+03   3.0312747e+02   1.0430356e+00
   2.0870000e+03   3.0486777e+02   1.0491453e+00
   2.0880000e+03   3.0611954e+02   1.0549443e+00
   2.0890000e+03   3.0722056e+02   1.0619809e+00
   2.0900000e+03   3.0873619e+02   1.0691054e+00
   2.0910000e+03   3.0971217e+02   1.0753487e+00
   2.0920000e+03   3.1121729e+02   1.0813239e+00
   2.0930000e+03   3.1278011e+02   1.0886940e+00
   2.0940000e+03   3.1443334e+02   1.0983736e+00
   2.0950000e+03   3.1549716e+02   1.1049412e+00
   2.0960000e+03   3.1620440e+02   1.1101993e+00
   2.0970000e+03   3.1699004e+02   1.1157414e+00
   2.0980000e+03   3.1786594e+02   1.1214727e+00
   2.0990000e+03   3.1875334e+02   1.1271884e+00
   2.1000000e+03   3.1980735e+02   1.1329517e+00
   2.1010000e+03             NaN             NaN
   2.1020000e+03             NaN             NaN
   2.1030000e+03             NaN             NaN
   2.1040000e+03             NaN             NaN
   2.1050000e+03             NaN             NaN
   2.1060000e+03             NaN             NaN
   2.1070000e+03             NaN             NaN
   2.1080000e+03             NaN             NaN
   2.1090000e+03             NaN             NaN
   2.1100000e+03             NaN             NaN
   2.1110000e+03             NaN             NaN
   2.1120000e+03             NaN             NaN
   2.1130000e+03             NaN             NaN
   2.1140000e+03             NaN             NaN
   2.1150000e+03             NaN             NaN
   2.1160000e+03             NaN             NaN
   2.1170000e+03             NaN             NaN
   2.1180000e+03             NaN             NaN
   2.1190000e+03             NaN             NaN
   2.1200000e+03             NaN             NaN
   2.1210000e+03             NaN             NaN
   2.1220000e+03             NaN             NaN
   2.1230000e+03             NaN             NaN
   2.1240000e+03             NaN             NaN
   2.1250000e+03             NaN             NaN
   2.1260000e+03             NaN             NaN
   2.1270000e+03             NaN             NaN
   2.1280000e+03             NaN             NaN
   2.1290000e+03             NaN             NaN
   2.1300000e+03             NaN             NaN
   2.1310000e+03             NaN             NaN
   2.1320000e+03             NaN             NaN
   2.1330000e+03             NaN             NaN
   2.1340000e+03             NaN             NaN
   2.1350000e+03             NaN             NaN
   2.1360000e+03             NaN             NaN
   2.1370000e+03             NaN             NaN
   2.1380000e+03             NaN             NaN
   2.1390000e+03             NaN             NaN
   2.1400000e+03             NaN             NaN
   2.1410000e+03             NaN             NaN
   2.1420000e+03             NaN             NaN
   2.1430000e+03             NaN             NaN
   2.1440000e+03             NaN             NaN
   2.1450000e+03             NaN             NaN
   2.1460000e+03             NaN             NaN
   2.1470000e+03             NaN             NaN
   2.1480000e+03             NaN             NaN
   2.1490000e+03             NaN             NaN
   2.1500000e+03             NaN             NaN
   2.1510000e+03             NaN             NaN
   2.1520000e+03             NaN             NaN
   2.1530000e+03             NaN             NaN
   2.1540000e+03             NaN             NaN
   2.1550000e+03             NaN             NaN
   2.1560000e+03             NaN             NaN
   2.1570000e+03             NaN             NaN
   2.1580000e+03             NaN             NaN
   2.1590000e+03             NaN             NaN
   2.1600000e+03             NaN             NaN
   2.1610000e+03             NaN             NaN
   2.1620000e+03             NaN             NaN
   2.1630000e+03             NaN             NaN
   2.1640000e+03             NaN             NaN
   2.1650000e+03             NaN             NaN
   2.1660000e+03             NaN             NaN
   2.1670000e+03             NaN             NaN
   2.1680000e+03             NaN             NaN
   2.1690000e+03             NaN             NaN
   2.1700000e+03             NaN             NaN
   2.1710000e+03             NaN             NaN
   2.1720000e+03             NaN             NaN
   2.1730000e+03             NaN             NaN
   2.1740000e+03             NaN             NaN
   2.1750000e+03             NaN             NaN
   2.1760000e+03             NaN             NaN
   2.1770000e+03             NaN             NaN
   2.1780000e+03             NaN             NaN
   2.1790000e+03             NaN             NaN
   2.1800000e+03             NaN             NaN
   2.1810000e+03             NaN             NaN
   2.1820000e+03             NaN             NaN
   2.1830000e+03             NaN             NaN
   2.1840000e+03             NaN             NaN
   2.1850000e+03             NaN             NaN
   2.1860000e+03             NaN             NaN
   2.1870000e+03             NaN             NaN
   2.1880000e+03             NaN             NaN
   2.1890000e+03             NaN             NaN
   2.1900000e+03             NaN             NaN
   2.1910000e+03             NaN             NaN
   2.1920000e+03             NaN             NaN
   2.1930000e+03             NaN             NaN
   2.1940000e+03             NaN             NaN
   2.1950000e+03             NaN             NaN
   2.1960000e+03             NaN             NaN
   2.1970000e+03             NaN             NaN
   2.1980000e+03             NaN             NaN
   2.1990000e+03             NaN             NaN
   2.2000000e+03             NaN             NaN
   2.2010000e+03             NaN             NaN
   2.2020000e+03             NaN             NaN
   2.2030000e+03             NaN             NaN
   2.2040000e+03             NaN             NaN
   2.2050000e+03             NaN             NaN
   2.2060000e+03             NaN             NaN
   2.2070000e+03             NaN             NaN
   2.2080000e+03             NaN             NaN
   2.2090000e+03             NaN             NaN
   2.2100000e+03             NaN             NaN
   2.2110000e+03             NaN             NaN
   2.2120000e+03             NaN             NaN
   2.2130000e+03             NaN             NaN
   2.2140000e+03             NaN             NaN
   2.2150000e+03             NaN             NaN
   2.2160000e+03             NaN             NaN
   2.2170000e+03             NaN             NaN
   2.2180000e+03             NaN             NaN
   2.2190000e+03             NaN             NaN
   2.2200000e+03             NaN             NaN
   2.2210000e+03             NaN             NaN
   2.2220000e+03             NaN             NaN
   2.2230000e+03             NaN             NaN
   2.2240000e+03             NaN             NaN
   2.2250000e+03             NaN             NaN
   2.2260000e+03             NaN             NaN
   2.2270000e+03             NaN             NaN
   2.2280000e+03             NaN             NaN
   2.2290000e+03             NaN             NaN
   2.2300000e+03             NaN             NaN
   2.2310000e+03             NaN             NaN
   2.2320000e+03             NaN             NaN
   2.2330000e+03             NaN             NaN
   2.2340000e+03             NaN             NaN
   2.2350000e+03             NaN             NaN
   2.2360000e+03             NaN             NaN
   2.2370000e+03             NaN             NaN
   2.2380000e+03             NaN             NaN
   2.2390000e+03             NaN             NaN
   2.2400000e+03             NaN             NaN
   2.2410000e+03             NaN             NaN
   2.2420000e+03             NaN             NaN
   2.2430000e+03             NaN             NaN
   2.2440000e+03             NaN             NaN
   2.2450000e+03             NaN             NaN
   2.2460000e+03             NaN             NaN
   2.2470000e+03             NaN             NaN
   2.2480000e+03             NaN             NaN
   2.2490000e+03             NaN             NaN
   2.2500000e+03             NaN             NaN
   2.2510000e+03             NaN             NaN
   2.2520000e+03             NaN             NaN
   2.2530000e+03             NaN             NaN
   2.2540000e+03             NaN             NaN
   2.2550000e+03             NaN             NaN
   2.2560000e+03             NaN             NaN
   2.2570000e+03             NaN             NaN
   2.2580000e+03             NaN             NaN
   2.2590000e+03             NaN             NaN
   2.2600000e+03             NaN             NaN
   2.2610000e+03             NaN             NaN
   2.2620000e+03             NaN             NaN
   2.2630000e+03             NaN             NaN
   2.2640000e+03             NaN             NaN
   2.2650000e+03             NaN             NaN
   2.2660000e+03             NaN             NaN
   2.2670000e+03             NaN             NaN
   2.2680000e+03             NaN             NaN
   2.2690000e+03             NaN             NaN
   2.2700000e+03             NaN             NaN
   2.2710000e+03             NaN             NaN
   2.2720000e+03             NaN             NaN
   2.2730000e+03             NaN             NaN
   2.2740000e+03             NaN             NaN
   2.2750000e+03             NaN             NaN
   2.2760000e+03             NaN             NaN
   2.2770000e+03             NaN             NaN
   2.2780000e+03             NaN             NaN
   2.2790000e+03             NaN             NaN
   2.2800000e+03             NaN             NaN
   2.2810000e+03             NaN             NaN
   2.2820000e+03             NaN             NaN
   2.2830000e+03             NaN             NaN
   2.2840000e+03             NaN             NaN
   2.2850000e+03             NaN             NaN
   2.2860000e+03             NaN             NaN
   2.2870000e+03             NaN             NaN
   2.2880000e+03             NaN             NaN
   2.2890000e+03             NaN             NaN
   2.2900000e+03             NaN             NaN
   2.2910000e+03             NaN             NaN
   2.2920000e+03             NaN             NaN
   2.2930000e+03             NaN             NaN
   2.2940000e+03             NaN             NaN
   2.2950000e+03             NaN             NaN
   2.2960000e+03             NaN             NaN
   2.2970000e+03             NaN             NaN
   2.2980000e+03             NaN             NaN
   2.2990000e+03             NaN             NaN
   2.3000000e+03             NaN             NaN
