   1.8500000e+03             NaN             NaN
   1.8510000e+03   1.6829400e+00   7.2791565e+00
   1.8520000e+03   2.1739984e+00   6.1837690e+00
   1.8530000e+03   3.2894285e+00   6.1752479e+00
   1.8540000e+03   6.3236077e+00   4.8658489e+00
   1.8550000e+03   6.9287298e+00   3.0730382e+00
   1.8560000e+03   8.0147434e+00   3.0659050e+00
   1.8570000e+03   8.3353976e+00   3.0127921e+00
   1.8580000e+03   9.1877328e+00   2.9491067e+00
   1.8590000e+03   9.5897147e+00   2.9466136e+00
   1.8600000e+03   1.0972001e+01   2.9354141e+00
   1.8610000e+03   1.1797361e+01   2.8861294e+00
   1.8620000e+03   1.3101991e+01   2.8838125e+00
   1.8630000e+03   1.3319678e+01   2.8679234e+00
   1.8640000e+03   1.3800224e+01   2.8595059e+00
   1.8650000e+03   1.4019600e+01   2.8516206e+00
   1.8660000e+03   1.5279932e+01   2.8493260e+00
   1.8670000e+03   1.5656533e+01   2.7712371e+00
   1.8680000e+03   1.7624625e+01   2.7680176e+00
   1.8690000e+03   1.8901328e+01   2.3862051e+00
   1.8700000e+03   2.0285875e+01   2.3675752e+00
   1.8710000e+03   2.1271426e+01   2.3476505e+00
   1.8720000e+03   2.1810041e+01   2.3383518e+00
   1.8730000e+03   2.2925823e+01   2.3355104e+00
   1.8740000e+03   2.3683259e+01   2.3145571e+00
   1.8750000e+03   2.3935605e+01   2.3006115e+00
   1.8760000e+03   2.5156475e+01   2.2921931e+00
   1.8770000e+03   2.5840720e+01   2.2724835e+00
   1.8780000e+03   2.6086677e+01   2.2491036e+00
   1.8790000e+03   2.7014653e+01   2.2242438e+00
   1.8800000e+03   2.7948309e+01   2.2108689e+00
   1.8810000e+03   2.8991442e+01   2.1930077e+00
   1.8820000e+03   2.9595974e+01   2.1896374e+00
   1.8830000e+03   3.0423711e+01   2.1824845e+00
   1.8840000e+03   3.0921614e+01   2.1755186e+00
   1.8850000e+03   3.1542267e+01   2.1640829e+00
   1.8860000e+03   3.2437117e+01   2.1614640e+00
   1.8870000e+03   3.2973323e+01   2.1441324e+00
   1.8880000e+03   3.3029097e+01   2.1411337e+00
   1.8890000e+03   3.3759244e+01   2.1361850e+00
   1.8900000e+03   3.4137661e+01   2.1294654e+00
   1.8910000e+03   3.4453511e+01   2.1215115e+00
   1.8920000e+03   3.4961549e+01   2.1184248e+00
   1.8930000e+03   3.5420988e+01   2.1048926e+00
   1.8940000e+03   3.6175249e+01   2.1017607e+00
   1.8950000e+03   3.7108801e+01   2.0825254e+00
   1.8960000e+03   3.7723445e+01   2.0700043e+00
   1.8970000e+03   3.8790383e+01   2.0668535e+00
   1.8980000e+03   3.9344696e+01   2.0348754e+00
   1.8990000e+03   4.0618995e+01   2.0245766e+00
   1.9000000e+03   4.2163019e+01   1.9876995e+00
   1.9010000e+03   4.2974611e+01   1.9706294e+00
   1.9020000e+03   4.3997299e+01   1.9675741e+00
   1.9030000e+03   4.4113357e+01   1.9529132e+00
   1.9040000e+03   4.4396189e+01   1.9495974e+00
   1.9050000e+03   4.4921282e+01   1.9463060e+00
   1.9060000e+03   4.5943351e+01   1.9262852e+00
   1.9070000e+03   4.6509787e+01   1.8382423e+00
   1.9080000e+03   4.6801918e+01   1.8267183e+00
   1.9090000e+03   4.7008068e+01   1.8202841e+00
   1.9100000e+03   4.7929409e+01   1.8166938e+00
   1.9110000e+03   4.8273818e+01   1.8044315e+00
   1.9120000e+03   4.8545494e+01   1.7982394e+00
   1.9130000e+03   4.8715154e+01   1.7946522e+00
   1.9140000e+03   4.9457839e+01   1.7910553e+00
   1.9150000e+03   4.9915812e+01   1.7790591e+00
   1.9160000e+03   5.0256250e+01   1.7754606e+00
   1.9170000e+03   5.1265832e+01   1.7718407e+00
   1.9180000e+03   5.2506814e+01   1.7558021e+00
   1.9190000e+03   5.2715505e+01   1.7417146e+00
   1.9200000e+03   5.3412569e+01   1.7380086e+00
   1.9210000e+03   5.4666593e+01   1.7321768e+00
   1.9220000e+03   5.5023355e+01   1.6822246e+00
   1.9230000e+03   5.5699361e+01   1.6706012e+00
   1.9240000e+03   5.6448364e+01   1.6566728e+00
   1.9250000e+03   5.8211058e+01   1.6441549e+00
   1.9260000e+03   5.8617420e+01   1.6094136e+00
   1.9270000e+03   5.9294568e+01   1.6054058e+00
   1.9280000e+03   6.0451889e+01   1.5941486e+00
   1.9290000e+03   6.1258573e+01   1.5654731e+00
   1.9300000e+03   6.1601732e+01   1.5613240e+00
   1.9310000e+03   6.2426564e+01   1.5572547e+00
   1.9320000e+03   6.2822471e+01   1.5438219e+00
   1.9330000e+03   6.3764190e+01   1.5401235e+00
   1.9340000e+03   6.4524823e+01   1.5216276e+00
   1.9350000e+03   6.5326353e+01   1.5118035e+00
   1.9360000e+03   6.6181803e+01   1.4938970e+00
   1.9370000e+03   6.7224191e+01   1.4811800e+00
   1.9380000e+03   6.8601864e+01   1.4705641e+00
   1.9390000e+03   6.9684883e+01   1.4477958e+00
   1.9400000e+03   7.0253100e+01   1.4360657e+00
   1.9410000e+03   7.0982872e+01   1.4305818e+00
   1.9420000e+03   7.1838513e+01   1.4158253e+00
   1.9430000e+03   7.2887277e+01   1.3969977e+00
   1.9440000e+03   7.3661742e+01   1.3870928e+00
   1.9450000e+03   7.4115220e+01   1.3686721e+00
   1.9460000e+03   7.5249181e+01   1.3640434e+00
   1.9470000e+03   7.6399272e+01   1.3460073e+00
   1.9480000e+03   7.7004238e+01   1.3228766e+00
   1.9490000e+03   7.7858726e+01   1.3097698e+00
   1.9500000e+03   7.8893554e+01   1.3007439e+00
   1.9510000e+03   7.9530539e+01   1.2917578e+00
   1.9520000e+03   8.0409274e+01   1.2870225e+00
   1.9530000e+03   8.0766810e+01   1.1670690e+00
   1.9540000e+03   8.1713996e+01   1.1615874e+00
   1.9550000e+03   8.2162592e+01   1.1236462e+00
   1.9560000e+03   8.3096793e+01   1.1179787e+00
   1.9570000e+03   8.4642279e+01   1.1099482e+00
   1.9580000e+03   8.5281027e+01   1.0745420e+00
   1.9590000e+03   8.5837314e+01   1.0686533e+00
   1.9600000e+03   8.6351996e+01   1.0627424e+00
   1.9610000e+03   8.6563950e+01   1.0567543e+00
   1.9620000e+03   8.6845348e+01   1.0509316e+00
   1.9630000e+03   8.7096988e+01   1.0449445e+00
   1.9640000e+03   8.7164582e+01   1.0389555e+00
   1.9650000e+03   8.7399245e+01   1.0329134e+00
   1.9660000e+03   8.8181408e+01   1.0206116e+00
   1.9670000e+03   8.8356394e+01   1.0144168e+00
   1.9680000e+03   8.8577588e+01   1.0081043e+00
   1.9690000e+03   8.8644477e+01   1.0018199e+00
   1.9700000e+03   8.9405135e+01   9.9555627e-01
   1.9710000e+03   8.9988939e+01   9.8426656e-01
   1.9720000e+03   9.0583201e+01   9.7781490e-01
   1.9730000e+03   9.1062882e+01   9.7134325e-01
   1.9740000e+03   9.1534129e+01   9.6034697e-01
   1.9750000e+03   9.2106549e+01   9.4607404e-01
   1.9760000e+03   9.3709715e+01   9.3940971e-01
   1.9770000e+03   9.4809123e+01   8.9526028e-01
   1.9780000e+03   9.5665825e+01   8.8932130e-01
   1.9790000e+03   9.6279849e+01   8.7097920e-01
   1.9800000e+03   9.6363702e+01   8.6379599e-01
   1.9810000e+03   9.7318890e+01   8.5737875e-01
   1.9820000e+03   9.8513353e+01   8.4909592e-01
   1.9830000e+03   9.9038845e+01   7.6496462e-01
   1.9840000e+03   9.9672439e+01   7.5675348e-01
   1.9850000e+03   1.0040914e+02   7.3979480e-01
   1.9860000e+03   1.0181869e+02   7.2080073e-01
   1.9870000e+03   1.0306820e+02   6.7589613e-01
   1.9880000e+03   1.0381607e+02   6.6643764e-01
   1.9890000e+03   1.0405105e+02   6.5705256e-01
   1.9900000e+03   1.0518027e+02   6.4757438e-01
   1.9910000e+03   1.0612002e+02   6.2547047e-01
   1.9920000e+03   1.0676011e+02   6.1515768e-01
   1.9930000e+03   1.0760050e+02   6.0501595e-01
   1.9940000e+03   1.0852231e+02   5.6661385e-01
   1.9950000e+03   1.0905698e+02   5.5723374e-01
   1.9960000e+03   1.1025608e+02   5.3205734e-01
   1.9970000e+03   1.1151819e+02   5.2032318e-01
   1.9980000e+03   1.1288419e+02   5.0829582e-01
   1.9990000e+03   1.1459018e+02   4.9598761e-01
   2.0000000e+03   1.1561132e+02   4.8335372e-01
   2.0010000e+03   1.1733332e+02   4.6782137e-01
   2.0020000e+03   1.1990905e+02   4.5444125e-01
   2.0030000e+03   1.2201840e+02   2.5416613e-01
   2.0040000e+03   1.2313224e+02   1.9805048e-01
   2.0050000e+03   1.2464837e+02   1.9867431e-01
   2.0060000e+03   1.2646624e+02   1.9961949e-01
   2.0070000e+03   1.2761557e+02   2.2355084e-01
   2.0080000e+03   1.2916748e+02   2.4517989e-01
   2.0090000e+03   1.3080842e+02   2.6916863e-01
   2.0100000e+03   1.3260300e+02   3.3609841e-01
   2.0110000e+03   1.3381838e+02   3.6001047e-01
   2.0120000e+03   1.3581284e+02   4.8119427e-01
   2.0130000e+03   1.3712446e+02   5.0711180e-01
   2.0140000e+03   1.3828645e+02   5.1916735e-01
   2.0150000e+03   1.3915695e+02   5.3090436e-01
   2.0160000e+03   1.4014624e+02   5.4287095e-01
   2.0170000e+03   1.4187346e+02   6.7988923e-01
   2.0180000e+03   1.4340156e+02   7.7700097e-01
   2.0190000e+03   1.4431979e+02   7.8555027e-01
   2.0200000e+03   1.4556719e+02   7.9337586e-01
   2.0210000e+03   1.4685941e+02   8.0139446e-01
   2.0220000e+03   1.4811931e+02   8.1038547e-01
   2.0230000e+03   1.4924068e+02   8.1902346e-01
   2.0240000e+03   1.5003512e+02   8.2654775e-01
   2.0250000e+03   1.5138412e+02   8.3402962e-01
   2.0260000e+03   1.5344399e+02   8.7215982e-01
   2.0270000e+03   1.5515609e+02   8.7934417e-01
   2.0280000e+03   1.5717138e+02   8.8663645e-01
   2.0290000e+03   1.5881649e+02   8.9382718e-01
   2.0300000e+03   1.6031336e+02   9.0357209e-01
   2.0310000e+03   1.6212322e+02   9.1222384e-01
   2.0320000e+03   1.6389126e+02   9.2001730e-01
   2.0330000e+03   1.6594855e+02   9.3036827e-01
   2.0340000e+03   1.6781381e+02   9.3713803e-01
   2.0350000e+03   1.6987969e+02   9.4552319e-01
   2.0360000e+03   1.7120096e+02   9.5260458e-01
   2.0370000e+03   1.7278781e+02   9.6089876e-01
   2.0380000e+03   1.7423871e+02   9.6757299e-01
   2.0390000e+03   1.7551254e+02   9.7433691e-01
   2.0400000e+03   1.7706428e+02   9.8089541e-01
   2.0410000e+03   1.7863463e+02   9.8979551e-01
   2.0420000e+03   1.8104275e+02   1.2573972e+00
   2.0430000e+03   1.8228958e+02   1.2626698e+00
   2.0440000e+03   1.8403213e+02   1.2679131e+00
   2.0450000e+03   1.8579389e+02   1.2730603e+00
   2.0460000e+03   1.8769306e+02   1.2783824e+00
   2.0470000e+03   1.8928240e+02   1.2989957e+00
   2.0480000e+03   1.9149929e+02   1.3091410e+00
   2.0490000e+03   1.9336814e+02   1.3174851e+00
   2.0500000e+03   1.9499292e+02   1.3233007e+00
   2.0510000e+03   1.9656544e+02   1.3531227e+00
   2.0520000e+03   1.9825715e+02   1.3613013e+00
   2.0530000e+03   2.0013197e+02   1.3678797e+00
   2.0540000e+03   2.0203147e+02   1.3759672e+00
   2.0550000e+03   2.0386740e+02   1.3904067e+00
   2.0560000e+03   2.0557048e+02   1.4048288e+00
   2.0570000e+03   2.0717196e+02   1.4102695e+00
   2.0580000e+03   2.0945504e+02   1.4183855e+00
   2.0590000e+03   2.1157244e+02   1.4700904e+00
   2.0600000e+03   2.1331454e+02   1.4760514e+00
   2.0610000e+03   2.1506988e+02   1.4922503e+00
   2.0620000e+03   2.1686141e+02   1.4990511e+00
   2.0630000e+03   2.1866581e+02   1.5127875e+00
   2.0640000e+03   2.2093006e+02   1.6193714e+00
   2.0650000e+03   2.2290001e+02   1.6302564e+00
   2.0660000e+03   2.2437794e+02   1.6981183e+00
   2.0670000e+03   2.2657697e+02   1.7134389e+00
   2.0680000e+03   2.2857831e+02   1.7239258e+00
   2.0690000e+03   2.3073504e+02   1.8246174e+00
   2.0700000e+03   2.3249543e+02   1.8319416e+00
   2.0710000e+03   2.3433625e+02   1.8680952e+00
   2.0720000e+03   2.3625985e+02   1.9357953e+00
   2.0730000e+03   2.3803063e+02   1.9428252e+00
   2.0740000e+03   2.3925265e+02   1.9514237e+00
   2.0750000e+03   2.4100026e+02   1.9650618e+00
   2.0760000e+03   2.4285965e+02   1.9714392e+00
   2.0770000e+03   2.4446983e+02   1.9786221e+00
   2.0780000e+03   2.4677872e+02   2.0425778e+00
   2.0790000e+03   2.4876923e+02   2.2388641e+00
   2.0800000e+03   2.5024135e+02   2.2449383e+00
   2.0810000e+03   2.5221727e+02   2.2575319e+00
   2.0820000e+03   2.5435451e+02   2.2682320e+00
   2.0830000e+03   2.5607071e+02   2.3178576e+00
   2.0840000e+03   2.5760540e+02   2.3237320e+00
   2.0850000e+03   2.5905061e+02   2.3301040e+00
   2.0860000e+03   2.6111095e+02   2.4334844e+00
   2.0870000e+03   2.6283774e+02   2.4471225e+00
   2.0880000e+03   2.6509766e+02   2.5078977e+00
   2.0890000e+03   2.6668976e+02   2.5890224e+00
   2.0900000e+03   2.6901838e+02   2.8322321e+00
   2.0910000e+03   2.7104972e+02   2.8748969e+00
   2.0920000e+03   2.7292122e+02   2.8981620e+00
   2.0930000e+03   2.7521563e+02   2.9579446e+00
   2.0940000e+03   2.7724408e+02   3.0387694e+00
   2.0950000e+03   2.7880046e+02   3.0613637e+00
   2.0960000e+03   2.8098477e+02   3.1816375e+00
   2.0970000e+03   2.8342498e+02   3.3399045e+00
   2.0980000e+03   2.8523133e+02   3.3886183e+00
   2.0990000e+03   2.8647666e+02   3.3953440e+00
   2.1000000e+03             NaN             NaN
   2.1010000e+03             NaN             NaN
   2.1020000e+03             NaN             NaN
   2.1030000e+03             NaN             NaN
   2.1040000e+03             NaN             NaN
   2.1050000e+03             NaN             NaN
   2.1060000e+03             NaN             NaN
   2.1070000e+03             NaN             NaN
   2.1080000e+03             NaN             NaN
   2.1090000e+03             NaN             NaN
   2.1100000e+03             NaN             NaN
   2.1110000e+03             NaN             NaN
   2.1120000e+03             NaN             NaN
   2.1130000e+03             NaN             NaN
   2.1140000e+03             NaN             NaN
   2.1150000e+03             NaN             NaN
   2.1160000e+03             NaN             NaN
   2.1170000e+03             NaN             NaN
   2.1180000e+03             NaN             NaN
   2.1190000e+03             NaN             NaN
   2.1200000e+03             NaN             NaN
   2.1210000e+03             NaN             NaN
   2.1220000e+03             NaN             NaN
   2.1230000e+03             NaN             NaN
   2.1240000e+03             NaN             NaN
   2.1250000e+03             NaN             NaN
   2.1260000e+03             NaN             NaN
   2.1270000e+03             NaN             NaN
   2.1280000e+03             NaN             NaN
   2.1290000e+03             NaN             NaN
   2.1300000e+03             NaN             NaN
   2.1310000e+03             NaN             NaN
   2.1320000e+03             NaN             NaN
   2.1330000e+03             NaN             NaN
   2.1340000e+03             NaN             NaN
   2.1350000e+03             NaN             NaN
   2.1360000e+03             NaN             NaN
   2.1370000e+03             NaN             NaN
   2.1380000e+03             NaN             NaN
   2.1390000e+03             NaN             NaN
   2.1400000e+03             NaN             NaN
   2.1410000e+03             NaN             NaN
   2.1420000e+03             NaN             NaN
   2.1430000e+03             NaN             NaN
   2.1440000e+03             NaN             NaN
   2.1450000e+03             NaN             NaN
   2.1460000e+03             NaN             NaN
   2.1470000e+03             NaN             NaN
   2.1480000e+03             NaN             NaN
   2.1490000e+03             NaN             NaN
   2.1500000e+03             NaN             NaN
   2.1510000e+03             NaN             NaN
   2.1520000e+03             NaN             NaN
   2.1530000e+03             NaN             NaN
   2.1540000e+03             NaN             NaN
   2.1550000e+03             NaN             NaN
   2.1560000e+03             NaN             NaN
   2.1570000e+03             NaN             NaN
   2.1580000e+03             NaN             NaN
   2.1590000e+03             NaN             NaN
   2.1600000e+03             NaN             NaN
   2.1610000e+03             NaN             NaN
   2.1620000e+03             NaN             NaN
   2.1630000e+03             NaN             NaN
   2.1640000e+03             NaN             NaN
   2.1650000e+03             NaN             NaN
   2.1660000e+03             NaN             NaN
   2.1670000e+03             NaN             NaN
   2.1680000e+03             NaN             NaN
   2.1690000e+03             NaN             NaN
   2.1700000e+03             NaN             NaN
   2.1710000e+03             NaN             NaN
   2.1720000e+03             NaN             NaN
   2.1730000e+03             NaN             NaN
   2.1740000e+03             NaN             NaN
   2.1750000e+03             NaN             NaN
   2.1760000e+03             NaN             NaN
   2.1770000e+03             NaN             NaN
   2.1780000e+03             NaN             NaN
   2.1790000e+03             NaN             NaN
   2.1800000e+03             NaN             NaN
   2.1810000e+03             NaN             NaN
   2.1820000e+03             NaN             NaN
   2.1830000e+03             NaN             NaN
   2.1840000e+03             NaN             NaN
   2.1850000e+03             NaN             NaN
   2.1860000e+03             NaN             NaN
   2.1870000e+03             NaN             NaN
   2.1880000e+03             NaN             NaN
   2.1890000e+03             NaN             NaN
   2.1900000e+03             NaN             NaN
   2.1910000e+03             NaN             NaN
   2.1920000e+03             NaN             NaN
   2.1930000e+03             NaN             NaN
   2.1940000e+03             NaN             NaN
   2.1950000e+03             NaN             NaN
   2.1960000e+03             NaN             NaN
   2.1970000e+03             NaN             NaN
   2.1980000e+03             NaN             NaN
   2.1990000e+03             NaN             NaN
   2.2000000e+03             NaN             NaN
   2.2010000e+03             NaN             NaN
   2.2020000e+03             NaN             NaN
   2.2030000e+03             NaN             NaN
   2.2040000e+03             NaN             NaN
   2.2050000e+03             NaN             NaN
   2.2060000e+03             NaN             NaN
   2.2070000e+03             NaN             NaN
   2.2080000e+03             NaN             NaN
   2.2090000e+03             NaN             NaN
   2.2100000e+03             NaN             NaN
   2.2110000e+03             NaN             NaN
   2.2120000e+03             NaN             NaN
   2.2130000e+03             NaN             NaN
   2.2140000e+03             NaN             NaN
   2.2150000e+03             NaN             NaN
   2.2160000e+03             NaN             NaN
   2.2170000e+03             NaN             NaN
   2.2180000e+03             NaN             NaN
   2.2190000e+03             NaN             NaN
   2.2200000e+03             NaN             NaN
   2.2210000e+03             NaN             NaN
   2.2220000e+03             NaN             NaN
   2.2230000e+03             NaN             NaN
   2.2240000e+03             NaN             NaN
   2.2250000e+03             NaN             NaN
   2.2260000e+03             NaN             NaN
   2.2270000e+03             NaN             NaN
   2.2280000e+03             NaN             NaN
   2.2290000e+03             NaN             NaN
   2.2300000e+03             NaN             NaN
   2.2310000e+03             NaN             NaN
   2.2320000e+03             NaN             NaN
   2.2330000e+03             NaN             NaN
   2.2340000e+03             NaN             NaN
   2.2350000e+03             NaN             NaN
   2.2360000e+03             NaN             NaN
   2.2370000e+03             NaN             NaN
   2.2380000e+03             NaN             NaN
   2.2390000e+03             NaN             NaN
   2.2400000e+03             NaN             NaN
   2.2410000e+03             NaN             NaN
   2.2420000e+03             NaN             NaN
   2.2430000e+03             NaN             NaN
   2.2440000e+03             NaN             NaN
   2.2450000e+03             NaN             NaN
   2.2460000e+03             NaN             NaN
   2.2470000e+03             NaN             NaN
   2.2480000e+03             NaN             NaN
   2.2490000e+03             NaN             NaN
   2.2500000e+03             NaN             NaN
   2.2510000e+03             NaN             NaN
   2.2520000e+03             NaN             NaN
   2.2530000e+03             NaN             NaN
   2.2540000e+03             NaN             NaN
   2.2550000e+03             NaN             NaN
   2.2560000e+03             NaN             NaN
   2.2570000e+03             NaN             NaN
   2.2580000e+03             NaN             NaN
   2.2590000e+03             NaN             NaN
   2.2600000e+03             NaN             NaN
   2.2610000e+03             NaN             NaN
   2.2620000e+03             NaN             NaN
   2.2630000e+03             NaN             NaN
   2.2640000e+03             NaN             NaN
   2.2650000e+03             NaN             NaN
   2.2660000e+03             NaN             NaN
   2.2670000e+03             NaN             NaN
   2.2680000e+03             NaN             NaN
   2.2690000e+03             NaN             NaN
   2.2700000e+03             NaN             NaN
   2.2710000e+03             NaN             NaN
   2.2720000e+03             NaN             NaN
   2.2730000e+03             NaN             NaN
   2.2740000e+03             NaN             NaN
   2.2750000e+03             NaN             NaN
   2.2760000e+03             NaN             NaN
   2.2770000e+03             NaN             NaN
   2.2780000e+03             NaN             NaN
   2.2790000e+03             NaN             NaN
   2.2800000e+03             NaN             NaN
   2.2810000e+03             NaN             NaN
   2.2820000e+03             NaN             NaN
   2.2830000e+03             NaN             NaN
   2.2840000e+03             NaN             NaN
   2.2850000e+03             NaN             NaN
   2.2860000e+03             NaN             NaN
   2.2870000e+03             NaN             NaN
   2.2880000e+03             NaN             NaN
   2.2890000e+03             NaN             NaN
   2.2900000e+03             NaN             NaN
   2.2910000e+03             NaN             NaN
   2.2920000e+03             NaN             NaN
   2.2930000e+03             NaN             NaN
   2.2940000e+03             NaN             NaN
   2.2950000e+03             NaN             NaN
   2.2960000e+03             NaN             NaN
   2.2970000e+03             NaN             NaN
   2.2980000e+03             NaN             NaN
   2.2990000e+03             NaN             NaN
   2.3000000e+03             NaN             NaN
