   1.8500000e+03             NaN             NaN
   1.8510000e+03   1.2896532e+00   3.7053264e+00
   1.8520000e+03   2.8793622e+00   3.6696326e+00
   1.8530000e+03   3.9638672e+00   3.6436334e+00
   1.8540000e+03   5.2524709e+00   3.6201247e+00
   1.8550000e+03   6.7811526e+00   3.5718475e+00
   1.8560000e+03   8.0642482e+00   3.5364755e+00
   1.8570000e+03   8.6242980e+00   3.5028801e+00
   1.8580000e+03   9.1397111e+00   3.4763360e+00
   1.8590000e+03   1.0195674e+01   3.4739981e+00
   1.8600000e+03   1.0413275e+01   3.4304435e+00
   1.8610000e+03   1.1473059e+01   3.4079999e+00
   1.8620000e+03   1.2390127e+01   3.3868150e+00
   1.8630000e+03   1.3753832e+01   3.3649317e+00
   1.8640000e+03   1.4854238e+01   3.3384181e+00
   1.8650000e+03   1.6553867e+01   3.2839000e+00
   1.8660000e+03   1.8186165e+01   3.2386544e+00
   1.8670000e+03   1.9167786e+01   3.2031497e+00
   1.8680000e+03   2.0435022e+01   3.1825036e+00
   1.8690000e+03   2.1150648e+01   3.1603199e+00
   1.8700000e+03   2.2722322e+01   3.1584640e+00
   1.8710000e+03   2.3905270e+01   3.0636132e+00
   1.8720000e+03   2.5413540e+01   3.0371408e+00
   1.8730000e+03   2.6543286e+01   2.9591744e+00
   1.8740000e+03   2.8445810e+01   2.8839557e+00
   1.8750000e+03   2.9161164e+01   2.8592260e+00
   1.8760000e+03   2.9835515e+01   2.8202876e+00
   1.8770000e+03   3.1303262e+01   2.7983608e+00
   1.8780000e+03   3.2765883e+01   2.6731664e+00
   1.8790000e+03   3.3466993e+01   2.6354076e+00
   1.8800000e+03   3.4496398e+01   2.6124441e+00
   1.8810000e+03   3.5206759e+01   2.5736371e+00
   1.8820000e+03   3.5837934e+01   2.5531335e+00
   1.8830000e+03   3.6910550e+01   2.5495454e+00
   1.8840000e+03   3.7337101e+01   2.5083849e+00
   1.8850000e+03   3.7743980e+01   2.5057309e+00
   1.8860000e+03   3.8962111e+01   2.5022482e+00
   1.8870000e+03   3.9077569e+01   2.4390104e+00
   1.8880000e+03   3.9428858e+01   2.4362794e+00
   1.8890000e+03   4.0050927e+01   2.4158355e+00
   1.8900000e+03   4.0674844e+01   2.4124990e+00
   1.8910000e+03   4.1236991e+01   2.3876441e+00
   1.8920000e+03   4.1550740e+01   2.3591889e+00
   1.8930000e+03   4.2174676e+01   2.3546990e+00
   1.8940000e+03   4.2733430e+01   2.3265879e+00
   1.8950000e+03   4.3359618e+01   2.3237254e+00
   1.8960000e+03   4.4618360e+01   2.3027152e+00
   1.8970000e+03   4.5147543e+01   2.2386132e+00
   1.8980000e+03   4.6112113e+01   2.2341526e+00
   1.8990000e+03   4.7240613e+01   2.1970671e+00
   1.9000000e+03   4.8503216e+01   2.1748361e+00
   1.9010000e+03   4.9233905e+01   2.1554157e+00
   1.9020000e+03   5.0638424e+01   2.1508531e+00
   1.9030000e+03   5.1203225e+01   2.0732107e+00
   1.9040000e+03   5.2492687e+01   2.0700130e+00
   1.9050000e+03   5.3073384e+01   2.0467382e+00
   1.9060000e+03   5.3908878e+01   2.0288336e+00
   1.9070000e+03   5.4414705e+01   2.0049383e+00
   1.9080000e+03   5.5365441e+01   2.0015404e+00
   1.9090000e+03   5.5595588e+01   1.9842864e+00
   1.9100000e+03   5.6370610e+01   1.9809567e+00
   1.9110000e+03   5.7020290e+01   1.9780557e+00
   1.9120000e+03   5.7871700e+01   1.9641990e+00
   1.9130000e+03   5.8037494e+01   1.9459143e+00
   1.9140000e+03   5.8579650e+01   1.9283685e+00
   1.9150000e+03   5.9003000e+01   1.9231845e+00
   1.9160000e+03   5.9642787e+01   1.9198001e+00
   1.9170000e+03   6.0605501e+01   1.9156112e+00
   1.9180000e+03   6.1781254e+01   1.8761038e+00
   1.9190000e+03   6.3026365e+01   1.8633639e+00
   1.9200000e+03   6.3880835e+01   1.7065154e+00
   1.9210000e+03   6.4940292e+01   1.6753969e+00
   1.9220000e+03   6.5694748e+01   1.6528304e+00
   1.9230000e+03   6.5873951e+01   1.6476603e+00
   1.9240000e+03   6.6493025e+01   1.6437786e+00
   1.9250000e+03   6.7341165e+01   1.6320428e+00
   1.9260000e+03   6.8379921e+01   1.6151487e+00
   1.9270000e+03   6.9224600e+01   1.6035204e+00
   1.9280000e+03   7.0214288e+01   1.5795062e+00
   1.9290000e+03   7.1397011e+01   1.5607978e+00
   1.9300000e+03   7.2140873e+01   1.5471391e+00
   1.9310000e+03   7.2588058e+01   1.5205266e+00
   1.9320000e+03   7.2977459e+01   1.5037709e+00
   1.9330000e+03   7.3895276e+01   1.4899986e+00
   1.9340000e+03   7.4802681e+01   1.4457947e+00
   1.9350000e+03   7.5088051e+01   1.4092144e+00
   1.9360000e+03   7.5991558e+01   1.3963441e+00
   1.9370000e+03   7.6695055e+01   1.3792269e+00
   1.9380000e+03   7.7288355e+01   1.3745697e+00
   1.9390000e+03   7.8029768e+01   1.3698617e+00
   1.9400000e+03   7.8581130e+01   1.3501842e+00
   1.9410000e+03   7.9369166e+01   1.3454748e+00
   1.9420000e+03   7.9975758e+01   1.3400631e+00
   1.9430000e+03   8.0493095e+01   1.3270430e+00
   1.9440000e+03   8.0760644e+01   1.3221229e+00
   1.9450000e+03   8.1844686e+01   1.3122275e+00
   1.9460000e+03   8.2516193e+01   1.2674039e+00
   1.9470000e+03   8.3419106e+01   1.2576161e+00
   1.9480000e+03   8.4129733e+01   1.2518796e+00
   1.9490000e+03   8.4817711e+01   1.2466948e+00
   1.9500000e+03   8.5726234e+01   1.2330040e+00
   1.9510000e+03   8.6474615e+01   1.1210490e+00
   1.9520000e+03   8.7061058e+01   1.1031498e+00
   1.9530000e+03   8.7609897e+01   1.0971890e+00
   1.9540000e+03   8.8435528e+01   1.0708099e+00
   1.9550000e+03   8.8751678e+01   1.0284911e+00
   1.9560000e+03   8.8994234e+01   1.0180769e+00
   1.9570000e+03   8.9646198e+01   1.0117939e+00
   1.9580000e+03   9.0288937e+01   1.0054707e+00
   1.9590000e+03   9.0592216e+01   9.9903430e-01
   1.9600000e+03   9.1126424e+01   9.9266675e-01
   1.9610000e+03   9.1860140e+01   9.8623257e-01
   1.9620000e+03   9.2354719e+01   9.0943729e-01
   1.9630000e+03   9.3381263e+01   9.0245601e-01
   1.9640000e+03   9.3887717e+01   8.9528538e-01
   1.9650000e+03   9.4526695e+01   8.8589330e-01
   1.9660000e+03   9.4924448e+01   8.5089346e-01
   1.9670000e+03   9.5076716e+01   8.4377563e-01
   1.9680000e+03   9.5657441e+01   8.2705821e-01
   1.9690000e+03   9.6161799e+01   8.2058361e-01
   1.9700000e+03   9.6648602e+01   8.1284469e-01
   1.9710000e+03   9.7164287e+01   8.0504262e-01
   1.9720000e+03   9.7732597e+01   7.9724668e-01
   1.9730000e+03   9.8267394e+01   7.8937365e-01
   1.9740000e+03   9.8732878e+01   7.8136524e-01
   1.9750000e+03   9.9153415e+01   7.7217097e-01
   1.9760000e+03   1.0014611e+02   7.6242525e-01
   1.9770000e+03   1.0081678e+02   7.5412606e-01
   1.9780000e+03   1.0177767e+02   7.4572057e-01
   1.9790000e+03   1.0220320e+02   7.3722877e-01
   1.9800000e+03   1.0332634e+02   7.2587097e-01
   1.9810000e+03   1.0388341e+02   7.1724249e-01
   1.9820000e+03   1.0442200e+02   7.0849769e-01
   1.9830000e+03   1.0438777e+02   6.9973980e-01
   1.9840000e+03   1.0486441e+02   6.9082264e-01
   1.9850000e+03   1.0538589e+02   6.8169971e-01
   1.9860000e+03   1.0593036e+02   6.7249842e-01
   1.9870000e+03   1.0727861e+02   6.6318219e-01
   1.9880000e+03   1.0765464e+02   6.5215946e-01
   1.9890000e+03   1.0870220e+02   6.4258941e-01
   1.9900000e+03   1.0962263e+02   6.3285684e-01
   1.9910000e+03   1.1099452e+02   6.2293190e-01
   1.9920000e+03   1.1177989e+02   4.0704349e-01
   1.9930000e+03   1.1239425e+02   3.9152950e-01
   1.9940000e+03   1.1356864e+02   3.7540139e-01
   1.9950000e+03   1.1448934e+02   3.5751617e-01
   1.9960000e+03   1.1516787e+02   3.3961259e-01
   1.9970000e+03   1.1609148e+02   3.2100815e-01
   1.9980000e+03   1.1719360e+02   2.9898200e-01
   1.9990000e+03   1.1867047e+02   2.7761522e-01
   2.0000000e+03   1.1987364e+02   2.5439294e-01
   2.0010000e+03   1.2104886e+02   2.2796144e-01
   2.0020000e+03   1.2255512e+02   1.9962771e-01
   2.0030000e+03   1.2363670e+02   1.9682263e-01
   2.0040000e+03   1.2475952e+02   1.9776631e-01
   2.0050000e+03   1.2604881e+02   1.9873009e-01
   2.0060000e+03   1.2739856e+02   1.9945020e-01
   2.0070000e+03   1.2893668e+02   2.2324514e-01
   2.0080000e+03   1.3043080e+02   2.6781470e-01
   2.0090000e+03   1.3159058e+02   2.8954200e-01
   2.0100000e+03   1.3336123e+02   3.9956086e-01
   2.0110000e+03   1.3437538e+02   4.0947838e-01
   2.0120000e+03   1.3564475e+02   4.2423754e-01
   2.0130000e+03   1.3701739e+02   4.3850277e-01
   2.0140000e+03   1.3862822e+02   4.6344304e-01
   2.0150000e+03   1.3979221e+02   4.7652036e-01
   2.0160000e+03   1.4094628e+02   4.8926516e-01
   2.0170000e+03   1.4224023e+02   5.0164590e-01
   2.0180000e+03   1.4335121e+02   5.1373558e-01
   2.0190000e+03   1.4381543e+02   5.2548856e-01
   2.0200000e+03   1.4521594e+02   5.3705540e-01
   2.0210000e+03   1.4632141e+02   5.4838970e-01
   2.0220000e+03   1.4764421e+02   5.5946310e-01
   2.0230000e+03   1.4897962e+02   5.7037802e-01
   2.0240000e+03   1.5051431e+02   6.5015790e-01
   2.0250000e+03   1.5169239e+02   6.5967184e-01
   2.0260000e+03   1.5259001e+02   6.6896000e-01
   2.0270000e+03   1.5397093e+02   6.7815615e-01
   2.0280000e+03   1.5528771e+02   7.1064272e-01
   2.0290000e+03   1.5679151e+02   7.1937651e-01
   2.0300000e+03   1.5817440e+02   7.3783814e-01
   2.0310000e+03   1.5975391e+02   7.6728813e-01
   2.0320000e+03   1.6103289e+02   7.7535393e-01
   2.0330000e+03   1.6262899e+02   7.8348457e-01
   2.0340000e+03   1.6448751e+02   9.6807793e-01
   2.0350000e+03   1.6612683e+02   9.9941441e-01
   2.0360000e+03   1.6810823e+02   1.1469551e+00
   2.0370000e+03   1.6926063e+02   1.1523659e+00
   2.0380000e+03   1.7075605e+02   1.1578170e+00
   2.0390000e+03   1.7230737e+02   1.1632166e+00
   2.0400000e+03   1.7365752e+02   1.1686034e+00
   2.0410000e+03   1.7561004e+02   1.1859906e+00
   2.0420000e+03   1.7707627e+02   1.1913570e+00
   2.0430000e+03   1.7888662e+02   1.1966694e+00
   2.0440000e+03   1.8109629e+02   1.2319002e+00
   2.0450000e+03   1.8292716e+02   1.2373479e+00
   2.0460000e+03   1.8494860e+02   1.2426641e+00
   2.0470000e+03   1.8673658e+02   1.2478213e+00
   2.0480000e+03   1.8893139e+02   1.2535154e+00
   2.0490000e+03   1.9059464e+02   1.2586470e+00
   2.0500000e+03   1.9250194e+02   1.2643446e+00
   2.0510000e+03   1.9412195e+02   1.2697285e+00
   2.0520000e+03   1.9599778e+02   1.2751915e+00
   2.0530000e+03   1.9760422e+02   1.2802203e+00
   2.0540000e+03   1.9920454e+02   1.2852101e+00
   2.0550000e+03   2.0117564e+02   1.2903855e+00
   2.0560000e+03   2.0283069e+02   1.2959467e+00
   2.0570000e+03   2.0468132e+02   1.3365965e+00
   2.0580000e+03   2.0602416e+02   1.3414826e+00
   2.0590000e+03   2.0791922e+02   1.3465273e+00
   2.0600000e+03   2.0996388e+02   1.3517223e+00
   2.0610000e+03   2.1162874e+02   1.3566164e+00
   2.0620000e+03   2.1318371e+02   1.3613804e+00
   2.0630000e+03   2.1513993e+02   1.3665156e+00
   2.0640000e+03   2.1717292e+02   1.3715369e+00
   2.0650000e+03   2.1904626e+02   1.3763497e+00
   2.0660000e+03   2.2061844e+02   1.4235588e+00
   2.0670000e+03   2.2217878e+02   1.4283128e+00
   2.0680000e+03   2.2411783e+02   1.4331892e+00
   2.0690000e+03   2.2633806e+02   1.8106290e+00
   2.0700000e+03   2.2809451e+02   1.8145415e+00
   2.0710000e+03   2.2957858e+02   1.8179101e+00
   2.0720000e+03   2.3106206e+02   1.8213889e+00
   2.0730000e+03   2.3267024e+02   1.8249118e+00
   2.0740000e+03   2.3435264e+02   1.8283499e+00
   2.0750000e+03   2.3626434e+02   1.8323884e+00
   2.0760000e+03   2.3828529e+02   1.8359363e+00
   2.0770000e+03   2.4013728e+02   1.8398203e+00
   2.0780000e+03   2.4210049e+02   1.8434004e+00
   2.0790000e+03   2.4422621e+02   1.8468398e+00
   2.0800000e+03   2.4589975e+02   1.8503776e+00
   2.0810000e+03   2.4798687e+02   1.8539328e+00
   2.0820000e+03   2.4985540e+02   1.8575180e+00
   2.0830000e+03   2.5159175e+02   1.8612797e+00
   2.0840000e+03   2.5370546e+02   1.8647718e+00
   2.0850000e+03   2.5529209e+02   1.8683851e+00
   2.0860000e+03   2.5688997e+02   1.8721821e+00
   2.0870000e+03   2.5844168e+02   1.8757049e+00
   2.0880000e+03   2.5983392e+02   1.8789457e+00
   2.0890000e+03   2.6175002e+02   1.8824859e+00
   2.0900000e+03   2.6339893e+02   1.8858183e+00
   2.0910000e+03   2.6518806e+02   1.8891015e+00
   2.0920000e+03   2.6712987e+02   1.8931261e+00
   2.0930000e+03   2.6892259e+02   1.8966347e+00
   2.0940000e+03   2.7085875e+02   1.9003733e+00
   2.0950000e+03   2.7244111e+02   1.9039478e+00
   2.0960000e+03   2.7413916e+02   1.9076901e+00
   2.0970000e+03   2.7585820e+02   1.9118769e+00
   2.0980000e+03   2.7750232e+02   1.9156861e+00
   2.0990000e+03   2.7948649e+02   1.9193536e+00
   2.1000000e+03   2.8120616e+02   1.9227617e+00
   2.1010000e+03   2.8323575e+02   1.9270537e+00
   2.1020000e+03   2.8504398e+02   1.9304739e+00
   2.1030000e+03   2.8669921e+02   1.9343953e+00
   2.1040000e+03   2.8859146e+02   1.9387480e+00
   2.1050000e+03   2.9057998e+02   1.9434971e+00
   2.1060000e+03   2.9212848e+02   1.9480622e+00
   2.1070000e+03   2.9390822e+02   1.9518716e+00
   2.1080000e+03   2.9539256e+02   1.9564221e+00
   2.1090000e+03   2.9733435e+02   1.9614034e+00
   2.1100000e+03   2.9892046e+02   1.9654810e+00
   2.1110000e+03   3.0092537e+02   1.9699448e+00
   2.1120000e+03   3.0271363e+02   1.9734946e+00
   2.1130000e+03   3.0486856e+02   1.9777388e+00
   2.1140000e+03   3.0667173e+02   1.9818406e+00
   2.1150000e+03   3.0845785e+02   1.9862174e+00
   2.1160000e+03   3.0984637e+02   1.9898843e+00
   2.1170000e+03   3.1133205e+02   1.9936983e+00
   2.1180000e+03   3.1289171e+02   1.9975183e+00
   2.1190000e+03   3.1438267e+02   2.0037207e+00
   2.1200000e+03   3.1616148e+02   2.0089553e+00
   2.1210000e+03   3.1770059e+02   2.0126295e+00
   2.1220000e+03   3.1912609e+02   2.0161334e+00
   2.1230000e+03   3.2069127e+02   2.0210070e+00
   2.1240000e+03   3.2216930e+02   2.0246650e+00
   2.1250000e+03   3.2376133e+02   2.0285523e+00
   2.1260000e+03   3.2520141e+02   2.0325822e+00
   2.1270000e+03   3.2674253e+02   2.0361253e+00
   2.1280000e+03   3.2828615e+02   2.0414535e+00
   2.1290000e+03   3.2961510e+02   2.0450594e+00
   2.1300000e+03   3.3114399e+02   2.0489828e+00
   2.1310000e+03   3.3253891e+02   2.0526510e+00
   2.1320000e+03   3.3386487e+02   2.0563770e+00
   2.1330000e+03   3.3540863e+02   2.0602430e+00
   2.1340000e+03   3.3703129e+02   2.0642724e+00
   2.1350000e+03   3.3849376e+02   2.0688705e+00
   2.1360000e+03   3.3994853e+02   2.0735133e+00
   2.1370000e+03   3.4130404e+02   2.0769638e+00
   2.1380000e+03   3.4262164e+02   2.0810511e+00
   2.1390000e+03   3.4379736e+02   2.0838708e+00
   2.1400000e+03   3.4521401e+02   2.0891179e+00
   2.1410000e+03   3.4640802e+02   2.0935547e+00
   2.1420000e+03   3.4764283e+02   2.0982722e+00
   2.1430000e+03   3.4888656e+02   2.1036847e+00
   2.1440000e+03   3.5016986e+02   2.1064889e+00
   2.1450000e+03   3.5149509e+02   2.1103649e+00
   2.1460000e+03   3.5293549e+02   2.1152725e+00
   2.1470000e+03   3.5416181e+02   2.1182092e+00
   2.1480000e+03   3.5546237e+02   2.1216766e+00
   2.1490000e+03   3.5676450e+02   2.1258274e+00
   2.1500000e+03   3.5808938e+02   2.1299462e+00
   2.1510000e+03   3.5942855e+02   2.1341014e+00
   2.1520000e+03   3.6063608e+02   2.1382143e+00
   2.1530000e+03   3.6166495e+02   2.1410653e+00
   2.1540000e+03   3.6293145e+02   2.1454355e+00
   2.1550000e+03   3.6419529e+02   2.1482717e+00
   2.1560000e+03   3.6549777e+02   2.1512249e+00
   2.1570000e+03   3.6700397e+02   2.1576080e+00
   2.1580000e+03   3.6833514e+02   2.1641350e+00
   2.1590000e+03   3.6957712e+02   2.1670935e+00
   2.1600000e+03   3.7075390e+02   2.1722298e+00
   2.1610000e+03   3.7193451e+02   2.1772562e+00
   2.1620000e+03   3.7309792e+02   2.1801081e+00
   2.1630000e+03   3.7437205e+02   2.1851551e+00
   2.1640000e+03   3.7560705e+02   2.1923136e+00
   2.1650000e+03   3.7679001e+02   2.1950231e+00
   2.1660000e+03   3.7787610e+02   2.1977485e+00
   2.1670000e+03   3.7893686e+02   2.2004755e+00
   2.1680000e+03   3.7979121e+02   2.2031321e+00
   2.1690000e+03   3.8091598e+02   2.2058489e+00
   2.1700000e+03   3.8194271e+02   2.2085165e+00
   2.1710000e+03   3.8289285e+02   2.2111929e+00
   2.1720000e+03   3.8381637e+02   2.2138398e+00
   2.1730000e+03   3.8522817e+02   2.2166803e+00
   2.1740000e+03   3.8616978e+02   2.2194051e+00
   2.1750000e+03   3.8710932e+02   2.2219856e+00
   2.1760000e+03   3.8798016e+02   2.2276470e+00
   2.1770000e+03   3.8903715e+02   2.2305597e+00
   2.1780000e+03   3.8992451e+02   2.2331562e+00
   2.1790000e+03   3.9080300e+02   2.2357284e+00
   2.1800000e+03   3.9172668e+02   2.2383141e+00
   2.1810000e+03   3.9255355e+02   2.2409290e+00
   2.1820000e+03   3.9339533e+02   2.2435457e+00
   2.1830000e+03   3.9438488e+02   2.2461677e+00
   2.1840000e+03   3.9534604e+02   2.2488754e+00
   2.1850000e+03   3.9615408e+02   2.2514920e+00
   2.1860000e+03   3.9728642e+02   2.2542002e+00
   2.1870000e+03   3.9813705e+02   2.2568833e+00
   2.1880000e+03   3.9917811e+02   2.2596019e+00
   2.1890000e+03   4.0015944e+02   2.2622677e+00
   2.1900000e+03   4.0088417e+02   2.2649943e+00
   2.1910000e+03   4.0166006e+02   2.2676329e+00
   2.1920000e+03   4.0259069e+02   2.2703546e+00
   2.1930000e+03   4.0339150e+02   2.2729374e+00
   2.1940000e+03   4.0415875e+02   2.2755828e+00
   2.1950000e+03   4.0492663e+02   2.2782868e+00
   2.1960000e+03   4.0573720e+02   2.2809198e+00
   2.1970000e+03   4.0645563e+02   2.2835724e+00
   2.1980000e+03   4.0726211e+02   2.2861811e+00
   2.1990000e+03   4.0794717e+02   2.2887341e+00
   2.2000000e+03   4.0889878e+02   2.2914621e+00
   2.2010000e+03   4.0960472e+02   2.2941627e+00
   2.2020000e+03   4.1012076e+02   2.2967561e+00
   2.2030000e+03   4.1090678e+02   2.2994038e+00
   2.2040000e+03   4.1144261e+02   2.3021143e+00
   2.2050000e+03   4.1198730e+02   2.3049388e+00
   2.2060000e+03   4.1270801e+02   2.3075475e+00
   2.2070000e+03   4.1336367e+02   2.3102227e+00
   2.2080000e+03   4.1386744e+02   2.3125234e+00
   2.2090000e+03   4.1456263e+02   2.3152354e+00
   2.2100000e+03   4.1542201e+02   2.3179938e+00
   2.2110000e+03   4.1597003e+02   2.3205226e+00
   2.2120000e+03   4.1652636e+02   2.3231037e+00
   2.2130000e+03   4.1701091e+02   2.3257281e+00
   2.2140000e+03   4.1760997e+02   2.3283884e+00
   2.2150000e+03   4.1824395e+02   2.3310994e+00
   2.2160000e+03   4.1882172e+02   2.3336333e+00
   2.2170000e+03   4.1953695e+02   2.3363817e+00
   2.2180000e+03   4.2011785e+02   2.3390835e+00
   2.2190000e+03   4.2079108e+02   2.3418657e+00
   2.2200000e+03   4.2133081e+02   2.3444605e+00
   2.2210000e+03   4.2187794e+02   2.3472238e+00
   2.2220000e+03   4.2236447e+02   2.3498395e+00
   2.2230000e+03   4.2286817e+02   2.3524109e+00
   2.2240000e+03   4.2333678e+02   2.3552113e+00
   2.2250000e+03   4.2376149e+02   2.3579057e+00
   2.2260000e+03   4.2423389e+02   2.3605207e+00
   2.2270000e+03   4.2470393e+02   2.3631128e+00
   2.2280000e+03   4.2507761e+02   2.3657981e+00
   2.2290000e+03   4.2555118e+02   2.3683444e+00
   2.2300000e+03   4.2614044e+02   2.3712154e+00
   2.2310000e+03   4.2661147e+02   2.3738524e+00
   2.2320000e+03   4.2705766e+02   2.3764348e+00
   2.2330000e+03   4.2757782e+02   2.3793104e+00
   2.2340000e+03   4.2790902e+02   2.3818645e+00
   2.2350000e+03   4.2851705e+02   2.3848052e+00
   2.2360000e+03   4.2890715e+02   2.3874914e+00
   2.2370000e+03   4.2942468e+02   2.3901998e+00
   2.2380000e+03   4.2991575e+02   2.3931871e+00
   2.2390000e+03   4.3048503e+02   2.3958715e+00
   2.2400000e+03   4.3092582e+02   2.3987751e+00
   2.2410000e+03   4.3146012e+02   2.4015068e+00
   2.2420000e+03   4.3187721e+02   2.4044936e+00
   2.2430000e+03   4.3224343e+02   2.4070969e+00
   2.2440000e+03   4.3262119e+02   2.4098028e+00
   2.2450000e+03   4.3318983e+02   2.4128010e+00
   2.2460000e+03   4.3350433e+02   2.4154569e+00
   2.2470000e+03   4.3387418e+02   2.4184625e+00
   2.2480000e+03   4.3437502e+02   2.4212526e+00
   2.2490000e+03   4.3471866e+02   2.4239850e+00
   2.2500000e+03   4.3509546e+02   2.4266999e+00
   2.2510000e+03   4.3547246e+02   2.4293837e+00
   2.2520000e+03   4.3592801e+02   2.4320951e+00
   2.2530000e+03   4.3647324e+02   2.4348547e+00
   2.2540000e+03   4.3685342e+02   2.4375363e+00
   2.2550000e+03   4.3723001e+02   2.4402908e+00
   2.2560000e+03   4.3755139e+02   2.4429657e+00
   2.2570000e+03   4.3787192e+02   2.4456807e+00
   2.2580000e+03   4.3829040e+02   2.4484644e+00
   2.2590000e+03   4.3881009e+02   2.4514986e+00
   2.2600000e+03   4.3931820e+02   2.4543011e+00
   2.2610000e+03   4.3979030e+02   2.4574027e+00
   2.2620000e+03   4.4032170e+02   2.4606591e+00
   2.2630000e+03   4.4079306e+02   2.4635775e+00
   2.2640000e+03   4.4127746e+02   2.4665472e+00
   2.2650000e+03   4.4169375e+02   2.4693114e+00
   2.2660000e+03   4.4212803e+02   2.4721883e+00
   2.2670000e+03   4.4257081e+02   2.4751526e+00
   2.2680000e+03   4.4305534e+02   2.4781420e+00
   2.2690000e+03   4.4352516e+02   2.4811135e+00
   2.2700000e+03   4.4392250e+02   2.4841316e+00
   2.2710000e+03   4.4428993e+02   2.4872245e+00
   2.2720000e+03   4.4461363e+02   2.4901379e+00
   2.2730000e+03   4.4500077e+02   2.4932149e+00
   2.2740000e+03   4.4538573e+02   2.4961117e+00
   2.2750000e+03   4.4576144e+02   2.4994460e+00
   2.2760000e+03   4.4614529e+02   2.5024611e+00
   2.2770000e+03   4.4666970e+02   2.5054990e+00
   2.2780000e+03   4.4690174e+02   2.5085016e+00
   2.2790000e+03   4.4732682e+02   2.5118838e+00
   2.2800000e+03   4.4770301e+02   2.5149157e+00
   2.2810000e+03   4.4800906e+02   2.5178234e+00
   2.2820000e+03   4.4843833e+02   2.5210871e+00
   2.2830000e+03   4.4891227e+02   2.5241406e+00
   2.2840000e+03   4.4932454e+02   2.5272269e+00
   2.2850000e+03   4.4965343e+02   2.5294201e+00
   2.2860000e+03   4.5010371e+02   2.5325081e+00
   2.2870000e+03   4.5038993e+02   2.5355311e+00
   2.2880000e+03   4.5081284e+02   2.5387098e+00
   2.2890000e+03   4.5112704e+02   2.5417035e+00
   2.2900000e+03   4.5138385e+02   2.5445105e+00
   2.2910000e+03   4.5175489e+02   2.5480553e+00
   2.2920000e+03   4.5192189e+02   2.5510550e+00
   2.2930000e+03   4.5225980e+02   2.5541357e+00
   2.2940000e+03   4.5261672e+02   2.5572809e+00
   2.2950000e+03   4.5293377e+02   2.5604705e+00
   2.2960000e+03   4.5332204e+02   2.5635347e+00
   2.2970000e+03   4.5376763e+02   2.5667872e+00
   2.2980000e+03   4.5409746e+02   2.5699141e+00
   2.2990000e+03   4.5446223e+02   2.5729701e+00
   2.3000000e+03   4.5464640e+02   2.5760362e+00
