   1.9020000e+03   7.0848519e-01   4.5353889e+00
   1.9030000e+03   1.3449889e+00   4.5286980e+00
   1.9040000e+03   2.1134969e+00   4.4588855e+00
   1.9050000e+03   2.9312901e+00   4.3876987e+00
   1.9060000e+03   3.5918766e+00   4.3798128e+00
   1.9070000e+03   4.1008394e+00   4.3727151e+00
   1.9080000e+03   5.2901740e+00   4.3674019e+00
   1.9090000e+03   5.9847492e+00   4.2955878e+00
   1.9100000e+03   6.7128495e+00   4.2221574e+00
   1.9110000e+03   7.3809064e+00   4.1478121e+00
   1.9120000e+03   8.0681631e+00   4.1421592e+00
   1.9130000e+03   8.8764641e+00   4.0734548e+00
   1.9140000e+03   9.9557252e+00   3.9936570e+00
   1.9150000e+03   1.1904538e+01   3.9820257e+00
   1.9160000e+03   1.3106377e+01   3.9299886e+00
   1.9170000e+03   1.4505218e+01   3.7842654e+00
   1.9180000e+03   1.5219584e+01   3.7038569e+00
   1.9190000e+03   1.6258261e+01   3.6972968e+00
   1.9200000e+03   1.6837637e+01   3.6189157e+00
   1.9210000e+03   1.7508366e+01   3.5386266e+00
   1.9220000e+03   1.8269510e+01   3.5307142e+00
   1.9230000e+03   1.9436509e+01   3.5208070e+00
   1.9240000e+03   2.0308645e+01   3.5139416e+00
   1.9250000e+03   2.1528255e+01   3.5064707e+00
   1.9260000e+03   2.3143739e+01   3.3119886e+00
   1.9270000e+03   2.5197884e+01   3.2266716e+00
   1.9280000e+03   2.7101468e+01   3.0971226e+00
   1.9290000e+03   2.9043636e+01   3.0077251e+00
   1.9300000e+03   3.0354855e+01   2.9212724e+00
   1.9310000e+03   3.4307970e+01   2.7772610e+00
   1.9320000e+03   3.6741010e+01   2.5674425e+00
   1.9330000e+03   3.9117197e+01   2.3392775e+00
   1.9340000e+03   4.1033506e+01   2.1285163e+00
   1.9350000e+03   4.2354158e+01   1.9301343e+00
   1.9360000e+03   4.4999529e+01   1.8219714e+00
   1.9370000e+03   4.6259982e+01   1.6651964e+00
   1.9380000e+03   4.7379237e+01   1.5755711e+00
   1.9390000e+03   4.8396928e+01   1.5398454e+00
   1.9400000e+03   5.0153977e+01   1.5295875e+00
   1.9410000e+03   5.1573262e+01   1.4895108e+00
   1.9420000e+03   5.2967924e+01   1.4778702e+00
   1.9430000e+03   5.4815590e+01   1.4643565e+00
   1.9440000e+03   5.6129591e+01   1.4190333e+00
   1.9450000e+03   5.7391821e+01   1.4103668e+00
   1.9460000e+03   5.8670637e+01   1.3888183e+00
   1.9470000e+03   6.0157948e+01   1.3732393e+00
   1.9480000e+03   6.1619292e+01   1.3508399e+00
   1.9490000e+03   6.2771694e+01   1.3288508e+00
   1.9500000e+03   6.4066701e+01   1.3063416e+00
   1.9510000e+03   6.4695820e+01   1.2813760e+00
   1.9520000e+03   6.5591322e+01   1.2732567e+00
   1.9530000e+03   6.7185185e+01   1.2449920e+00
   1.9540000e+03   6.8753051e+01   1.2041463e+00
   1.9550000e+03   6.9026578e+01   1.1616278e+00
   1.9560000e+03   7.0020350e+01   1.1495211e+00
   1.9570000e+03   7.2138638e+01   1.1187281e+00
   1.9580000e+03   7.3602399e+01   1.0554317e+00
   1.9590000e+03   7.4687516e+01   1.0199354e+00
   1.9600000e+03   7.6542556e+01   9.8556635e-01
   1.9610000e+03   7.8360972e+01   9.4145917e-01
   1.9620000e+03   7.9858714e+01   8.7286749e-01
   1.9630000e+03   8.0555049e+01   8.3179558e-01
   1.9640000e+03   8.0953244e+01   8.1189349e-01
   1.9650000e+03   8.1126835e+01   7.8486152e-01
   1.9660000e+03   8.1926939e+01   7.7030201e-01
   1.9670000e+03   8.2611134e+01   7.5223270e-01
   1.9680000e+03   8.2763317e+01   7.3216671e-01
   1.9690000e+03   8.3703581e+01   7.2364954e-01
   1.9700000e+03   8.3961459e+01   7.0481223e-01
   1.9710000e+03   8.4690050e+01   6.9069659e-01
   1.9720000e+03   8.4594002e+01   6.7382681e-01
   1.9730000e+03   8.5126042e+01   6.6491312e-01
   1.9740000e+03   8.5711030e+01   6.4971359e-01
   1.9750000e+03   8.6199434e+01   6.4017947e-01
   1.9760000e+03   8.6316343e+01   6.3026448e-01
   1.9770000e+03   8.7054787e+01   6.2036921e-01
   1.9780000e+03   8.7812867e+01   6.0613622e-01
   1.9790000e+03   8.8950225e+01   5.9547887e-01
   1.9800000e+03   8.9546712e+01   5.7072540e-01
   1.9810000e+03   9.0202560e+01   5.6032308e-01
   1.9820000e+03   9.0524033e+01   5.4918461e-01
   1.9830000e+03   9.0907917e+01   5.3930768e-01
   1.9840000e+03   9.2070623e+01   5.2489761e-01
   1.9850000e+03   9.2914355e+01   5.0333073e-01
   1.9860000e+03   9.3433123e+01   4.8575628e-01
   1.9870000e+03   9.3901750e+01   4.6902866e-01
   1.9880000e+03   9.4675478e+01   4.5572728e-01
   1.9890000e+03   9.5271240e+01   4.4264647e-01
   1.9900000e+03   9.6408406e+01   4.3340303e-01
   1.9910000e+03   9.7412917e+01   4.1706615e-01
   1.9920000e+03   9.7358310e+01   4.0191735e-01
   1.9930000e+03   9.8319531e+01   3.8833521e-01
   1.9940000e+03   9.9162444e+01   3.7121988e-01
   1.9950000e+03   1.0023189e+02   3.5427104e-01
   1.9960000e+03   1.0041238e+02   3.3639062e-01
   1.9970000e+03   1.0090332e+02   3.1778330e-01
   1.9980000e+03   1.0228125e+02   2.9790507e-01
   1.9990000e+03   1.0290503e+02   2.7486074e-01
   2.0000000e+03   1.0371143e+02   2.5158358e-01
   2.0010000e+03   1.0450201e+02   2.2583001e-01
   2.0020000e+03   1.0545160e+02   1.9718374e-01
   2.0030000e+03   1.0683690e+02   1.9786777e-01
   2.0040000e+03   1.0820270e+02   1.9842619e-01
   2.0050000e+03   1.0948036e+02   1.9839226e-01
   2.0060000e+03   1.1028079e+02   1.9942040e-01
   2.0070000e+03   1.1165638e+02   2.2267163e-01
   2.0080000e+03   1.1256034e+02   2.4418032e-01
   2.0090000e+03   1.1361917e+02   2.6786526e-01
