   1.8500000e+03             NaN             NaN
   1.8510000e+03   8.7768473e-01   5.4336713e+00
   1.8520000e+03   3.0661467e+00   5.3891842e+00
   1.8530000e+03   4.8937053e+00   5.3160945e+00
   1.8540000e+03   6.6504166e+00   5.2466712e+00
   1.8550000e+03   7.9233840e+00   5.1827620e+00
   1.8560000e+03   8.6849552e+00   5.1388567e+00
   1.8570000e+03   1.0058992e+01   5.0916732e+00
   1.8580000e+03   1.0783802e+01   5.0520673e+00
   1.8590000e+03   1.0920591e+01   5.0024618e+00
   1.8600000e+03   1.1834926e+01   4.9750562e+00
   1.8610000e+03   1.2586601e+01   4.9460581e+00
   1.8620000e+03   1.4035205e+01   4.9179596e+00
   1.8630000e+03   1.5296121e+01   4.8751181e+00
   1.8640000e+03   1.6107005e+01   4.8363508e+00
   1.8650000e+03   1.8155895e+01   4.8001556e+00
   1.8660000e+03   1.8918023e+01   4.7384132e+00
   1.8670000e+03   1.9512653e+01   4.7072733e+00
   1.8680000e+03   2.0372470e+01   4.6626591e+00
   1.8690000e+03   2.1175683e+01   4.5954089e+00
   1.8700000e+03   2.2206744e+01   4.5612999e+00
   1.8710000e+03   2.5018698e+01   4.4941792e+00
   1.8720000e+03   2.5705350e+01   3.9038758e+00
   1.8730000e+03   2.6458773e+01   3.8427337e+00
   1.8740000e+03   2.7751508e+01   3.8026206e+00
   1.8750000e+03   2.9277671e+01   3.7549803e+00
   1.8760000e+03   3.0157026e+01   3.6794269e+00
   1.8770000e+03   3.0467518e+01   3.6250608e+00
   1.8780000e+03   3.0989654e+01   3.5931568e+00
   1.8790000e+03   3.1564096e+01   3.5460583e+00
   1.8800000e+03   3.2923275e+01   3.4906640e+00
   1.8810000e+03   3.4813219e+01   3.4307663e+00
   1.8820000e+03   3.5240243e+01   3.3805319e+00
   1.8830000e+03   3.5515706e+01   3.3779081e+00
   1.8840000e+03   3.6239260e+01   3.2964303e+00
   1.8850000e+03   3.6723319e+01   3.2406782e+00
   1.8860000e+03   3.7876380e+01   3.2384846e+00
   1.8870000e+03   3.9440386e+01   3.1715707e+00
   1.8880000e+03   3.9754663e+01   3.1180696e+00
   1.8890000e+03   3.9827125e+01   3.0679873e+00
   1.8900000e+03   4.0690730e+01   3.0390129e+00
   1.8910000e+03   4.1511199e+01   2.9953248e+00
   1.8920000e+03   4.2185087e+01   2.9078145e+00
   1.8930000e+03   4.2322959e+01   2.8708128e+00
   1.8940000e+03   4.3459964e+01   2.8343482e+00
   1.8950000e+03   4.3913333e+01   2.7658968e+00
   1.8960000e+03   4.4289514e+01   2.7146019e+00
   1.8970000e+03   4.4925239e+01   2.6816332e+00
   1.8980000e+03   4.5392196e+01   2.6502211e+00
   1.8990000e+03   4.5984187e+01   2.5774558e+00
   1.9000000e+03   4.7120160e+01   2.5178738e+00
   1.9010000e+03   4.8069101e+01   2.4813695e+00
   1.9020000e+03   4.8707782e+01   2.4492547e+00
   1.9030000e+03   4.9717436e+01   2.4201271e+00
   1.9040000e+03   5.1539281e+01   2.3718282e+00
   1.9050000e+03   5.2130619e+01   2.2691581e+00
   1.9060000e+03   5.2581782e+01   2.2364448e+00
   1.9070000e+03   5.4723586e+01   2.2111131e+00
   1.9080000e+03   5.6776242e+01   2.1326656e+00
   1.9090000e+03   5.7861216e+01   2.0722769e+00
   1.9100000e+03   5.9514673e+01   1.9944481e+00
   1.9110000e+03   6.0236600e+01   1.9228012e+00
   1.9120000e+03   6.1351169e+01   1.9016556e+00
   1.9130000e+03   6.1846268e+01   1.8201704e+00
   1.9140000e+03   6.3446840e+01   1.7921041e+00
   1.9150000e+03   6.3525966e+01   1.7406127e+00
   1.9160000e+03   6.4137723e+01   1.7228152e+00
   1.9170000e+03   6.4790967e+01   1.6804765e+00
   1.9180000e+03   6.5506343e+01   1.6431487e+00
   1.9190000e+03   6.6451205e+01   1.6071699e+00
   1.9200000e+03   6.7423502e+01   1.5396032e+00
   1.9210000e+03   6.8136205e+01   1.5157946e+00
   1.9220000e+03   6.9855645e+01   1.4973692e+00
   1.9230000e+03   7.0658265e+01   1.4721043e+00
   1.9240000e+03   7.1318374e+01   1.4423350e+00
   1.9250000e+03   7.1534707e+01   1.4135598e+00
   1.9260000e+03   7.2714293e+01   1.4083741e+00
   1.9270000e+03   7.3581073e+01   1.3788382e+00
   1.9280000e+03   7.4016500e+01   1.3652407e+00
   1.9290000e+03   7.5569223e+01   1.3465746e+00
   1.9300000e+03   7.6400880e+01   1.3190790e+00
   1.9310000e+03   7.7562355e+01   1.3119933e+00
   1.9320000e+03   7.8609610e+01   1.3054285e+00
   1.9330000e+03   7.9166488e+01   1.2994836e+00
   1.9340000e+03   7.9917564e+01   1.2910742e+00
   1.9350000e+03   8.0034627e+01   1.2808486e+00
   1.9360000e+03   8.0705469e+01   1.2706252e+00
   1.9370000e+03   8.1676963e+01   1.2445807e+00
   1.9380000e+03   8.2524823e+01   1.2284493e+00
   1.9390000e+03   8.3391214e+01   1.2216204e+00
   1.9400000e+03   8.4392989e+01   1.2154334e+00
   1.9410000e+03   8.4905542e+01   1.2013058e+00
   1.9420000e+03   8.4897891e+01   1.1959606e+00
   1.9430000e+03   8.6447716e+01   1.1770439e+00
   1.9440000e+03   8.7466794e+01   1.1690180e+00
   1.9450000e+03   8.8401101e+01   1.1634739e+00
   1.9460000e+03   8.9519055e+01   1.1426252e+00
   1.9470000e+03   8.9850962e+01   1.1375696e+00
   1.9480000e+03   9.0749316e+01   1.1152227e+00
   1.9490000e+03   9.2821583e+01   1.1092182e+00
   1.9500000e+03   9.4131880e+01   1.1027056e+00
   1.9510000e+03   9.5901104e+01   1.0791263e+00
   1.9520000e+03   9.6558186e+01   1.0709314e+00
   1.9530000e+03   9.7290634e+01   1.0644215e+00
   1.9540000e+03   9.8016047e+01   1.0577825e+00
   1.9550000e+03   9.8329181e+01   1.0371448e+00
   1.9560000e+03   9.9275454e+01   1.0307512e+00
   1.9570000e+03   9.9490841e+01   1.0241713e+00
   1.9580000e+03   1.0052113e+02   1.0178568e+00
   1.9590000e+03   1.0146734e+02   1.0114413e+00
   1.9600000e+03   1.0192640e+02   1.0050213e+00
   1.9610000e+03   1.0269858e+02   9.9832933e-01
   1.9620000e+03   1.0337894e+02   9.9164357e-01
   1.9630000e+03   1.0387658e+02   9.8523116e-01
   1.9640000e+03   1.0468007e+02   9.7872037e-01
   1.9650000e+03   1.0508589e+02   9.7203905e-01
   1.9660000e+03   1.0506739e+02   9.6554224e-01
   1.9670000e+03   1.0602612e+02   9.5903830e-01
   1.9680000e+03   1.0699587e+02   9.5236204e-01
   1.9690000e+03   1.0774589e+02   9.4547133e-01
   1.9700000e+03   1.0842671e+02   9.3744478e-01
   1.9710000e+03   1.0958144e+02   9.3056481e-01
   1.9720000e+03   1.1045678e+02   9.2342267e-01
   1.9730000e+03   1.1071254e+02   8.7906573e-01
   1.9740000e+03   1.1147915e+02   8.7163606e-01
   1.9750000e+03   1.1269895e+02   8.4609015e-01
   1.9760000e+03   1.1308656e+02   8.3864526e-01
   1.9770000e+03   1.1404111e+02   8.3093273e-01
   1.9780000e+03   1.1493293e+02   7.8748161e-01
   1.9790000e+03   1.1546336e+02   7.7890290e-01
   1.9800000e+03   1.1569275e+02   7.7076976e-01
   1.9810000e+03   1.1603917e+02   7.6260098e-01
   1.9820000e+03   1.1637336e+02   7.5442983e-01
   1.9830000e+03   1.1683889e+02   7.4617584e-01
   1.9840000e+03   1.1741235e+02   7.3780173e-01
   1.9850000e+03   1.1829147e+02   7.2930155e-01
   1.9860000e+03   1.1865834e+02   7.2065731e-01
   1.9870000e+03   1.1978842e+02   7.1202397e-01
   1.9880000e+03   1.2041430e+02   7.0325357e-01
   1.9890000e+03   1.2125024e+02   6.9433635e-01
   1.9900000e+03   1.2232298e+02   6.8535743e-01
   1.9910000e+03   1.2289618e+02   6.7577068e-01
   1.9920000e+03   1.2351664e+02   6.6653392e-01
   1.9930000e+03   1.2446761e+02   6.5718306e-01
   1.9940000e+03   1.2486448e+02   6.4814783e-01
   1.9950000e+03   1.2555522e+02   6.3801357e-01
   1.9960000e+03   1.2597828e+02   6.2825744e-01
   1.9970000e+03   1.2651196e+02   6.2158374e-01
   1.9980000e+03   1.2759878e+02   6.1103021e-01
   1.9990000e+03   1.2871710e+02   6.0003972e-01
   2.0000000e+03   1.3001744e+02   5.8962806e-01
   2.0010000e+03   1.3334113e+02   5.7909923e-01
   2.0020000e+03   1.3452948e+02   2.0117679e-01
   2.0030000e+03   1.3612743e+02   1.9673505e-01
   2.0040000e+03   1.3717108e+02   1.9768951e-01
   2.0050000e+03   1.3839299e+02   1.9865652e-01
   2.0060000e+03   1.3991961e+02   1.9964994e-01
   2.0070000e+03   1.4102908e+02   2.2339834e-01
   2.0080000e+03   1.4251617e+02   2.4489584e-01
   2.0090000e+03   1.4391850e+02   2.6858869e-01
   2.0100000e+03   1.4536239e+02   2.9064816e-01
   2.0110000e+03   1.4618560e+02   3.1098723e-01
   2.0120000e+03   1.4773908e+02   3.3014744e-01
   2.0130000e+03   1.4963878e+02   3.4828532e-01
   2.0140000e+03   1.5120017e+02   3.6550785e-01
   2.0150000e+03   1.5293379e+02   3.8192038e-01
   2.0160000e+03   1.5464634e+02   3.9765806e-01
   2.0170000e+03   1.5651420e+02   4.1291406e-01
   2.0180000e+03   1.5824159e+02   4.2753458e-01
   2.0190000e+03   1.5984904e+02   4.4182879e-01
   2.0200000e+03   1.6198825e+02   4.5602005e-01
   2.0210000e+03   1.6340474e+02   4.7005364e-01
   2.0220000e+03   1.6550956e+02   4.8317972e-01
   2.0230000e+03   1.6745229e+02   4.9616592e-01
   2.0240000e+03   1.6894297e+02   5.0841006e-01
   2.0250000e+03   1.7018401e+02   5.2042243e-01
   2.0260000e+03   1.7158630e+02   5.3211483e-01
   2.0270000e+03   1.7269099e+02   5.4355917e-01
   2.0280000e+03   1.7454045e+02   5.5516654e-01
   2.0290000e+03   1.7658583e+02   5.6746151e-01
   2.0300000e+03   1.7748223e+02   5.7820693e-01
   2.0310000e+03   1.7923340e+02   5.8882550e-01
   2.0320000e+03   1.8115104e+02   5.9923516e-01
   2.0330000e+03   1.8296273e+02   6.0957243e-01
   2.0340000e+03   1.8520233e+02   6.1975592e-01
   2.0350000e+03   1.8690404e+02   6.2960173e-01
   2.0360000e+03   1.8845459e+02   6.3940179e-01
   2.0370000e+03   1.9024735e+02   6.4905041e-01
   2.0380000e+03   1.9244321e+02   6.5909370e-01
   2.0390000e+03   1.9440844e+02   6.6849555e-01
   2.0400000e+03   1.9613564e+02   6.7768676e-01
   2.0410000e+03   1.9764069e+02   6.8687975e-01
   2.0420000e+03   1.9937972e+02   6.9582129e-01
   2.0430000e+03   2.0086206e+02   7.0630501e-01
   2.0440000e+03   2.0261046e+02   7.1521631e-01
   2.0450000e+03   2.0519208e+02   7.3041392e-01
   2.0460000e+03   2.0831140e+02   7.3980363e-01
   2.0470000e+03   2.1061823e+02   7.4819673e-01
   2.0480000e+03   2.1242775e+02   7.5709161e-01
   2.0490000e+03   2.1492723e+02   7.6582470e-01
   2.0500000e+03   2.1689542e+02   7.7396987e-01
   2.0510000e+03   2.1884328e+02   7.8194857e-01
   2.0520000e+03   2.2088794e+02   8.4149978e-01
   2.0530000e+03   2.2295052e+02   8.4886430e-01
   2.0540000e+03   2.2462022e+02   8.5617092e-01
   2.0550000e+03   2.2649837e+02   8.6355828e-01
   2.0560000e+03   2.2838657e+02   8.7078699e-01
   2.0570000e+03   2.2999278e+02   8.7791083e-01
   2.0580000e+03   2.3218054e+02   8.8498931e-01
   2.0590000e+03   2.3547774e+02   1.5717231e+00
   2.0600000e+03   2.3727824e+02   1.5759090e+00
   2.0610000e+03   2.3879344e+02   1.5821595e+00
   2.0620000e+03   2.4259689e+02   2.1368622e+00
   2.0630000e+03   2.4510917e+02   2.1401449e+00
   2.0640000e+03   2.4771435e+02   2.2168150e+00
   2.0650000e+03   2.5002489e+02   2.2199908e+00
   2.0660000e+03   2.5332843e+02   2.8077884e+00
   2.0670000e+03   2.5590282e+02   2.8114247e+00
   2.0680000e+03   2.5845609e+02   2.8141422e+00
   2.0690000e+03   2.6034272e+02   2.8173926e+00
   2.0700000e+03   2.6282642e+02   2.8225570e+00
   2.0710000e+03   2.6519099e+02   2.8248707e+00
   2.0720000e+03   2.6776736e+02   2.8281822e+00
   2.0730000e+03   2.6977619e+02   2.8304299e+00
   2.0740000e+03   2.7219471e+02   2.8331540e+00
   2.0750000e+03   2.7458766e+02   2.8364669e+00
   2.0760000e+03   2.7637073e+02   2.8387138e+00
   2.0770000e+03   2.7828354e+02   2.8423117e+00
   2.0780000e+03   2.8070683e+02   2.8453129e+00
   2.0790000e+03   2.8291135e+02   2.8481203e+00
   2.0800000e+03   2.8442553e+02   2.8503890e+00
   2.0810000e+03   2.8658264e+02   2.8547274e+00
   2.0820000e+03   2.8849860e+02   2.8569403e+00
   2.0830000e+03   2.8999975e+02   2.8591781e+00
   2.0840000e+03   2.9173550e+02   2.8614914e+00
   2.0850000e+03   2.9389830e+02   2.8675792e+00
   2.0860000e+03   2.9587040e+02   2.8702713e+00
   2.0870000e+03   2.9778145e+02   2.8727373e+00
   2.0880000e+03   2.9939692e+02   2.8753991e+00
   2.0890000e+03   3.0198494e+02   2.9031347e+00
   2.0900000e+03   3.0399038e+02   2.9069386e+00
   2.0910000e+03   3.0599823e+02   2.9091484e+00
   2.0920000e+03   3.0754070e+02   2.9113203e+00
   2.0930000e+03   3.0935641e+02   2.9136163e+00
   2.0940000e+03   3.1055614e+02   2.9157800e+00
   2.0950000e+03   3.1224519e+02   2.9180233e+00
   2.0960000e+03   3.1370942e+02   2.9202139e+00
   2.0970000e+03   3.1530265e+02   2.9223185e+00
   2.0980000e+03   3.1766189e+02   2.9247732e+00
   2.0990000e+03   3.1934467e+02   2.9269663e+00
   2.1000000e+03   3.2121526e+02   2.9291813e+00
   2.1010000e+03             NaN             NaN
   2.1020000e+03             NaN             NaN
   2.1030000e+03             NaN             NaN
   2.1040000e+03             NaN             NaN
   2.1050000e+03             NaN             NaN
   2.1060000e+03             NaN             NaN
   2.1070000e+03             NaN             NaN
   2.1080000e+03             NaN             NaN
   2.1090000e+03             NaN             NaN
   2.1100000e+03             NaN             NaN
   2.1110000e+03             NaN             NaN
   2.1120000e+03             NaN             NaN
   2.1130000e+03             NaN             NaN
   2.1140000e+03             NaN             NaN
   2.1150000e+03             NaN             NaN
   2.1160000e+03             NaN             NaN
   2.1170000e+03             NaN             NaN
   2.1180000e+03             NaN             NaN
   2.1190000e+03             NaN             NaN
   2.1200000e+03             NaN             NaN
   2.1210000e+03             NaN             NaN
   2.1220000e+03             NaN             NaN
   2.1230000e+03             NaN             NaN
   2.1240000e+03             NaN             NaN
   2.1250000e+03             NaN             NaN
   2.1260000e+03             NaN             NaN
   2.1270000e+03             NaN             NaN
   2.1280000e+03             NaN             NaN
   2.1290000e+03             NaN             NaN
   2.1300000e+03             NaN             NaN
   2.1310000e+03             NaN             NaN
   2.1320000e+03             NaN             NaN
   2.1330000e+03             NaN             NaN
   2.1340000e+03             NaN             NaN
   2.1350000e+03             NaN             NaN
   2.1360000e+03             NaN             NaN
   2.1370000e+03             NaN             NaN
   2.1380000e+03             NaN             NaN
   2.1390000e+03             NaN             NaN
   2.1400000e+03             NaN             NaN
   2.1410000e+03             NaN             NaN
   2.1420000e+03             NaN             NaN
   2.1430000e+03             NaN             NaN
   2.1440000e+03             NaN             NaN
   2.1450000e+03             NaN             NaN
   2.1460000e+03             NaN             NaN
   2.1470000e+03             NaN             NaN
   2.1480000e+03             NaN             NaN
   2.1490000e+03             NaN             NaN
   2.1500000e+03             NaN             NaN
   2.1510000e+03             NaN             NaN
   2.1520000e+03             NaN             NaN
   2.1530000e+03             NaN             NaN
   2.1540000e+03             NaN             NaN
   2.1550000e+03             NaN             NaN
   2.1560000e+03             NaN             NaN
   2.1570000e+03             NaN             NaN
   2.1580000e+03             NaN             NaN
   2.1590000e+03             NaN             NaN
   2.1600000e+03             NaN             NaN
   2.1610000e+03             NaN             NaN
   2.1620000e+03             NaN             NaN
   2.1630000e+03             NaN             NaN
   2.1640000e+03             NaN             NaN
   2.1650000e+03             NaN             NaN
   2.1660000e+03             NaN             NaN
   2.1670000e+03             NaN             NaN
   2.1680000e+03             NaN             NaN
   2.1690000e+03             NaN             NaN
   2.1700000e+03             NaN             NaN
   2.1710000e+03             NaN             NaN
   2.1720000e+03             NaN             NaN
   2.1730000e+03             NaN             NaN
   2.1740000e+03             NaN             NaN
   2.1750000e+03             NaN             NaN
   2.1760000e+03             NaN             NaN
   2.1770000e+03             NaN             NaN
   2.1780000e+03             NaN             NaN
   2.1790000e+03             NaN             NaN
   2.1800000e+03             NaN             NaN
   2.1810000e+03             NaN             NaN
   2.1820000e+03             NaN             NaN
   2.1830000e+03             NaN             NaN
   2.1840000e+03             NaN             NaN
   2.1850000e+03             NaN             NaN
   2.1860000e+03             NaN             NaN
   2.1870000e+03             NaN             NaN
   2.1880000e+03             NaN             NaN
   2.1890000e+03             NaN             NaN
   2.1900000e+03             NaN             NaN
   2.1910000e+03             NaN             NaN
   2.1920000e+03             NaN             NaN
   2.1930000e+03             NaN             NaN
   2.1940000e+03             NaN             NaN
   2.1950000e+03             NaN             NaN
   2.1960000e+03             NaN             NaN
   2.1970000e+03             NaN             NaN
   2.1980000e+03             NaN             NaN
   2.1990000e+03             NaN             NaN
   2.2000000e+03             NaN             NaN
   2.2010000e+03             NaN             NaN
   2.2020000e+03             NaN             NaN
   2.2030000e+03             NaN             NaN
   2.2040000e+03             NaN             NaN
   2.2050000e+03             NaN             NaN
   2.2060000e+03             NaN             NaN
   2.2070000e+03             NaN             NaN
   2.2080000e+03             NaN             NaN
   2.2090000e+03             NaN             NaN
   2.2100000e+03             NaN             NaN
   2.2110000e+03             NaN             NaN
   2.2120000e+03             NaN             NaN
   2.2130000e+03             NaN             NaN
   2.2140000e+03             NaN             NaN
   2.2150000e+03             NaN             NaN
   2.2160000e+03             NaN             NaN
   2.2170000e+03             NaN             NaN
   2.2180000e+03             NaN             NaN
   2.2190000e+03             NaN             NaN
   2.2200000e+03             NaN             NaN
   2.2210000e+03             NaN             NaN
   2.2220000e+03             NaN             NaN
   2.2230000e+03             NaN             NaN
   2.2240000e+03             NaN             NaN
   2.2250000e+03             NaN             NaN
   2.2260000e+03             NaN             NaN
   2.2270000e+03             NaN             NaN
   2.2280000e+03             NaN             NaN
   2.2290000e+03             NaN             NaN
   2.2300000e+03             NaN             NaN
   2.2310000e+03             NaN             NaN
   2.2320000e+03             NaN             NaN
   2.2330000e+03             NaN             NaN
   2.2340000e+03             NaN             NaN
   2.2350000e+03             NaN             NaN
   2.2360000e+03             NaN             NaN
   2.2370000e+03             NaN             NaN
   2.2380000e+03             NaN             NaN
   2.2390000e+03             NaN             NaN
   2.2400000e+03             NaN             NaN
   2.2410000e+03             NaN             NaN
   2.2420000e+03             NaN             NaN
   2.2430000e+03             NaN             NaN
   2.2440000e+03             NaN             NaN
   2.2450000e+03             NaN             NaN
   2.2460000e+03             NaN             NaN
   2.2470000e+03             NaN             NaN
   2.2480000e+03             NaN             NaN
   2.2490000e+03             NaN             NaN
   2.2500000e+03             NaN             NaN
   2.2510000e+03             NaN             NaN
   2.2520000e+03             NaN             NaN
   2.2530000e+03             NaN             NaN
   2.2540000e+03             NaN             NaN
   2.2550000e+03             NaN             NaN
   2.2560000e+03             NaN             NaN
   2.2570000e+03             NaN             NaN
   2.2580000e+03             NaN             NaN
   2.2590000e+03             NaN             NaN
   2.2600000e+03             NaN             NaN
   2.2610000e+03             NaN             NaN
   2.2620000e+03             NaN             NaN
   2.2630000e+03             NaN             NaN
   2.2640000e+03             NaN             NaN
   2.2650000e+03             NaN             NaN
   2.2660000e+03             NaN             NaN
   2.2670000e+03             NaN             NaN
   2.2680000e+03             NaN             NaN
   2.2690000e+03             NaN             NaN
   2.2700000e+03             NaN             NaN
   2.2710000e+03             NaN             NaN
   2.2720000e+03             NaN             NaN
   2.2730000e+03             NaN             NaN
   2.2740000e+03             NaN             NaN
   2.2750000e+03             NaN             NaN
   2.2760000e+03             NaN             NaN
   2.2770000e+03             NaN             NaN
   2.2780000e+03             NaN             NaN
   2.2790000e+03             NaN             NaN
   2.2800000e+03             NaN             NaN
   2.2810000e+03             NaN             NaN
   2.2820000e+03             NaN             NaN
   2.2830000e+03             NaN             NaN
   2.2840000e+03             NaN             NaN
   2.2850000e+03             NaN             NaN
   2.2860000e+03             NaN             NaN
   2.2870000e+03             NaN             NaN
   2.2880000e+03             NaN             NaN
   2.2890000e+03             NaN             NaN
   2.2900000e+03             NaN             NaN
   2.2910000e+03             NaN             NaN
   2.2920000e+03             NaN             NaN
   2.2930000e+03             NaN             NaN
   2.2940000e+03             NaN             NaN
   2.2950000e+03             NaN             NaN
   2.2960000e+03             NaN             NaN
   2.2970000e+03             NaN             NaN
   2.2980000e+03             NaN             NaN
   2.2990000e+03             NaN             NaN
   2.3000000e+03             NaN             NaN
