   1.8500000e+03             NaN             NaN
   1.8510000e+03   1.2896671e+00   2.7634867e+00
   1.8520000e+03   2.8794311e+00   2.7355856e+00
   1.8530000e+03   3.9638595e+00   2.7061945e+00
   1.8540000e+03   5.2524518e+00   2.6798070e+00
   1.8550000e+03   6.7811865e+00   2.6507876e+00
   1.8560000e+03   8.0641603e+00   2.6222896e+00
   1.8570000e+03   8.6243071e+00   2.5932936e+00
   1.8580000e+03   9.1396081e+00   2.5660470e+00
   1.8590000e+03   1.0195526e+01   2.5630161e+00
   1.8600000e+03   1.0413410e+01   2.5337726e+00
   1.8610000e+03   1.1473340e+01   2.5063436e+00
   1.8620000e+03   1.2390451e+01   2.4776104e+00
   1.8630000e+03   1.3754169e+01   2.4502796e+00
   1.8640000e+03   1.4854794e+01   2.4210101e+00
   1.8650000e+03   1.6554166e+01   2.3906116e+00
   1.8660000e+03   1.8186481e+01   2.3589956e+00
   1.8670000e+03   1.9168071e+01   2.3273391e+00
   1.8680000e+03   2.0435234e+01   2.2991407e+00
   1.8690000e+03   2.1150740e+01   2.2711981e+00
   1.8700000e+03   2.2722429e+01   2.2687650e+00
   1.8710000e+03   2.3905744e+01   2.2350921e+00
   1.8720000e+03   2.5413985e+01   2.2052922e+00
   1.8730000e+03   2.6543733e+01   2.1741871e+00
   1.8740000e+03   2.8446358e+01   2.1172024e+00
   1.8750000e+03   2.9161832e+01   2.0862287e+00
   1.8760000e+03   2.9836264e+01   2.0563268e+00
   1.8770000e+03   3.1304031e+01   2.0273851e+00
   1.8780000e+03   3.2766616e+01   1.9920401e+00
   1.8790000e+03   3.3467604e+01   1.9614953e+00
   1.8800000e+03   3.4497071e+01   1.9308244e+00
   1.8810000e+03   3.5207479e+01   1.9017373e+00
   1.8820000e+03   3.5838474e+01   1.8740505e+00
   1.8830000e+03   3.6911588e+01   1.8691941e+00
   1.8840000e+03   3.7338085e+01   1.8391164e+00
   1.8850000e+03   3.7744948e+01   1.8356453e+00
   1.8860000e+03   3.8963038e+01   1.8313032e+00
   1.8870000e+03   3.9078309e+01   1.7807207e+00
   1.8880000e+03   3.9429580e+01   1.7771406e+00
   1.8890000e+03   4.0051733e+01   1.7509440e+00
   1.8900000e+03   4.0675715e+01   1.7464083e+00
   1.8910000e+03   4.1237920e+01   1.7201951e+00
   1.8920000e+03   4.1551684e+01   1.6944716e+00
   1.8930000e+03   4.2175710e+01   1.6883823e+00
   1.8940000e+03   4.2734513e+01   1.6629498e+00
   1.8950000e+03   4.3360587e+01   1.6591355e+00
   1.8960000e+03   4.4619286e+01   1.6348054e+00
   1.8970000e+03   4.5148329e+01   1.6082936e+00
   1.8980000e+03   4.6113066e+01   1.6022653e+00
   1.8990000e+03   4.7241355e+01   1.5775997e+00
   1.9000000e+03   4.8504217e+01   1.5516676e+00
   1.9010000e+03   4.9235059e+01   1.5262683e+00
   1.9020000e+03   5.0639463e+01   1.5200273e+00
   1.9030000e+03   5.1204140e+01   1.4946026e+00
   1.9040000e+03   5.2493481e+01   1.4903621e+00
   1.9050000e+03   5.3074047e+01   1.4657992e+00
   1.9060000e+03   5.3909474e+01   1.4444771e+00
   1.9070000e+03   5.4415309e+01   1.4221784e+00
   1.9080000e+03   5.5365956e+01   1.4173830e+00
   1.9090000e+03   5.5596042e+01   1.3943189e+00
   1.9100000e+03   5.6371025e+01   1.3897830e+00
   1.9110000e+03   5.7020657e+01   1.3858273e+00
   1.9120000e+03   5.7872403e+01   1.3661490e+00
   1.9130000e+03   5.8038070e+01   1.3457292e+00
   1.9140000e+03   5.8580279e+01   1.3262998e+00
   1.9150000e+03   5.9003559e+01   1.3205644e+00
   1.9160000e+03   5.9643357e+01   1.3157811e+00
   1.9170000e+03   6.0606357e+01   1.3098111e+00
   1.9180000e+03   6.1782205e+01   1.2889950e+00
   1.9190000e+03   6.3027694e+01   1.2705118e+00
   1.9200000e+03   6.3882204e+01   1.2371700e+00
   1.9210000e+03   6.4941593e+01   1.2192287e+00
   1.9220000e+03   6.5696049e+01   1.2005603e+00
   1.9230000e+03   6.5875310e+01   1.1934585e+00
   1.9240000e+03   6.6494354e+01   1.1883052e+00
   1.9250000e+03   6.7342754e+01   1.1720095e+00
   1.9260000e+03   6.8381703e+01   1.1557271e+00
   1.9270000e+03   6.9226634e+01   1.1394694e+00
   1.9280000e+03   7.0216163e+01   1.1231441e+00
   1.9290000e+03   7.1398795e+01   1.1065146e+00
   1.9300000e+03   7.2142773e+01   1.0909327e+00
   1.9310000e+03   7.2590141e+01   1.0749992e+00
   1.9320000e+03   7.2979482e+01   1.0596535e+00
   1.9330000e+03   7.3897184e+01   1.0447086e+00
   1.9340000e+03   7.4804659e+01   1.0294348e+00
   1.9350000e+03   7.5090470e+01   1.0133588e+00
   1.9360000e+03   7.5993934e+01   9.9883984e-01
   1.9370000e+03   7.6697323e+01   9.8403799e-01
   1.9380000e+03   7.7290591e+01   9.7768214e-01
   1.9390000e+03   7.8032497e+01   9.7132971e-01
   1.9400000e+03   7.8583946e+01   9.5769864e-01
   1.9410000e+03   7.9371991e+01   9.5121695e-01
   1.9420000e+03   7.9978984e+01   9.4355625e-01
   1.9430000e+03   8.0496183e+01   9.3059038e-01
   1.9440000e+03   8.0763817e+01   9.2387562e-01
   1.9450000e+03   8.1847814e+01   9.1141226e-01
   1.9460000e+03   8.2519344e+01   8.9834278e-01
   1.9470000e+03   8.3422381e+01   8.8583440e-01
   1.9480000e+03   8.4133221e+01   8.7771272e-01
   1.9490000e+03   8.4821230e+01   8.7050177e-01
   1.9500000e+03   8.5730022e+01   8.5868871e-01
   1.9510000e+03   8.6478508e+01   8.4558589e-01
   1.9520000e+03   8.7065006e+01   8.3361094e-01
   1.9530000e+03   8.7613990e+01   8.2595188e-01
   1.9540000e+03   8.8439786e+01   8.1411377e-01
   1.9550000e+03   8.8755936e+01   8.0219936e-01
   1.9560000e+03   8.8998668e+01   7.8982673e-01
   1.9570000e+03   8.9650721e+01   7.8193603e-01
   1.9580000e+03   9.0293358e+01   7.7393114e-01
   1.9590000e+03   9.0596616e+01   7.6579365e-01
   1.9600000e+03   9.1130796e+01   7.5767429e-01
   1.9610000e+03   9.1864575e+01   7.4944185e-01
   1.9620000e+03   9.2359179e+01   7.3709091e-01
   1.9630000e+03   9.3385751e+01   7.2867493e-01
   1.9640000e+03   9.3892231e+01   7.1996110e-01
   1.9650000e+03   9.4531250e+01   7.0897370e-01
   1.9660000e+03   9.4929150e+01   6.9798799e-01
   1.9670000e+03   9.5081442e+01   6.8951460e-01
   1.9680000e+03   9.5662374e+01   6.7859044e-01
   1.9690000e+03   9.6166711e+01   6.7085824e-01
   1.9700000e+03   9.6653559e+01   6.6158315e-01
   1.9710000e+03   9.7169323e+01   6.5217103e-01
   1.9720000e+03   9.7737862e+01   6.4272493e-01
   1.9730000e+03   9.8272746e+01   6.3312417e-01
   1.9740000e+03   9.8738373e+01   6.2330729e-01
   1.9750000e+03   9.9158873e+01   6.1208267e-01
   1.9760000e+03   1.0015176e+02   6.0069325e-01
   1.9770000e+03   1.0082250e+02   5.9033390e-01
   1.9780000e+03   1.0178338e+02   5.7973751e-01
   1.9790000e+03   1.0220923e+02   5.6895633e-01
   1.9800000e+03   1.0333237e+02   5.5703281e-01
   1.9810000e+03   1.0388955e+02   5.4588168e-01
   1.9820000e+03   1.0442808e+02   5.3449206e-01
   1.9830000e+03   1.0439389e+02   5.2298374e-01
   1.9840000e+03   1.0487060e+02   5.1112512e-01
   1.9850000e+03   1.0539216e+02   4.9893126e-01
   1.9860000e+03   1.0593675e+02   4.8644539e-01
   1.9870000e+03   1.0728525e+02   4.7365078e-01
   1.9880000e+03   1.0766148e+02   4.6022287e-01
   1.9890000e+03   1.0870913e+02   4.4670161e-01
   1.9900000e+03   1.0962972e+02   4.3271864e-01
   1.9910000e+03   1.1100188e+02   4.1824648e-01
   1.9920000e+03   1.1178732e+02   4.0167339e-01
   1.9930000e+03   1.1240165e+02   3.8611348e-01
   1.9940000e+03   1.1357610e+02   3.6988415e-01
   1.9950000e+03   1.1449688e+02   3.5257790e-01
   1.9960000e+03   1.1517542e+02   3.3453471e-01
   1.9970000e+03   1.1609919e+02   3.1571994e-01
   1.9980000e+03   1.1720136e+02   2.9538917e-01
   1.9990000e+03   1.1867823e+02   2.7384198e-01
   2.0000000e+03   1.1988148e+02   2.5041417e-01
   2.0010000e+03   1.2105660e+02   2.2450008e-01
   2.0020000e+03   1.2256284e+02   1.9578250e-01
   2.0030000e+03   1.2364437e+02   1.9635841e-01
   2.0040000e+03   1.2476721e+02   1.9736656e-01
   2.0050000e+03   1.2605654e+02   1.9837549e-01
   2.0060000e+03   1.2740285e+02   1.9943834e-01
   2.0070000e+03   1.2919568e+02   2.2344151e-01
   2.0080000e+03   1.3089835e+02   2.4497851e-01
   2.0090000e+03   1.3231273e+02   2.6858471e-01
   2.0100000e+03   1.3330950e+02   2.9046537e-01
   2.0110000e+03   1.3451598e+02   3.1073970e-01
   2.0120000e+03   1.3550606e+02   3.2978060e-01
   2.0130000e+03   1.3672328e+02   3.4786322e-01
   2.0140000e+03   1.3792190e+02   3.6559309e-01
   2.0150000e+03   1.3943719e+02   3.8191950e-01
   2.0160000e+03   1.4138601e+02   3.9761232e-01
   2.0170000e+03   1.4264033e+02   4.1264287e-01
   2.0180000e+03   1.4470269e+02   4.2878681e-01
   2.0190000e+03   1.4566715e+02   4.4280050e-01
   2.0200000e+03   1.4680221e+02   4.5690407e-01
   2.0210000e+03   1.4804369e+02   4.7083335e-01
   2.0220000e+03   1.4913122e+02   4.8351663e-01
   2.0230000e+03   1.5016599e+02   4.9592343e-01
   2.0240000e+03   1.5124005e+02   5.0802217e-01
   2.0250000e+03   1.5262694e+02   5.1983796e-01
   2.0260000e+03   1.5356038e+02   5.3176223e-01
   2.0270000e+03   1.5526360e+02   5.4311338e-01
   2.0280000e+03   1.5671908e+02   5.5462721e-01
   2.0290000e+03   1.5865025e+02   5.6554806e-01
   2.0300000e+03   1.6042935e+02   5.7885530e-01
   2.0310000e+03   1.6134490e+02   5.8922392e-01
   2.0320000e+03   1.6218233e+02   5.9940620e-01
   2.0330000e+03   1.6363353e+02   6.0945567e-01
   2.0340000e+03   1.6494969e+02   6.1934602e-01
   2.0350000e+03   1.6667635e+02   6.2910446e-01
   2.0360000e+03   1.6813164e+02   6.3870071e-01
   2.0370000e+03   1.6955967e+02   6.4814599e-01
   2.0380000e+03   1.7103841e+02   6.5804946e-01
   2.0390000e+03   1.7254963e+02   6.6723124e-01
   2.0400000e+03   1.7434787e+02   6.7628550e-01
   2.0410000e+03   1.7585733e+02   6.8588253e-01
   2.0420000e+03   1.7683675e+02   6.9462860e-01
   2.0430000e+03   1.7824388e+02   7.0329053e-01
   2.0440000e+03   1.7967233e+02   7.1182758e-01
   2.0450000e+03   1.8127145e+02   7.2034581e-01
   2.0460000e+03   1.8272574e+02   7.2944960e-01
   2.0470000e+03   1.8466974e+02   7.4405841e-01
   2.0480000e+03   1.8620899e+02   7.5222607e-01
   2.0490000e+03   1.8778012e+02   7.6030364e-01
   2.0500000e+03   1.8937333e+02   7.6828215e-01
   2.0510000e+03   1.9088572e+02   7.7613853e-01
   2.0520000e+03   1.9212111e+02   7.8390576e-01
   2.0530000e+03   1.9359832e+02   7.9162190e-01
   2.0540000e+03   1.9494042e+02   7.9999825e-01
   2.0550000e+03   1.9664833e+02   8.1510778e-01
   2.0560000e+03   1.9846969e+02   8.3853853e-01
   2.0570000e+03   1.9962544e+02   8.4569186e-01
   2.0580000e+03   2.0108945e+02   8.5283798e-01
   2.0590000e+03   2.0227771e+02   8.5985044e-01
   2.0600000e+03   2.0341553e+02   8.6691688e-01
   2.0610000e+03   2.0461559e+02   8.7385934e-01
   2.0620000e+03   2.0596086e+02   8.8077595e-01
   2.0630000e+03   2.0724726e+02   8.8752516e-01
   2.0640000e+03   2.0846084e+02   8.9425294e-01
   2.0650000e+03   2.0987580e+02   9.1017443e-01
   2.0660000e+03   2.1105378e+02   9.1688233e-01
   2.0670000e+03   2.1194300e+02   9.2342851e-01
   2.0680000e+03   2.1336679e+02   9.2985078e-01
   2.0690000e+03   2.1448372e+02   9.3702678e-01
   2.0700000e+03   2.1556222e+02   9.5319604e-01
   2.0710000e+03   2.1641220e+02   9.5941441e-01
   2.0720000e+03   2.1776195e+02   9.6568513e-01
   2.0730000e+03   2.1913767e+02   9.8253586e-01
   2.0740000e+03   2.2036564e+02   9.8868608e-01
   2.0750000e+03   2.2132930e+02   1.0053496e+00
   2.0760000e+03   2.2246450e+02   1.0113312e+00
   2.0770000e+03   2.2346400e+02   1.0171687e+00
   2.0780000e+03   2.2456632e+02   1.0231017e+00
   2.0790000e+03   2.2591658e+02   1.0297976e+00
   2.0800000e+03   2.2703149e+02   1.0361631e+00
   2.0810000e+03   2.2866536e+02   1.0422361e+00
   2.0820000e+03   2.3007422e+02   1.0480521e+00
   2.0830000e+03   2.3103421e+02   1.0538155e+00
   2.0840000e+03   2.3176807e+02   1.0594310e+00
   2.0850000e+03   2.3264373e+02   1.0650777e+00
   2.0860000e+03   2.3342981e+02   1.0706617e+00
   2.0870000e+03   2.3449058e+02   1.0769853e+00
   2.0880000e+03   2.3554933e+02   1.0825873e+00
   2.0890000e+03   2.3636679e+02   1.0881076e+00
   2.0900000e+03   2.3723242e+02   1.0935360e+00
   2.0910000e+03   2.3816027e+02   1.0990995e+00
   2.0920000e+03   2.3900962e+02   1.1046606e+00
   2.0930000e+03   2.4008961e+02   1.1102746e+00
   2.0940000e+03   2.4117498e+02   1.1158079e+00
   2.0950000e+03   2.4239935e+02   1.1213391e+00
   2.0960000e+03   2.4356864e+02   1.1267697e+00
   2.0970000e+03   2.4452603e+02   1.1322380e+00
   2.0980000e+03   2.4574594e+02   1.1510012e+00
   2.0990000e+03   2.4644567e+02   1.1562905e+00
   2.1000000e+03   2.4730083e+02   1.1747941e+00
   2.1010000e+03   2.4847550e+02   1.1799508e+00
   2.1020000e+03   2.4938644e+02   1.1851337e+00
   2.1030000e+03   2.5015541e+02   1.1901438e+00
   2.1040000e+03   2.5099822e+02   1.1953622e+00
   2.1050000e+03   2.5180873e+02   1.2001933e+00
   2.1060000e+03   2.5281943e+02   1.2052760e+00
   2.1070000e+03   2.5355387e+02   1.2100907e+00
   2.1080000e+03   2.5445563e+02   1.2149831e+00
   2.1090000e+03   2.5526329e+02   1.2199723e+00
   2.1100000e+03   2.5605918e+02   1.2249573e+00
   2.1110000e+03   2.5695958e+02   1.2297979e+00
   2.1120000e+03   2.5773857e+02   1.2346466e+00
   2.1130000e+03   2.5848288e+02   1.2394124e+00
   2.1140000e+03   2.5932393e+02   1.2446927e+00
   2.1150000e+03   2.6007295e+02   1.2497012e+00
   2.1160000e+03   2.6088535e+02   1.2545403e+00
   2.1170000e+03   2.6151318e+02   1.2593255e+00
   2.1180000e+03   2.6247403e+02   1.2643189e+00
   2.1190000e+03   2.6330148e+02   1.2693111e+00
   2.1200000e+03   2.6421480e+02   1.2740268e+00
   2.1210000e+03   2.6518714e+02   1.2796331e+00
   2.1220000e+03   2.6621079e+02   1.2984632e+00
   2.1230000e+03   2.6711331e+02   1.3031697e+00
   2.1240000e+03   2.6797815e+02   1.3078238e+00
   2.1250000e+03   2.6871401e+02   1.3123006e+00
   2.1260000e+03   2.6927847e+02   1.3171132e+00
   2.1270000e+03   2.6989184e+02   1.3218257e+00
   2.1280000e+03   2.7042620e+02   1.3399442e+00
   2.1290000e+03   2.7122692e+02   1.3444678e+00
   2.1300000e+03   2.7185311e+02   1.3488339e+00
   2.1310000e+03   2.7259202e+02   1.3530789e+00
   2.1320000e+03   2.7347412e+02   1.3710620e+00
   2.1330000e+03   2.7439699e+02   1.3754517e+00
   2.1340000e+03   2.7523299e+02   1.3799934e+00
   2.1350000e+03   2.7582385e+02   1.3844654e+00
   2.1360000e+03   2.7644844e+02   1.3885815e+00
   2.1370000e+03   2.7728619e+02   1.4070058e+00
   2.1380000e+03   2.7790464e+02   1.4113461e+00
   2.1390000e+03   2.7854018e+02   1.4158645e+00
   2.1400000e+03   2.7942049e+02   1.4203980e+00
   2.1410000e+03   2.8016793e+02   1.4248428e+00
   2.1420000e+03   2.8091929e+02   1.4289287e+00
   2.1430000e+03   2.8176325e+02   1.4331818e+00
   2.1440000e+03   2.8239312e+02   1.4374840e+00
   2.1450000e+03   2.8300896e+02   1.4419564e+00
   2.1460000e+03   2.8363146e+02   1.4608891e+00
   2.1470000e+03   2.8441849e+02   1.4648617e+00
   2.1480000e+03   2.8504276e+02   1.4687672e+00
   2.1490000e+03   2.8581705e+02   1.4729388e+00
   2.1500000e+03   2.8624907e+02   1.4913985e+00
   2.1510000e+03   2.8695596e+02   1.4952274e+00
   2.1520000e+03   2.8745992e+02   1.4992174e+00
   2.1530000e+03   2.8792161e+02   1.5033177e+00
   2.1540000e+03   2.8841494e+02   1.5073947e+00
   2.1550000e+03   2.8917417e+02   1.5111824e+00
   2.1560000e+03   2.8971245e+02   1.5155889e+00
   2.1570000e+03   2.9037458e+02   1.5198815e+00
   2.1580000e+03   2.9087611e+02   1.5389887e+00
   2.1590000e+03   2.9142375e+02   1.5431738e+00
   2.1600000e+03   2.9194416e+02   1.5474586e+00
   2.1610000e+03   2.9269106e+02   1.5517357e+00
   2.1620000e+03   2.9339328e+02   1.5560001e+00
   2.1630000e+03   2.9390679e+02   1.5596411e+00
   2.1640000e+03   2.9433354e+02   1.5638281e+00
   2.1650000e+03   2.9499868e+02   1.5827961e+00
   2.1660000e+03   2.9543602e+02   1.5868965e+00
   2.1670000e+03   2.9591064e+02   1.6056520e+00
   2.1680000e+03   2.9634338e+02   1.6093735e+00
   2.1690000e+03   2.9680716e+02   1.6132570e+00
   2.1700000e+03   2.9745474e+02   1.6175809e+00
   2.1710000e+03   2.9817484e+02   1.6212040e+00
   2.1720000e+03   2.9884532e+02   1.6251637e+00
   2.1730000e+03   2.9936473e+02   1.6290820e+00
   2.1740000e+03   2.9989072e+02   1.6325744e+00
   2.1750000e+03   3.0045269e+02   1.6360408e+00
   2.1760000e+03   3.0086588e+02   1.6394560e+00
   2.1770000e+03   3.0148186e+02   1.6433759e+00
   2.1780000e+03   3.0185247e+02   1.6471957e+00
   2.1790000e+03   3.0255256e+02   1.6510020e+00
   2.1800000e+03   3.0325720e+02   1.6554649e+00
   2.1810000e+03   3.0394334e+02   1.6594187e+00
   2.1820000e+03   3.0453745e+02   1.6633524e+00
   2.1830000e+03   3.0493946e+02   1.6818473e+00
   2.1840000e+03   3.0523999e+02   1.6860639e+00
   2.1850000e+03   3.0575131e+02   1.6904600e+00
   2.1860000e+03   3.0637281e+02   1.6942971e+00
   2.1870000e+03   3.0689215e+02   1.6981979e+00
   2.1880000e+03   3.0733782e+02   1.7164368e+00
   2.1890000e+03   3.0776688e+02   1.7198170e+00
   2.1900000e+03   3.0808267e+02   1.7231207e+00
   2.1910000e+03   3.0843100e+02   1.7264287e+00
   2.1920000e+03   3.0884622e+02   1.7302513e+00
   2.1930000e+03   3.0935357e+02   1.7339945e+00
   2.1940000e+03   3.0994024e+02   1.7376019e+00
   2.1950000e+03   3.1053153e+02   1.7412646e+00
   2.1960000e+03   3.1084148e+02   1.7449961e+00
   2.1970000e+03   3.1126055e+02   1.7487093e+00
   2.1980000e+03   3.1160016e+02   1.7519426e+00
   2.1990000e+03   3.1183011e+02   1.7556465e+00
   2.2000000e+03   3.1227861e+02   1.7589499e+00
   2.2010000e+03   3.1270806e+02   1.7621908e+00
   2.2020000e+03   3.1314069e+02   1.7655414e+00
   2.2030000e+03   3.1355225e+02   1.7687429e+00
   2.2040000e+03   3.1393050e+02   1.7720273e+00
   2.2050000e+03   3.1413853e+02   1.7740795e+00
   2.2060000e+03   3.1448184e+02   1.7778326e+00
   2.2070000e+03   3.1489380e+02   1.7813120e+00
   2.2080000e+03   3.1531091e+02   1.7846600e+00
   2.2090000e+03   3.1584374e+02   1.7879125e+00
   2.2100000e+03   3.1631885e+02   1.7911414e+00
   2.2110000e+03   3.1685661e+02   1.8073765e+00
   2.2120000e+03   3.1710714e+02   1.8105352e+00
   2.2130000e+03   3.1742758e+02   1.8136803e+00
   2.2140000e+03   3.1799588e+02   1.8168515e+00
   2.2150000e+03   3.1828492e+02   1.8200351e+00
   2.2160000e+03   3.1884638e+02   1.8231930e+00
   2.2170000e+03   3.1920295e+02   1.8268598e+00
   2.2180000e+03   3.1966031e+02   1.8305570e+00
   2.2190000e+03   3.1998416e+02   1.8463256e+00
   2.2200000e+03   3.2029625e+02   1.8494186e+00
   2.2210000e+03   3.2079205e+02   1.8529768e+00
   2.2220000e+03   3.2135182e+02   1.8561046e+00
   2.2230000e+03   3.2172137e+02   1.8714759e+00
   2.2240000e+03   3.2206059e+02   1.8758014e+00
   2.2250000e+03   3.2244523e+02   1.8788317e+00
   2.2260000e+03   3.2271347e+02   1.8817655e+00
   2.2270000e+03   3.2304195e+02   1.8859537e+00
   2.2280000e+03   3.2352268e+02   1.8890174e+00
   2.2290000e+03   3.2386274e+02   1.8919801e+00
   2.2300000e+03   3.2415343e+02   1.8949220e+00
   2.2310000e+03   3.2438117e+02   1.8993045e+00
   2.2320000e+03   3.2450588e+02   1.9016646e+00
   2.2330000e+03   3.2477224e+02   1.9045841e+00
   2.2340000e+03   3.2520578e+02   1.9091510e+00
   2.2350000e+03   3.2574761e+02   1.9121872e+00
   2.2360000e+03   3.2610471e+02   1.9159001e+00
   2.2370000e+03   3.2670905e+02   1.9189031e+00
   2.2380000e+03   3.2706914e+02   1.9218188e+00
   2.2390000e+03   3.2736066e+02   1.9247229e+00
   2.2400000e+03   3.2764271e+02   1.9284404e+00
   2.2410000e+03   3.2776711e+02   1.9316309e+00
   2.2420000e+03   3.2800415e+02   1.9344790e+00
   2.2430000e+03   3.2823112e+02   1.9373605e+00
   2.2440000e+03   3.2835842e+02   1.9402240e+00
   2.2450000e+03   3.2855564e+02   1.9430650e+00
   2.2460000e+03   3.2880869e+02   1.9459676e+00
   2.2470000e+03   3.2915736e+02   1.9496817e+00
   2.2480000e+03   3.2925670e+02   1.9526105e+00
   2.2490000e+03   3.2976918e+02   1.9556186e+00
   2.2500000e+03   3.3008970e+02   1.9593684e+00
   2.2510000e+03   3.3046971e+02   1.9622896e+00
   2.2520000e+03   3.3099433e+02   1.9755888e+00
   2.2530000e+03   3.3140879e+02   1.9793617e+00
   2.2540000e+03   3.3161569e+02   1.9822762e+00
   2.2550000e+03   3.3201544e+02   1.9851668e+00
   2.2560000e+03   3.3235054e+02   1.9880092e+00
   2.2570000e+03   3.3275748e+02   1.9998631e+00
   2.2580000e+03   3.3319032e+02   2.0026416e+00
   2.2590000e+03   3.3352115e+02   2.0057960e+00
   2.2600000e+03   3.3372529e+02   2.0087394e+00
   2.2610000e+03   3.3404174e+02   2.0117235e+00
   2.2620000e+03   3.3421423e+02   2.0145187e+00
   2.2630000e+03   3.3462531e+02   2.0178820e+00
   2.2640000e+03   3.3498899e+02   2.0207742e+00
   2.2650000e+03   3.3528840e+02   2.0238549e+00
   2.2660000e+03   3.3544854e+02   2.0267853e+00
   2.2670000e+03   3.3590929e+02   2.0296626e+00
   2.2680000e+03   3.3619131e+02   2.0324511e+00
   2.2690000e+03   3.3645794e+02   2.0352702e+00
   2.2700000e+03   3.3678994e+02   2.0381790e+00
   2.2710000e+03   3.3695876e+02   2.0409147e+00
   2.2720000e+03   3.3703396e+02   2.0437094e+00
   2.2730000e+03   3.3729336e+02   2.0464369e+00
   2.2740000e+03   3.3750327e+02   2.0491012e+00
   2.2750000e+03   3.3775697e+02   2.0517680e+00
   2.2760000e+03   3.3800118e+02   2.0546539e+00
   2.2770000e+03   3.3839066e+02   2.0574132e+00
   2.2780000e+03   3.3872869e+02   2.0602810e+00
   2.2790000e+03   3.3900939e+02   2.0630997e+00
   2.2800000e+03   3.3911907e+02   2.0651263e+00
   2.2810000e+03   3.3937149e+02   2.0678888e+00
   2.2820000e+03   3.3959710e+02   2.0705567e+00
   2.2830000e+03   3.3983838e+02   2.0732198e+00
   2.2840000e+03   3.4002404e+02   2.0834569e+00
   2.2850000e+03   3.4040797e+02   2.0871448e+00
   2.2860000e+03   3.4069373e+02   2.0899026e+00
   2.2870000e+03   3.4098463e+02   2.0926583e+00
   2.2880000e+03   3.4139515e+02   2.0948542e+00
   2.2890000e+03   3.4162526e+02   2.0975788e+00
   2.2900000e+03   3.4196379e+02   2.1003011e+00
   2.2910000e+03   3.4224476e+02   2.1030349e+00
   2.2920000e+03   3.4242566e+02   2.1058251e+00
   2.2930000e+03   3.4265109e+02   2.1094848e+00
   2.2940000e+03   3.4302499e+02   2.1186464e+00
   2.2950000e+03   3.4344838e+02   2.1214965e+00
   2.2960000e+03   3.4364654e+02   2.1311696e+00
   2.2970000e+03   3.4363199e+02   2.1337490e+00
   2.2980000e+03   3.4401568e+02   2.1372177e+00
   2.2990000e+03   3.4438337e+02   2.1398093e+00
   2.3000000e+03   3.4461828e+02   2.1424703e+00
