   1.8500000e+03             NaN             NaN
   1.8510000e+03   1.1000731e+00   3.2459156e+00
   1.8520000e+03   2.7979591e+00   3.2200522e+00
   1.8530000e+03   4.5483418e+00   3.1908570e+00
   1.8540000e+03   6.0370119e+00   3.1638220e+00
   1.8550000e+03   7.5504368e+00   3.1237096e+00
   1.8560000e+03   8.7276300e+00   3.1200832e+00
   1.8570000e+03   9.3254849e+00   3.0930806e+00
   1.8580000e+03   1.0028314e+01   3.0661417e+00
   1.8590000e+03   1.1478477e+01   3.0389560e+00
   1.8600000e+03   1.3509351e+01   3.0114863e+00
   1.8610000e+03   1.4696801e+01   2.9039370e+00
   1.8620000e+03   1.6679019e+01   2.8740862e+00
   1.8630000e+03   1.7925834e+01   2.8449815e+00
   1.8640000e+03   2.0911069e+01   2.8150410e+00
   1.8650000e+03   2.2538020e+01   2.7306675e+00
   1.8660000e+03   2.4009139e+01   2.7004168e+00
   1.8670000e+03   2.4788459e+01   2.6702746e+00
   1.8680000e+03   2.5830657e+01   2.6675953e+00
   1.8690000e+03   2.7250356e+01   2.6372137e+00
   1.8700000e+03   2.8399423e+01   2.6058737e+00
   1.8710000e+03   2.9380281e+01   2.5756799e+00
   1.8720000e+03   3.0231077e+01   2.5451893e+00
   1.8730000e+03   3.1081057e+01   2.5148216e+00
   1.8740000e+03   3.2459012e+01   2.4841902e+00
   1.8750000e+03   3.3662972e+01   2.4530218e+00
   1.8760000e+03   3.4660502e+01   2.4222686e+00
   1.8770000e+03   3.6387212e+01   2.3924269e+00
   1.8780000e+03   3.8728193e+01   2.3331892e+00
   1.8790000e+03   4.0128239e+01   2.2730701e+00
   1.8800000e+03   4.1177488e+01   2.2416249e+00
   1.8810000e+03   4.2594312e+01   2.2105120e+00
   1.8820000e+03   4.3778253e+01   2.1791585e+00
   1.8830000e+03   4.5151420e+01   2.1474635e+00
   1.8840000e+03   4.5715713e+01   2.1162267e+00
   1.8850000e+03   4.5664243e+01   2.0851838e+00
   1.8860000e+03   4.6515418e+01   2.0551757e+00
   1.8870000e+03   4.7375495e+01   2.0242143e+00
   1.8880000e+03   4.8158910e+01   1.9933218e+00
   1.8890000e+03   4.9648242e+01   1.9898985e+00
   1.8900000e+03   5.1147607e+01   1.9318399e+00
   1.8910000e+03   5.2155811e+01   1.8732186e+00
   1.8920000e+03   5.4034312e+01   1.8418278e+00
   1.8930000e+03   5.5061106e+01   1.7813819e+00
   1.8940000e+03   5.7885485e+01   1.7771486e+00
   1.8950000e+03   5.9065172e+01   1.7450610e+00
   1.8960000e+03   6.0146903e+01   1.6875208e+00
   1.8970000e+03   6.0903235e+01   1.6570270e+00
   1.8980000e+03   6.2004566e+01   1.6271492e+00
   1.8990000e+03   6.3288302e+01   1.5977927e+00
   1.9000000e+03   6.5178669e+01   1.5689108e+00
   1.9010000e+03   6.5950886e+01   1.5155573e+00
   1.9020000e+03   6.7001500e+01   1.4872166e+00
   1.9030000e+03   6.7608065e+01   1.4594911e+00
   1.9040000e+03   6.8528132e+01   1.4531872e+00
   1.9050000e+03   7.0037573e+01   1.4256998e+00
   1.9060000e+03   7.1160268e+01   1.4003871e+00
   1.9070000e+03   7.1820473e+01   1.3758916e+00
   1.9080000e+03   7.2322572e+01   1.3710547e+00
   1.9090000e+03   7.2857374e+01   1.3647957e+00
   1.9100000e+03   7.3668486e+01   1.3428907e+00
   1.9110000e+03   7.4404715e+01   1.3378077e+00
   1.9120000e+03   7.5275373e+01   1.3167135e+00
   1.9130000e+03   7.5988426e+01   1.3116982e+00
   1.9140000e+03   7.6831516e+01   1.3064648e+00
   1.9150000e+03   7.7485762e+01   1.2867817e+00
   1.9160000e+03   7.8480999e+01   1.2686697e+00
   1.9170000e+03   7.9290201e+01   1.2493422e+00
   1.9180000e+03   8.0188960e+01   1.2308034e+00
   1.9190000e+03   8.0851815e+01   1.2124544e+00
   1.9200000e+03   8.1579771e+01   1.1937182e+00
   1.9210000e+03   8.2222781e+01   1.1872529e+00
   1.9220000e+03   8.3164084e+01   1.1699187e+00
   1.9230000e+03   8.4054623e+01   1.1518347e+00
   1.9240000e+03   8.4661921e+01   1.1454090e+00
   1.9250000e+03   8.5877913e+01   1.1394197e+00
   1.9260000e+03   8.6785923e+01   1.1232624e+00
   1.9270000e+03   8.8258528e+01   1.0969375e+00
   1.9280000e+03   8.9827173e+01   1.0911783e+00
   1.9290000e+03   9.1437014e+01   1.0741875e+00
   1.9300000e+03   9.2570778e+01   1.0493228e+00
   1.9310000e+03   9.3037139e+01   1.0336994e+00
   1.9320000e+03   9.3705777e+01   1.0274830e+00
   1.9330000e+03   9.4296988e+01   1.0127872e+00
   1.9340000e+03   9.4898425e+01   1.0065458e+00
   1.9350000e+03   9.5840378e+01   9.9261683e-01
   1.9360000e+03   9.6689291e+01   9.8478048e-01
   1.9370000e+03   9.7990730e+01   9.7134287e-01
   1.9380000e+03   9.9864274e+01   9.5788459e-01
   1.9390000e+03   1.0039153e+02   9.3671675e-01
   1.9400000e+03   1.0104102e+02   9.2988177e-01
   1.9410000e+03   1.0181060e+02   9.2301644e-01
   1.9420000e+03   1.0269186e+02   9.1608818e-01
   1.9430000e+03   1.0378038e+02   9.0361767e-01
   1.9440000e+03   1.0485795e+02   8.9636549e-01
   1.9450000e+03   1.0626627e+02   8.8912719e-01
   1.9460000e+03   1.0790478e+02   8.8079534e-01
   1.9470000e+03   1.0932714e+02   8.7016952e-01
   1.9480000e+03   1.1060440e+02   8.6255810e-01
   1.9490000e+03   1.1116583e+02   8.5516380e-01
   1.9500000e+03   1.1257581e+02   8.4766264e-01
   1.9510000e+03   1.1331971e+02   8.3277587e-01
   1.9520000e+03   1.1394718e+02   8.2513712e-01
   1.9530000e+03   1.1490608e+02   8.1437245e-01
   1.9540000e+03   1.1560832e+02   8.0662686e-01
   1.9550000e+03   1.1630400e+02   7.9881902e-01
   1.9560000e+03   1.1650311e+02   7.9094259e-01
   1.9570000e+03   1.1727839e+02   7.8299364e-01
   1.9580000e+03   1.1821850e+02   7.7413676e-01
   1.9590000e+03   1.1899434e+02   7.6587794e-01
   1.9600000e+03   1.1967408e+02   7.5546457e-01
   1.9610000e+03   1.2039178e+02   7.4717864e-01
   1.9620000e+03   1.2086140e+02   7.3690577e-01
   1.9630000e+03   1.2148727e+02   7.2843756e-01
   1.9640000e+03   1.2235492e+02   7.1986424e-01
   1.9650000e+03   1.2252303e+02   7.1111660e-01
   1.9660000e+03   1.2266939e+02   7.0349167e-01
   1.9670000e+03   1.2265220e+02   6.9462965e-01
   1.9680000e+03   1.2320973e+02   6.8642955e-01
   1.9690000e+03   1.2363604e+02   6.7730030e-01
   1.9700000e+03   1.2446052e+02   6.6805260e-01
   1.9710000e+03   1.2490006e+02   6.5744592e-01
   1.9720000e+03   1.2550552e+02   6.4794141e-01
   1.9730000e+03   1.2622753e+02   6.3827814e-01
   1.9740000e+03   1.2627228e+02   6.2752727e-01
   1.9750000e+03   1.2675360e+02   6.1766560e-01
   1.9760000e+03   1.2717934e+02   6.0756230e-01
   1.9770000e+03   1.2771487e+02   5.9648012e-01
   1.9780000e+03   1.2769219e+02   5.8634469e-01
   1.9790000e+03   1.2810944e+02   5.7574775e-01
   1.9800000e+03   1.2879188e+02   5.6487918e-01
   1.9810000e+03   1.2974208e+02   5.5382663e-01
   1.9820000e+03   1.3037384e+02   5.4408892e-01
   1.9830000e+03   1.3063428e+02   5.3262527e-01
   1.9840000e+03   1.3082383e+02   5.2097546e-01
   1.9850000e+03   1.3154894e+02   5.0870588e-01
   1.9860000e+03   1.3198913e+02   4.9644994e-01
   1.9870000e+03   1.3245433e+02   4.8384377e-01
   1.9880000e+03   1.3278172e+02   4.7103063e-01
   1.9890000e+03   1.3358969e+02   4.5776656e-01
   1.9900000e+03   1.3442967e+02   4.4411189e-01
   1.9910000e+03   1.3522689e+02   4.3002411e-01
   1.9920000e+03   1.3583584e+02   4.1477755e-01
   1.9930000e+03   1.3686935e+02   3.9892790e-01
   1.9940000e+03   1.3732631e+02   3.8319679e-01
   1.9950000e+03   1.3787233e+02   3.6679100e-01
   1.9960000e+03   1.3830560e+02   3.4966035e-01
   1.9970000e+03   1.3869410e+02   3.3161043e-01
   1.9980000e+03   1.4004869e+02   3.1247344e-01
   1.9990000e+03   1.4130548e+02   2.8606250e-01
   2.0000000e+03   1.4212299e+02   2.5886817e-01
   2.0010000e+03   1.4291885e+02   2.2488049e-01
   2.0020000e+03   1.4395398e+02   1.9599951e-01
   2.0030000e+03   1.4481348e+02   1.9671456e-01
   2.0040000e+03   1.4548877e+02   1.9765265e-01
   2.0050000e+03   1.4670265e+02   1.9860769e-01
   2.0060000e+03   1.4753319e+02   1.9965136e-01
   2.0070000e+03   1.4781844e+02   2.1380324e-01
   2.0080000e+03   1.4827487e+02   2.3615701e-01
   2.0090000e+03   1.4896114e+02   2.6061430e-01
   2.0100000e+03   1.4927860e+02   2.8312132e-01
   2.0110000e+03   1.5019766e+02   3.0398939e-01
   2.0120000e+03   1.5114715e+02   3.2349351e-01
   2.0130000e+03   1.5201904e+02   3.4188519e-01
   2.0140000e+03   1.5302623e+02   3.5933594e-01
   2.0150000e+03   1.5377349e+02   3.7596963e-01
   2.0160000e+03   1.5483025e+02   3.9180088e-01
   2.0170000e+03   1.5578235e+02   4.0711589e-01
   2.0180000e+03   1.5673426e+02   4.2185675e-01
   2.0190000e+03   1.5731480e+02   4.3609059e-01
   2.0200000e+03   1.5867391e+02   4.5005035e-01
   2.0210000e+03   1.5972134e+02   4.6341970e-01
   2.0220000e+03   1.6077958e+02   4.7641816e-01
   2.0230000e+03   1.6184819e+02   4.8906196e-01
   2.0240000e+03   1.6288135e+02   5.0169027e-01
   2.0250000e+03   1.6449211e+02   5.1403187e-01
   2.0260000e+03   1.6523176e+02   5.2576774e-01
   2.0270000e+03   1.6574519e+02   5.3722227e-01
   2.0280000e+03   1.6647453e+02   5.4842723e-01
   2.0290000e+03   1.6677121e+02   5.5942367e-01
   2.0300000e+03   1.6755155e+02   5.7020391e-01
   2.0310000e+03   1.6798001e+02   5.8076398e-01
   2.0320000e+03   1.6904239e+02   5.9149468e-01
   2.0330000e+03   1.7069341e+02   6.0180208e-01
   2.0340000e+03   1.7162376e+02   6.1182519e-01
   2.0350000e+03   1.7292230e+02   6.2194270e-01
   2.0360000e+03   1.7427019e+02   6.3180765e-01
   2.0370000e+03   1.7544997e+02   6.4140203e-01
   2.0380000e+03   1.7641134e+02   6.5083509e-01
   2.0390000e+03   1.7786416e+02   6.6013511e-01
   2.0400000e+03   1.7896489e+02   6.6928477e-01
   2.0410000e+03   1.8072356e+02   6.7798836e-01
   2.0420000e+03   1.8159887e+02   6.8689455e-01
   2.0430000e+03   1.8281682e+02   6.9574338e-01
   2.0440000e+03   1.8443237e+02   7.0507370e-01
   2.0450000e+03   1.8609810e+02   7.1370828e-01
   2.0460000e+03   1.8767125e+02   7.2220541e-01
   2.0470000e+03   1.8949619e+02   7.3120585e-01
   2.0480000e+03   1.9055078e+02   7.3945140e-01
   2.0490000e+03   1.9197977e+02   7.4915153e-01
   2.0500000e+03   1.9335839e+02   7.5723659e-01
   2.0510000e+03   1.9480558e+02   7.6519147e-01
   2.0520000e+03   1.9634541e+02   7.7312918e-01
   2.0530000e+03   1.9790509e+02   7.8171073e-01
   2.0540000e+03   1.9922215e+02   7.8943101e-01
   2.0550000e+03   2.0089265e+02   7.9707876e-01
   2.0560000e+03   2.0259543e+02   8.0468361e-01
   2.0570000e+03   2.0398764e+02   8.1217496e-01
   2.0580000e+03   2.0602075e+02   8.2056222e-01
   2.0590000e+03   2.0770871e+02   8.2794143e-01
   2.0600000e+03   2.0936412e+02   8.3525164e-01
   2.0610000e+03   2.1073456e+02   8.4246852e-01
   2.0620000e+03   2.1225270e+02   8.4916410e-01
   2.0630000e+03   2.1350334e+02   8.5625025e-01
   2.0640000e+03   2.1518488e+02   8.6343450e-01
   2.0650000e+03   2.1665441e+02   8.7040483e-01
   2.0660000e+03   2.1792239e+02   8.7733373e-01
   2.0670000e+03   2.1939238e+02   8.8502744e-01
   2.0680000e+03   2.2087108e+02   8.9300520e-01
   2.0690000e+03   2.2199682e+02   8.9972005e-01
   2.0700000e+03   2.2292942e+02   9.0636123e-01
   2.0710000e+03   2.2418355e+02   9.1302199e-01
   2.0720000e+03   2.2546122e+02   9.1964534e-01
   2.0730000e+03   2.2695653e+02   9.2756706e-01
   2.0740000e+03   2.2826759e+02   9.3404305e-01
   2.0750000e+03   2.2968857e+02   9.4052555e-01
   2.0760000e+03   2.3086279e+02   9.4833893e-01
   2.0770000e+03   2.3204868e+02   9.5546634e-01
   2.0780000e+03   2.3335993e+02   9.6171099e-01
   2.0790000e+03   2.3475514e+02   9.6793460e-01
   2.0800000e+03   2.3576944e+02   9.7408777e-01
   2.0810000e+03   2.3726571e+02   9.8183159e-01
   2.0820000e+03   2.3881764e+02   9.8966286e-01
   2.0830000e+03   2.4020862e+02   9.9576906e-01
   2.0840000e+03   2.4136102e+02   1.0017503e+00
   2.0850000e+03   2.4254929e+02   1.0077045e+00
   2.0860000e+03   2.4392222e+02   1.0136940e+00
   2.0870000e+03   2.4515274e+02   1.0196055e+00
   2.0880000e+03   2.4637744e+02   1.0254502e+00
   2.0890000e+03   2.4786313e+02   1.0332660e+00
   2.0900000e+03   2.4921089e+02   1.0390632e+00
   2.0910000e+03   2.5065040e+02   1.0450300e+00
   2.0920000e+03   2.5210188e+02   1.0507680e+00
   2.0930000e+03   2.5344843e+02   1.0564702e+00
   2.0940000e+03   2.5470211e+02   1.0621048e+00
   2.0950000e+03   2.5599583e+02   1.0678041e+00
   2.0960000e+03   2.5660845e+02   1.0753158e+00
   2.0970000e+03   2.5747685e+02   1.0809034e+00
   2.0980000e+03   2.5872779e+02   1.0873080e+00
   2.0990000e+03   2.5968665e+02   1.0927674e+00
   2.1000000e+03   2.6099667e+02   1.1003926e+00
   2.1010000e+03   2.6231220e+02   1.1057755e+00
   2.1020000e+03   2.6309342e+02   1.1111562e+00
   2.1030000e+03   2.6431809e+02   1.1165016e+00
   2.1040000e+03   2.6572138e+02   1.1219313e+00
   2.1050000e+03   2.6696243e+02   1.1273567e+00
   2.1060000e+03   2.6795614e+02   1.1336707e+00
   2.1070000e+03   2.6888357e+02   1.1412188e+00
   2.1080000e+03   2.7016878e+02   1.1468093e+00
   2.1090000e+03   2.7100356e+02   1.1519389e+00
   2.1100000e+03   2.7234609e+02   1.1572609e+00
   2.1110000e+03   2.7352065e+02   1.1623684e+00
   2.1120000e+03   2.7473637e+02   1.1674412e+00
   2.1130000e+03   2.7616496e+02   1.1725644e+00
   2.1140000e+03   2.7716647e+02   1.1776996e+00
   2.1150000e+03   2.7836238e+02   1.1829556e+00
   2.1160000e+03   2.8002420e+02   1.1980622e+00
   2.1170000e+03   2.8111623e+02   1.2031091e+00
   2.1180000e+03   2.8237858e+02   1.2090955e+00
   2.1190000e+03   2.8342906e+02   1.2151208e+00
   2.1200000e+03   2.8453733e+02   1.2201023e+00
   2.1210000e+03   2.8538041e+02   1.2251161e+00
   2.1220000e+03   2.8655912e+02   1.2311328e+00
   2.1230000e+03   2.8786617e+02   1.2363045e+00
   2.1240000e+03   2.8966372e+02   1.2443381e+00
   2.1250000e+03   2.9104703e+02   1.2575638e+00
   2.1260000e+03   2.9228933e+02   1.2623107e+00
   2.1270000e+03   2.9337610e+02   1.2688466e+00
   2.1280000e+03   2.9450914e+02   1.2735449e+00
   2.1290000e+03   2.9557487e+02   1.2812160e+00
   2.1300000e+03   2.9652952e+02   1.2858179e+00
   2.1310000e+03   2.9779883e+02   1.2906666e+00
   2.1320000e+03   2.9907811e+02   1.2954129e+00
   2.1330000e+03   3.0031763e+02   1.3001825e+00
   2.1340000e+03   3.0175768e+02   1.3050702e+00
   2.1350000e+03   3.0321702e+02   1.3098311e+00
   2.1360000e+03   3.0465170e+02   1.3146853e+00
   2.1370000e+03   3.0546487e+02   1.3192011e+00
   2.1380000e+03   3.0651416e+02   1.3238307e+00
   2.1390000e+03   3.0746988e+02   1.3282765e+00
   2.1400000e+03   3.0844848e+02   1.3327430e+00
   2.1410000e+03   3.0972222e+02   1.3408534e+00
   2.1420000e+03   3.1063970e+02   1.3452686e+00
   2.1430000e+03   3.1216100e+02   1.3536776e+00
   2.1440000e+03   3.1314733e+02   1.3593372e+00
   2.1450000e+03   3.1434566e+02   1.3690194e+00
   2.1460000e+03   3.1511071e+02   1.3733330e+00
   2.1470000e+03   3.1629061e+02   1.3776115e+00
   2.1480000e+03   3.1731857e+02   1.3823554e+00
   2.1490000e+03   3.1834847e+02   1.3867978e+00
   2.1500000e+03   3.1939598e+02   1.3911947e+00
   2.1510000e+03   3.2039227e+02   1.3955988e+00
   2.1520000e+03   3.2135937e+02   1.4000068e+00
   2.1530000e+03   3.2209992e+02   1.4045551e+00
   2.1540000e+03   3.2335297e+02   1.4091809e+00
   2.1550000e+03   3.2430322e+02   1.4134754e+00
   2.1560000e+03   3.2515184e+02   1.4178328e+00
   2.1570000e+03   3.2624396e+02   1.4224847e+00
   2.1580000e+03   3.2705100e+02   1.4269261e+00
   2.1590000e+03   3.2807161e+02   1.4314563e+00
   2.1600000e+03   3.2913502e+02   1.4360236e+00
   2.1610000e+03   3.3002968e+02   1.4403262e+00
   2.1620000e+03   3.3088903e+02   1.4447908e+00
   2.1630000e+03   3.3160994e+02   1.4487163e+00
   2.1640000e+03   3.3231419e+02   1.4529642e+00
   2.1650000e+03   3.3322248e+02   1.4570842e+00
   2.1660000e+03   3.3420116e+02   1.4618526e+00
   2.1670000e+03   3.3476737e+02   1.4660982e+00
   2.1680000e+03   3.3558950e+02   1.4702571e+00
   2.1690000e+03   3.3657018e+02   1.4745890e+00
   2.1700000e+03   3.3719777e+02   1.4786313e+00
   2.1710000e+03   3.3807979e+02   1.4827683e+00
   2.1720000e+03   3.3925095e+02   1.4867528e+00
   2.1730000e+03   3.4024190e+02   1.4907745e+00
   2.1740000e+03   3.4128780e+02   1.4949822e+00
   2.1750000e+03   3.4201371e+02   1.4988003e+00
   2.1760000e+03   3.4275224e+02   1.5029072e+00
   2.1770000e+03   3.4393117e+02   1.5336778e+00
   2.1780000e+03   3.4460819e+02   1.5376306e+00
   2.1790000e+03   3.4553335e+02   1.5416798e+00
   2.1800000e+03   3.4625988e+02   1.5457311e+00
   2.1810000e+03   3.4700898e+02   1.5496920e+00
   2.1820000e+03   3.4802607e+02   1.5538825e+00
   2.1830000e+03   3.4880305e+02   1.5578248e+00
   2.1840000e+03   3.4959744e+02   1.5614729e+00
   2.1850000e+03   3.5023942e+02   1.5654097e+00
   2.1860000e+03   3.5102545e+02   1.5693465e+00
   2.1870000e+03   3.5185314e+02   1.5733323e+00
   2.1880000e+03   3.5302216e+02   1.5773594e+00
   2.1890000e+03   3.5419681e+02   1.5816931e+00
   2.1900000e+03   3.5514853e+02   1.5858464e+00
   2.1910000e+03   3.5598062e+02   1.5894676e+00
   2.1920000e+03   3.5692418e+02   1.5934501e+00
   2.1930000e+03   3.5773967e+02   1.5970504e+00
   2.1940000e+03   3.5867195e+02   1.6006806e+00
   2.1950000e+03   3.5954126e+02   1.6046276e+00
   2.1960000e+03   3.6029099e+02   1.6089109e+00
   2.1970000e+03   3.6141890e+02   1.6133895e+00
   2.1980000e+03   3.6231457e+02   1.6173877e+00
   2.1990000e+03   3.6339763e+02   1.6215441e+00
   2.2000000e+03   3.6440778e+02   1.6255652e+00
   2.2010000e+03   3.6556269e+02   1.6291343e+00
   2.2020000e+03   3.6660374e+02   1.6332215e+00
   2.2030000e+03   3.6733888e+02   1.6371371e+00
   2.2040000e+03   3.6819222e+02   1.6407843e+00
   2.2050000e+03   3.6906438e+02   1.6447620e+00
   2.2060000e+03   3.7003658e+02   1.6483547e+00
   2.2070000e+03   3.7088871e+02   1.6524285e+00
   2.2080000e+03   3.7184764e+02   1.6563562e+00
   2.2090000e+03   3.7267298e+02   1.6602867e+00
   2.2100000e+03   3.7353678e+02   1.6844338e+00
   2.2110000e+03   3.7430639e+02   1.6879084e+00
   2.2120000e+03   3.7552456e+02   1.6929426e+00
   2.2130000e+03   3.7671852e+02   1.6973962e+00
   2.2140000e+03   3.7788776e+02   1.7019897e+00
   2.2150000e+03   3.7888136e+02   1.7059565e+00
   2.2160000e+03   3.7977124e+02   1.7098921e+00
   2.2170000e+03   3.8062689e+02   1.7139112e+00
   2.2180000e+03   3.8167876e+02   1.7179145e+00
   2.2190000e+03   3.8249865e+02   1.7212727e+00
   2.2200000e+03   3.8356449e+02   1.7246442e+00
   2.2210000e+03   3.8421395e+02   1.7285843e+00
   2.2220000e+03   3.8483170e+02   1.7324690e+00
   2.2230000e+03   3.8561724e+02   1.7363892e+00
   2.2240000e+03   3.8636225e+02   1.7403876e+00
   2.2250000e+03   3.8718061e+02   1.7437494e+00
   2.2260000e+03   3.8790191e+02   1.7477027e+00
   2.2270000e+03   3.8862625e+02   1.7516031e+00
   2.2280000e+03   3.8905911e+02   1.7554541e+00
   2.2290000e+03   3.8939068e+02   1.7589794e+00
   2.2300000e+03   3.8989352e+02   1.7622000e+00
   2.2310000e+03   3.9057200e+02   1.7661672e+00
   2.2320000e+03   3.9097477e+02   1.7700239e+00
   2.2330000e+03   3.9152200e+02   1.7732161e+00
   2.2340000e+03   3.9229414e+02   1.7928257e+00
   2.2350000e+03   3.9272425e+02   1.7960427e+00
   2.2360000e+03   3.9332191e+02   1.7999770e+00
   2.2370000e+03   3.9398753e+02   1.8038613e+00
   2.2380000e+03   3.9467448e+02   1.8078861e+00
   2.2390000e+03   3.9509974e+02   1.8118737e+00
   2.2400000e+03   3.9566616e+02   1.8300541e+00
   2.2410000e+03   3.9603694e+02   1.8332206e+00
   2.2420000e+03   3.9681377e+02   1.8371406e+00
   2.2430000e+03   3.9780755e+02   1.8405534e+00
   2.2440000e+03   3.9869578e+02   1.8445521e+00
   2.2450000e+03   3.9918874e+02   1.8485336e+00
   2.2460000e+03   3.9973937e+02   1.8525685e+00
   2.2470000e+03   4.0008725e+02   1.8565258e+00
   2.2480000e+03   4.0078534e+02   1.8596875e+00
   2.2490000e+03   4.0160568e+02   1.8628903e+00
   2.2500000e+03   4.0223657e+02   1.8793580e+00
   2.2510000e+03   4.0282431e+02   1.8824396e+00
   2.2520000e+03   4.0369139e+02   1.8865078e+00
   2.2530000e+03   4.0428023e+02   1.8905124e+00
   2.2540000e+03   4.0468919e+02   1.8944497e+00
   2.2550000e+03   4.0544905e+02   1.8977719e+00
   2.2560000e+03   4.0613555e+02   1.9009045e+00
   2.2570000e+03   4.0688077e+02   1.9039566e+00
   2.2580000e+03   4.0764012e+02   1.9070053e+00
   2.2590000e+03   4.0814947e+02   1.9111155e+00
   2.2600000e+03   4.0870818e+02   1.9153235e+00
   2.2610000e+03   4.0934237e+02   1.9195812e+00
   2.2620000e+03   4.0986407e+02   1.9227272e+00
   2.2630000e+03   4.1041914e+02   1.9272342e+00
   2.2640000e+03   4.1105494e+02   1.9303718e+00
   2.2650000e+03   4.1141204e+02   1.9334026e+00
   2.2660000e+03   4.1203936e+02   1.9364658e+00
   2.2670000e+03   4.1261891e+02   1.9396486e+00
   2.2680000e+03   4.1332959e+02   1.9439041e+00
   2.2690000e+03   4.1402886e+02   1.9468897e+00
   2.2700000e+03   4.1464071e+02   1.9510923e+00
   2.2710000e+03   4.1534901e+02   1.9543201e+00
   2.2720000e+03   4.1577471e+02   1.9584467e+00
   2.2730000e+03   4.1633818e+02   1.9614430e+00
   2.2740000e+03   4.1693447e+02   1.9646069e+00
   2.2750000e+03   4.1778614e+02   1.9688766e+00
   2.2760000e+03   4.1840566e+02   1.9719650e+00
   2.2770000e+03   4.1917447e+02   1.9764973e+00
   2.2780000e+03   4.1985575e+02   1.9795319e+00
   2.2790000e+03   4.2049578e+02   1.9825444e+00
   2.2800000e+03   4.2106385e+02   1.9855789e+00
   2.2810000e+03   4.2157826e+02   1.9973472e+00
   2.2820000e+03   4.2208543e+02   2.0005151e+00
   2.2830000e+03   4.2249667e+02   2.0034858e+00
   2.2840000e+03   4.2284878e+02   2.0065192e+00
   2.2850000e+03   4.2334190e+02   2.0096083e+00
   2.2860000e+03   4.2388627e+02   2.0127897e+00
   2.2870000e+03   4.2420553e+02   2.0157120e+00
   2.2880000e+03   4.2464303e+02   2.0186969e+00
   2.2890000e+03   4.2520395e+02   2.0231193e+00
   2.2900000e+03   4.2578432e+02   2.0274797e+00
   2.2910000e+03   4.2635044e+02   2.0318853e+00
   2.2920000e+03   4.2681482e+02   2.0350280e+00
   2.2930000e+03   4.2736551e+02   2.0468420e+00
   2.2940000e+03   4.2794811e+02   2.0503490e+00
   2.2950000e+03   4.2873615e+02   2.0533904e+00
   2.2960000e+03   4.2932462e+02   2.0580092e+00
   2.2970000e+03   4.2982701e+02   2.0682557e+00
   2.2980000e+03   4.3032573e+02   2.0713792e+00
   2.2990000e+03   4.3095898e+02   2.0744120e+00
   2.3000000e+03   4.3162866e+02   2.0774130e+00
