   1.8500000e+03             NaN             NaN
   1.8510000e+03   7.3937397e-01   8.8591299e+00
   1.8520000e+03   2.6404034e+00   8.8562205e+00
   1.8530000e+03   5.5989414e+00   8.8526981e+00
   1.8540000e+03   5.9578389e+00   8.7770583e+00
   1.8550000e+03   7.5148433e+00   8.7182167e+00
   1.8560000e+03   9.7605938e+00   8.7163742e+00
   1.8570000e+03   1.3583034e+01   8.7126364e+00
   1.8580000e+03   1.5388309e+01   8.5881849e+00
   1.8590000e+03   1.6219749e+01   8.5759857e+00
   1.8600000e+03   1.8418213e+01   8.5148829e+00
   1.8610000e+03   2.0779607e+01   8.4370516e+00
   1.8620000e+03   2.4746823e+01   8.4251328e+00
   1.8630000e+03   2.7941572e+01   8.2535142e+00
   1.8640000e+03   2.9092052e+01   8.0969344e+00
   1.8650000e+03   3.2090767e+01   8.0953592e+00
   1.8660000e+03   3.3933959e+01   7.9777144e+00
   1.8670000e+03   3.5969527e+01   7.9748716e+00
   1.8680000e+03   3.6718656e+01   7.9124226e+00
   1.8690000e+03   3.7449477e+01   7.9106594e+00
   1.8700000e+03   3.7360878e+01   7.9090314e+00
   1.8710000e+03   3.8911165e+01   7.9079951e+00
   1.8720000e+03   4.2339456e+01   7.9040056e+00
   1.8730000e+03   4.5373607e+01   7.7882178e+00
   1.8740000e+03   4.8906580e+01   7.6488591e+00
   1.8750000e+03   5.2504598e+01   7.5577424e+00
   1.8760000e+03   5.4429111e+01   7.4273805e+00
   1.8770000e+03   5.7991813e+01   7.4150543e+00
   1.8780000e+03   5.9424470e+01   7.4026705e+00
   1.8790000e+03   6.0736046e+01   7.3301549e+00
   1.8800000e+03   6.2398265e+01   7.2629638e+00
   1.8810000e+03   6.6532478e+01   7.2580211e+00
   1.8820000e+03   7.2885581e+01   7.1504032e+00
   1.8830000e+03   7.5108441e+01   6.7764958e+00
   1.8840000e+03   7.5956220e+01   6.7740868e+00
   1.8850000e+03   7.7183222e+01   6.7619497e+00
   1.8860000e+03   8.0347810e+01   6.7505498e+00
   1.8870000e+03   8.1830037e+01   6.2729867e+00
   1.8880000e+03   8.5838367e+01   6.1940838e+00
   1.8890000e+03   8.7284322e+01   6.0944278e+00
   1.8900000e+03   8.8806085e+01   6.0798262e+00
   1.8910000e+03   8.9019486e+01   6.0746579e+00
   1.8920000e+03   9.1043015e+01   6.0733899e+00
   1.8930000e+03   9.3141925e+01   6.0625204e+00
   1.8940000e+03   9.3963498e+01   5.9659810e+00
   1.8950000e+03   9.6110807e+01   5.9623487e+00
   1.8960000e+03   9.6642654e+01   5.8884555e+00
   1.8970000e+03   9.7961140e+01   5.8870936e+00
   1.8980000e+03   9.9038519e+01   5.8771661e+00
   1.8990000e+03   1.0178844e+02   5.8758271e+00
   1.9000000e+03   1.0546109e+02   5.7773308e+00
   1.9010000e+03   1.0760076e+02   5.6841197e+00
   1.9020000e+03   1.0952719e+02   5.6173402e+00
   1.9030000e+03   1.1124070e+02   5.6155955e+00
   1.9040000e+03   1.1098331e+02   5.5256198e+00
   1.9050000e+03   1.1186456e+02   5.5242368e+00
   1.9060000e+03   1.1370810e+02   5.5228371e+00
   1.9070000e+03   1.1494795e+02   5.4093666e+00
   1.9080000e+03   1.1572773e+02   5.3456171e+00
   1.9090000e+03   1.1777742e+02   5.3415704e+00
   1.9100000e+03   1.1966043e+02   5.2204166e+00
   1.9110000e+03   1.2102013e+02   5.2162792e+00
   1.9120000e+03   1.2141240e+02   5.1573359e+00
   1.9130000e+03   1.2220834e+02   5.1541158e+00
   1.9140000e+03   1.2318052e+02   5.0881520e+00
   1.9150000e+03   1.2474952e+02   5.0863553e+00
   1.9160000e+03   1.2731643e+02   5.0298405e+00
   1.9170000e+03   1.2871690e+02   4.9630576e+00
   1.9180000e+03   1.2909627e+02   4.9610175e+00
   1.9190000e+03   1.3047085e+02   4.9592817e+00
   1.9200000e+03   1.3578737e+02   4.9033002e+00
   1.9210000e+03   1.3691045e+02   4.6213946e+00
   1.9220000e+03   1.3907099e+02   4.6193202e+00
   1.9230000e+03   1.4088172e+02   4.6169259e+00
   1.9240000e+03   1.4211647e+02   4.6133627e+00
   1.9250000e+03   1.4363844e+02   4.5619090e+00
   1.9260000e+03   1.4439859e+02   4.5083903e+00
   1.9270000e+03   1.4571831e+02   4.5061638e+00
   1.9280000e+03   1.4794341e+02   4.5027224e+00
   1.9290000e+03   1.4930874e+02   4.4235174e+00
   1.9300000e+03   1.5101437e+02   4.3632300e+00
   1.9310000e+03   1.5264931e+02   4.2419040e+00
   1.9320000e+03   1.5240331e+02   4.1857039e+00
   1.9330000e+03   1.5426960e+02   4.1829622e+00
   1.9340000e+03   1.5877890e+02   3.9785498e+00
   1.9350000e+03   1.5977859e+02   3.7922623e+00
   1.9360000e+03   1.6401951e+02   3.7226806e+00
   1.9370000e+03   1.6462645e+02   3.0648415e+00
   1.9380000e+03   1.6701192e+02   3.0623510e+00
   1.9390000e+03   1.6856661e+02   2.7918240e+00
   1.9400000e+03   1.7059629e+02   2.7107197e+00
   1.9410000e+03   1.7150606e+02   2.7075258e+00
   1.9420000e+03   1.7376503e+02   2.7045635e+00
   1.9430000e+03   1.7567552e+02   2.5905273e+00
   1.9440000e+03   1.7598864e+02   2.4766401e+00
   1.9450000e+03   1.7669452e+02   2.4231303e+00
   1.9460000e+03   1.7829374e+02   2.3201143e+00
   1.9470000e+03   1.7878612e+02   2.3167769e+00
   1.9480000e+03   1.8145936e+02   2.3137437e+00
   1.9490000e+03   1.8288983e+02   1.4980983e+00
   1.9500000e+03   1.8363147e+02   1.4931334e+00
   1.9510000e+03   1.8466995e+02   1.4883775e+00
   1.9520000e+03   1.8583863e+02   1.4837262e+00
   1.9530000e+03   1.8650171e+02   1.4310770e+00
   1.9540000e+03   1.8733250e+02   1.4262151e+00
   1.9550000e+03   1.8916854e+02   1.4213824e+00
   1.9560000e+03   1.8999133e+02   1.2914258e+00
   1.9570000e+03   1.9169584e+02   1.2861846e+00
   1.9580000e+03   1.9345536e+02   1.1844234e+00
   1.9590000e+03   1.9479367e+02   1.1785506e+00
   1.9600000e+03   1.9562355e+02   1.1401287e+00
   1.9610000e+03   1.9651559e+02   1.0734813e+00
   1.9620000e+03   1.9791362e+02   9.9590154e-01
   1.9630000e+03   1.9829993e+02   9.8922462e-01
   1.9640000e+03   1.9918970e+02   9.6031071e-01
   1.9650000e+03   2.0060954e+02   9.5341371e-01
   1.9660000e+03   2.0083568e+02   7.3167639e-01
   1.9670000e+03   2.0124672e+02   7.2276274e-01
   1.9680000e+03   2.0203126e+02   7.1374620e-01
   1.9690000e+03   2.0255219e+02   7.0461290e-01
   1.9700000e+03   2.0308171e+02   6.8291628e-01
   1.9710000e+03   2.0365031e+02   6.7356046e-01
   1.9720000e+03   2.0426113e+02   6.6379245e-01
   1.9730000e+03   2.0464506e+02   6.5390571e-01
   1.9740000e+03   2.0547957e+02   6.4399714e-01
   1.9750000e+03   2.0635929e+02   6.3390020e-01
   1.9760000e+03   2.0771367e+02   6.1785598e-01
   1.9770000e+03   2.0836041e+02   6.0733559e-01
   1.9780000e+03   2.0869736e+02   5.9672821e-01
   1.9790000e+03   2.0903153e+02   5.8592001e-01
   1.9800000e+03   2.0959709e+02   5.7499612e-01
   1.9810000e+03   2.1011943e+02   5.6386598e-01
   1.9820000e+03   2.1060866e+02   5.4934395e-01
   1.9830000e+03   2.1092717e+02   5.3475699e-01
   1.9840000e+03   2.1157432e+02   5.2284051e-01
   1.9850000e+03   2.1334810e+02   5.1042069e-01
   1.9860000e+03   2.1421356e+02   4.9568676e-01
   1.9870000e+03   2.1459602e+02   4.8253838e-01
   1.9880000e+03   2.1551842e+02   4.6935175e-01
   1.9890000e+03   2.1683266e+02   4.5568345e-01
   1.9900000e+03   2.1775521e+02   4.4166704e-01
   1.9910000e+03   2.1904101e+02   4.2709635e-01
   1.9920000e+03   2.1946156e+02   4.1107724e-01
   1.9930000e+03   2.2075706e+02   3.9552947e-01
   1.9940000e+03   2.2101552e+02   3.7071405e-01
   1.9950000e+03   2.2238061e+02   3.5350524e-01
   1.9960000e+03   2.2361271e+02   3.3548025e-01
   1.9970000e+03   2.2470232e+02   3.1639201e-01
   1.9980000e+03   2.2600591e+02   2.9597748e-01
   1.9990000e+03   2.2685149e+02   2.7420910e-01
   2.0000000e+03   2.2770648e+02   2.5077029e-01
   2.0010000e+03   2.2855891e+02   2.2499647e-01
   2.0020000e+03   2.2999634e+02   1.9614955e-01
   2.0030000e+03   2.3123414e+02   1.9686092e-01
   2.0040000e+03   2.3257007e+02   1.9773859e-01
   2.0050000e+03   2.3401009e+02   1.9871980e-01
   2.0060000e+03   2.3546184e+02   1.9979919e-01
   2.0070000e+03   2.3707581e+02   2.2371426e-01
   2.0080000e+03   2.3914573e+02   2.4517187e-01
   2.0090000e+03   2.4058919e+02   2.8597618e-01
   2.0100000e+03   2.4239669e+02   3.0687277e-01
   2.0110000e+03   2.4327501e+02   3.2629858e-01
   2.0120000e+03   2.4508914e+02   3.4500790e-01
   2.0130000e+03   2.4691312e+02   4.4026337e-01
   2.0140000e+03   2.4877867e+02   7.8961698e-01
   2.0150000e+03   2.4991249e+02   8.1082999e-01
   2.0160000e+03   2.5144618e+02   8.1901746e-01
   2.0170000e+03   2.5274843e+02   8.2642747e-01
   2.0180000e+03   2.5388244e+02   8.3371648e-01
   2.0190000e+03   2.5513526e+02   8.4094976e-01
   2.0200000e+03   2.5621516e+02   8.4811038e-01
   2.0210000e+03   2.5841475e+02   8.5523842e-01
   2.0220000e+03   2.5961286e+02   8.6228559e-01
   2.0230000e+03   2.6076536e+02   8.6925164e-01
   2.0240000e+03   2.6160023e+02   8.7615872e-01
   2.0250000e+03   2.6251905e+02   8.8297033e-01
   2.0260000e+03   2.6407644e+02   8.8977658e-01
   2.0270000e+03   2.6550196e+02   8.9653919e-01
   2.0280000e+03   2.6692392e+02   9.0326034e-01
   2.0290000e+03   2.6831078e+02   9.0992815e-01
   2.0300000e+03   2.6930729e+02   9.1652283e-01
   2.0310000e+03   2.7014474e+02   9.2306176e-01
   2.0320000e+03   2.7114860e+02   9.2955711e-01
   2.0330000e+03   2.7214823e+02   9.3602685e-01
   2.0340000e+03   2.7350652e+02   9.4246598e-01
   2.0350000e+03   2.7486631e+02   9.4887142e-01
   2.0360000e+03   2.7608566e+02   9.5520476e-01
   2.0370000e+03   2.7720646e+02   9.6148689e-01
   2.0380000e+03   2.7856162e+02   9.6775715e-01
   2.0390000e+03   2.8021545e+02   9.7400237e-01
   2.0400000e+03   2.8207837e+02   9.8054177e-01
   2.0410000e+03   2.8361506e+02   9.8688289e-01
   2.0420000e+03   2.8524560e+02   9.9298443e-01
   2.0430000e+03   2.8692419e+02   9.9910560e-01
   2.0440000e+03   2.8842103e+02   1.0053339e+00
   2.0450000e+03   2.8969720e+02   1.0114969e+00
   2.0460000e+03   2.9149651e+02   1.0175194e+00
   2.0470000e+03   2.9226691e+02   1.0236996e+00
   2.0480000e+03   2.9342912e+02   1.0309250e+00
   2.0490000e+03   2.9514154e+02   1.0368353e+00
   2.0500000e+03   2.9643091e+02   1.0426840e+00
   2.0510000e+03   2.9767877e+02   1.0485801e+00
   2.0520000e+03   2.9977206e+02   1.0541611e+00
   2.0530000e+03   3.0071294e+02   1.0599755e+00
   2.0540000e+03   3.0191070e+02   1.0656875e+00
   2.0550000e+03   3.0371135e+02   1.0713177e+00
   2.0560000e+03   3.0523020e+02   1.0770108e+00
   2.0570000e+03   3.0656406e+02   1.0842101e+00
   2.0580000e+03   3.0867972e+02   1.0919563e+00
   2.0590000e+03   3.1186087e+02   1.0980194e+00
   2.0600000e+03   3.1405314e+02   1.1046807e+00
   2.0610000e+03   3.1551303e+02   1.1104030e+00
   2.0620000e+03   3.1738996e+02   1.1163716e+00
   2.0630000e+03   3.1959717e+02   1.1220454e+00
   2.0640000e+03   3.2115572e+02   1.1276978e+00
   2.0650000e+03   3.2225431e+02   1.1336954e+00
   2.0660000e+03   3.2392846e+02   1.1398681e+00
   2.0670000e+03   3.2533055e+02   1.1456974e+00
   2.0680000e+03   3.2660069e+02   1.1522415e+00
   2.0690000e+03   3.2764706e+02   1.1578887e+00
   2.0700000e+03   3.2933053e+02   1.1642701e+00
   2.0710000e+03   3.3073921e+02   1.1702326e+00
   2.0720000e+03   3.3204522e+02   1.1764753e+00
   2.0730000e+03   3.3346549e+02   1.1824424e+00
   2.0740000e+03   3.3485190e+02   1.1880618e+00
   2.0750000e+03   3.3667636e+02   1.1956854e+00
   2.0760000e+03   3.3801320e+02   1.2009184e+00
   2.0770000e+03   3.3912196e+02   1.2063531e+00
   2.0780000e+03   3.4090846e+02   1.2115793e+00
   2.0790000e+03   3.4181929e+02   1.2165059e+00
   2.0800000e+03   3.4298007e+02   1.2215257e+00
   2.0810000e+03   3.4377172e+02   1.2264421e+00
   2.0820000e+03   3.4481860e+02   1.2312555e+00
   2.0830000e+03   3.4515644e+02   1.2361345e+00
   2.0840000e+03   3.4628653e+02   1.2421662e+00
   2.0850000e+03   3.4749485e+02   1.2479583e+00
   2.0860000e+03   3.4914940e+02   1.2537851e+00
   2.0870000e+03   3.4969159e+02   1.2585193e+00
   2.0880000e+03   3.5145573e+02   1.2639675e+00
   2.0890000e+03   3.5288628e+02   1.2688134e+00
   2.0900000e+03   3.5375562e+02   1.2745286e+00
   2.0910000e+03   3.5466648e+02   1.2796317e+00
   2.0920000e+03   3.5559721e+02   1.2843855e+00
   2.0930000e+03   3.5670428e+02   1.2891043e+00
   2.0940000e+03   3.5788496e+02   1.2937592e+00
   2.0950000e+03   3.5905396e+02   1.2986143e+00
   2.0960000e+03   3.6036647e+02   1.3036893e+00
   2.0970000e+03   3.6154911e+02   1.3090738e+00
   2.0980000e+03   3.6213460e+02   1.3136462e+00
   2.0990000e+03   3.6287047e+02   1.3190805e+00
   2.1000000e+03   3.6459225e+02   1.3251977e+00
   2.1010000e+03             NaN             NaN
   2.1020000e+03             NaN             NaN
   2.1030000e+03             NaN             NaN
   2.1040000e+03             NaN             NaN
   2.1050000e+03             NaN             NaN
   2.1060000e+03             NaN             NaN
   2.1070000e+03             NaN             NaN
   2.1080000e+03             NaN             NaN
   2.1090000e+03             NaN             NaN
   2.1100000e+03             NaN             NaN
   2.1110000e+03             NaN             NaN
   2.1120000e+03             NaN             NaN
   2.1130000e+03             NaN             NaN
   2.1140000e+03             NaN             NaN
   2.1150000e+03             NaN             NaN
   2.1160000e+03             NaN             NaN
   2.1170000e+03             NaN             NaN
   2.1180000e+03             NaN             NaN
   2.1190000e+03             NaN             NaN
   2.1200000e+03             NaN             NaN
   2.1210000e+03             NaN             NaN
   2.1220000e+03             NaN             NaN
   2.1230000e+03             NaN             NaN
   2.1240000e+03             NaN             NaN
   2.1250000e+03             NaN             NaN
   2.1260000e+03             NaN             NaN
   2.1270000e+03             NaN             NaN
   2.1280000e+03             NaN             NaN
   2.1290000e+03             NaN             NaN
   2.1300000e+03             NaN             NaN
   2.1310000e+03             NaN             NaN
   2.1320000e+03             NaN             NaN
   2.1330000e+03             NaN             NaN
   2.1340000e+03             NaN             NaN
   2.1350000e+03             NaN             NaN
   2.1360000e+03             NaN             NaN
   2.1370000e+03             NaN             NaN
   2.1380000e+03             NaN             NaN
   2.1390000e+03             NaN             NaN
   2.1400000e+03             NaN             NaN
   2.1410000e+03             NaN             NaN
   2.1420000e+03             NaN             NaN
   2.1430000e+03             NaN             NaN
   2.1440000e+03             NaN             NaN
   2.1450000e+03             NaN             NaN
   2.1460000e+03             NaN             NaN
   2.1470000e+03             NaN             NaN
   2.1480000e+03             NaN             NaN
   2.1490000e+03             NaN             NaN
   2.1500000e+03             NaN             NaN
   2.1510000e+03             NaN             NaN
   2.1520000e+03             NaN             NaN
   2.1530000e+03             NaN             NaN
   2.1540000e+03             NaN             NaN
   2.1550000e+03             NaN             NaN
   2.1560000e+03             NaN             NaN
   2.1570000e+03             NaN             NaN
   2.1580000e+03             NaN             NaN
   2.1590000e+03             NaN             NaN
   2.1600000e+03             NaN             NaN
   2.1610000e+03             NaN             NaN
   2.1620000e+03             NaN             NaN
   2.1630000e+03             NaN             NaN
   2.1640000e+03             NaN             NaN
   2.1650000e+03             NaN             NaN
   2.1660000e+03             NaN             NaN
   2.1670000e+03             NaN             NaN
   2.1680000e+03             NaN             NaN
   2.1690000e+03             NaN             NaN
   2.1700000e+03             NaN             NaN
   2.1710000e+03             NaN             NaN
   2.1720000e+03             NaN             NaN
   2.1730000e+03             NaN             NaN
   2.1740000e+03             NaN             NaN
   2.1750000e+03             NaN             NaN
   2.1760000e+03             NaN             NaN
   2.1770000e+03             NaN             NaN
   2.1780000e+03             NaN             NaN
   2.1790000e+03             NaN             NaN
   2.1800000e+03             NaN             NaN
   2.1810000e+03             NaN             NaN
   2.1820000e+03             NaN             NaN
   2.1830000e+03             NaN             NaN
   2.1840000e+03             NaN             NaN
   2.1850000e+03             NaN             NaN
   2.1860000e+03             NaN             NaN
   2.1870000e+03             NaN             NaN
   2.1880000e+03             NaN             NaN
   2.1890000e+03             NaN             NaN
   2.1900000e+03             NaN             NaN
   2.1910000e+03             NaN             NaN
   2.1920000e+03             NaN             NaN
   2.1930000e+03             NaN             NaN
   2.1940000e+03             NaN             NaN
   2.1950000e+03             NaN             NaN
   2.1960000e+03             NaN             NaN
   2.1970000e+03             NaN             NaN
   2.1980000e+03             NaN             NaN
   2.1990000e+03             NaN             NaN
   2.2000000e+03             NaN             NaN
   2.2010000e+03             NaN             NaN
   2.2020000e+03             NaN             NaN
   2.2030000e+03             NaN             NaN
   2.2040000e+03             NaN             NaN
   2.2050000e+03             NaN             NaN
   2.2060000e+03             NaN             NaN
   2.2070000e+03             NaN             NaN
   2.2080000e+03             NaN             NaN
   2.2090000e+03             NaN             NaN
   2.2100000e+03             NaN             NaN
   2.2110000e+03             NaN             NaN
   2.2120000e+03             NaN             NaN
   2.2130000e+03             NaN             NaN
   2.2140000e+03             NaN             NaN
   2.2150000e+03             NaN             NaN
   2.2160000e+03             NaN             NaN
   2.2170000e+03             NaN             NaN
   2.2180000e+03             NaN             NaN
   2.2190000e+03             NaN             NaN
   2.2200000e+03             NaN             NaN
   2.2210000e+03             NaN             NaN
   2.2220000e+03             NaN             NaN
   2.2230000e+03             NaN             NaN
   2.2240000e+03             NaN             NaN
   2.2250000e+03             NaN             NaN
   2.2260000e+03             NaN             NaN
   2.2270000e+03             NaN             NaN
   2.2280000e+03             NaN             NaN
   2.2290000e+03             NaN             NaN
   2.2300000e+03             NaN             NaN
   2.2310000e+03             NaN             NaN
   2.2320000e+03             NaN             NaN
   2.2330000e+03             NaN             NaN
   2.2340000e+03             NaN             NaN
   2.2350000e+03             NaN             NaN
   2.2360000e+03             NaN             NaN
   2.2370000e+03             NaN             NaN
   2.2380000e+03             NaN             NaN
   2.2390000e+03             NaN             NaN
   2.2400000e+03             NaN             NaN
   2.2410000e+03             NaN             NaN
   2.2420000e+03             NaN             NaN
   2.2430000e+03             NaN             NaN
   2.2440000e+03             NaN             NaN
   2.2450000e+03             NaN             NaN
   2.2460000e+03             NaN             NaN
   2.2470000e+03             NaN             NaN
   2.2480000e+03             NaN             NaN
   2.2490000e+03             NaN             NaN
   2.2500000e+03             NaN             NaN
   2.2510000e+03             NaN             NaN
   2.2520000e+03             NaN             NaN
   2.2530000e+03             NaN             NaN
   2.2540000e+03             NaN             NaN
   2.2550000e+03             NaN             NaN
   2.2560000e+03             NaN             NaN
   2.2570000e+03             NaN             NaN
   2.2580000e+03             NaN             NaN
   2.2590000e+03             NaN             NaN
   2.2600000e+03             NaN             NaN
   2.2610000e+03             NaN             NaN
   2.2620000e+03             NaN             NaN
   2.2630000e+03             NaN             NaN
   2.2640000e+03             NaN             NaN
   2.2650000e+03             NaN             NaN
   2.2660000e+03             NaN             NaN
   2.2670000e+03             NaN             NaN
   2.2680000e+03             NaN             NaN
   2.2690000e+03             NaN             NaN
   2.2700000e+03             NaN             NaN
   2.2710000e+03             NaN             NaN
   2.2720000e+03             NaN             NaN
   2.2730000e+03             NaN             NaN
   2.2740000e+03             NaN             NaN
   2.2750000e+03             NaN             NaN
   2.2760000e+03             NaN             NaN
   2.2770000e+03             NaN             NaN
   2.2780000e+03             NaN             NaN
   2.2790000e+03             NaN             NaN
   2.2800000e+03             NaN             NaN
   2.2810000e+03             NaN             NaN
   2.2820000e+03             NaN             NaN
   2.2830000e+03             NaN             NaN
   2.2840000e+03             NaN             NaN
   2.2850000e+03             NaN             NaN
   2.2860000e+03             NaN             NaN
   2.2870000e+03             NaN             NaN
   2.2880000e+03             NaN             NaN
   2.2890000e+03             NaN             NaN
   2.2900000e+03             NaN             NaN
   2.2910000e+03             NaN             NaN
   2.2920000e+03             NaN             NaN
   2.2930000e+03             NaN             NaN
   2.2940000e+03             NaN             NaN
   2.2950000e+03             NaN             NaN
   2.2960000e+03             NaN             NaN
   2.2970000e+03             NaN             NaN
   2.2980000e+03             NaN             NaN
   2.2990000e+03             NaN             NaN
   2.3000000e+03             NaN             NaN
