   1.8500000e+03             NaN             NaN
   1.8510000e+03   2.9889850e+00   4.7038778e+00
   1.8520000e+03   3.5997658e+00   3.8226303e+00
   1.8530000e+03   4.4007202e+00   3.8185728e+00
   1.8540000e+03   5.0785396e+00   3.8167453e+00
   1.8550000e+03   6.2190550e+00   3.8149734e+00
   1.8560000e+03   6.9030242e+00   3.8116117e+00
   1.8570000e+03   8.0731649e+00   3.7954737e+00
   1.8580000e+03   9.2817026e+00   3.7936641e+00
   1.8590000e+03   9.9926572e+00   3.7602972e+00
   1.8600000e+03   1.0595796e+01   3.7570304e+00
   1.8610000e+03   1.1214567e+01   3.7431821e+00
   1.8620000e+03   1.1909243e+01   3.7291078e+00
   1.8630000e+03   1.2730433e+01   3.7257491e+00
   1.8640000e+03   1.3479051e+01   3.7239460e+00
   1.8650000e+03   1.4909848e+01   3.7206112e+00
   1.8660000e+03   1.5161019e+01   3.7172809e+00
   1.8670000e+03   1.5285613e+01   3.7154822e+00
   1.8680000e+03   1.5837521e+01   3.7137276e+00
   1.8690000e+03   1.6836820e+01   3.7119765e+00
   1.8700000e+03   1.7833638e+01   3.7104372e+00
   1.8710000e+03   1.8239258e+01   3.7086031e+00
   1.8720000e+03   1.9139187e+01   3.7066370e+00
   1.8730000e+03   2.0087020e+01   3.7034505e+00
   1.8740000e+03   2.1072780e+01   3.7002661e+00
   1.8750000e+03   2.1849855e+01   3.6971473e+00
   1.8760000e+03   2.2313441e+01   3.6953752e+00
   1.8770000e+03   2.2991330e+01   3.6936109e+00
   1.8780000e+03   2.3604790e+01   3.6918348e+00
   1.8790000e+03   2.4189993e+01   3.6888923e+00
   1.8800000e+03   2.4812902e+01   3.6871125e+00
   1.8810000e+03   2.5318812e+01   3.6853593e+00
   1.8820000e+03   2.6680512e+01   3.6835779e+00
   1.8830000e+03   2.6969573e+01   3.6807262e+00
   1.8840000e+03   2.7158739e+01   3.6789383e+00
   1.8850000e+03   2.7494592e+01   3.6771643e+00
   1.8860000e+03   2.7823551e+01   3.6753642e+00
   1.8870000e+03   2.8886617e+01   3.6735721e+00
   1.8880000e+03   2.9034316e+01   3.6718005e+00
   1.8890000e+03   2.9752669e+01   3.6700119e+00
   1.8900000e+03   3.0626974e+01   3.6682219e+00
   1.8910000e+03   3.1103646e+01   3.6657378e+00
   1.8920000e+03   3.1308530e+01   3.6639285e+00
   1.8930000e+03   3.1997238e+01   3.6620727e+00
   1.8940000e+03   3.2563928e+01   3.6602874e+00
   1.8950000e+03   3.3124086e+01   3.6448804e+00
   1.8960000e+03   3.4053812e+01   3.6430895e+00
   1.8970000e+03   3.4868687e+01   3.6407543e+00
   1.8980000e+03   3.5607061e+01   3.6384479e+00
   1.8990000e+03   3.6102377e+01   3.6361463e+00
   1.9000000e+03   3.6603923e+01   3.6343516e+00
   1.9010000e+03   3.7548473e+01   3.6187914e+00
   1.9020000e+03   3.8272511e+01   3.6169516e+00
   1.9030000e+03   3.8897070e+01   3.6151442e+00
   1.9040000e+03   3.9776429e+01   3.6133371e+00
   1.9050000e+03   4.0030309e+01   3.6112381e+00
   1.9060000e+03   4.0314527e+01   3.6094158e+00
   1.9070000e+03   4.0756504e+01   3.6076162e+00
   1.9080000e+03   4.0836477e+01   3.6058164e+00
   1.9090000e+03   4.1208044e+01   3.6040056e+00
   1.9100000e+03   4.1842901e+01   3.6022049e+00
   1.9110000e+03   4.2216209e+01   3.6009170e+00
   1.9120000e+03   4.2494553e+01   3.5991111e+00
   1.9130000e+03   4.2911491e+01   3.5973080e+00
   1.9140000e+03   4.3130466e+01   3.5954586e+00
   1.9150000e+03   4.3250767e+01   3.5936410e+00
   1.9160000e+03   4.3639000e+01   3.5917984e+00
   1.9170000e+03   4.3972204e+01   3.5899864e+00
   1.9180000e+03   4.4704184e+01   3.5881653e+00
   1.9190000e+03   4.4998318e+01   3.5863200e+00
   1.9200000e+03   4.5154702e+01   3.5848981e+00
   1.9210000e+03   4.5623714e+01   3.5830830e+00
   1.9220000e+03   4.6316501e+01   3.5812160e+00
   1.9230000e+03   4.7299626e+01   3.5793267e+00
   1.9240000e+03   5.0094579e+01   3.5773837e+00
   1.9250000e+03   5.1153749e+01   3.5116026e+00
   1.9260000e+03   5.4288996e+01   3.4917379e+00
   1.9270000e+03   5.5339906e+01   3.1964634e+00
   1.9280000e+03   5.7002279e+01   3.1784887e+00
   1.9290000e+03   5.8132020e+01   3.1509210e+00
   1.9300000e+03   6.0248976e+01   3.1280919e+00
   1.9310000e+03   6.1655790e+01   2.9665672e+00
   1.9320000e+03   6.2248950e+01   2.8839416e+00
   1.9330000e+03   6.4018608e+01   2.8817221e+00
   1.9340000e+03   6.4255202e+01   2.7606872e+00
   1.9350000e+03   6.5031637e+01   2.7582756e+00
   1.9360000e+03   6.7303594e+01   2.7415390e+00
   1.9370000e+03   6.9155060e+01   2.6284852e+00
   1.9380000e+03   7.0868817e+01   2.5813720e+00
   1.9390000e+03   7.1983677e+01   2.4875621e+00
   1.9400000e+03   7.2789198e+01   2.3879537e+00
   1.9410000e+03   7.5042435e+01   2.3682639e+00
   1.9420000e+03   7.6300982e+01   1.9777758e+00
   1.9430000e+03   7.7156631e+01   1.9489732e+00
   1.9440000e+03   7.7623377e+01   1.9291781e+00
   1.9450000e+03   7.8544682e+01   1.9266255e+00
   1.9460000e+03   7.9671203e+01   1.9232561e+00
   1.9470000e+03   8.0830503e+01   1.8964177e+00
   1.9480000e+03   8.1805662e+01   1.8782738e+00
   1.9490000e+03   8.3873794e+01   1.8595119e+00
   1.9500000e+03   8.5234045e+01   1.6929428e+00
   1.9510000e+03   8.5899624e+01   1.6362519e+00
   1.9520000e+03   8.6386291e+01   1.6322624e+00
   1.9530000e+03   8.6531255e+01   1.6283143e+00
   1.9540000e+03   8.7094115e+01   1.6123226e+00
   1.9550000e+03   8.7472156e+01   1.5951510e+00
   1.9560000e+03   8.7976692e+01   1.5911203e+00
   1.9570000e+03   8.8225314e+01   1.5870861e+00
   1.9580000e+03   8.9148047e+01   1.5822784e+00
   1.9590000e+03   8.9707177e+01   1.5782235e+00
   1.9600000e+03   9.0333332e+01   1.5741884e+00
   1.9610000e+03   9.1173814e+01   1.5701312e+00
   1.9620000e+03   9.1869380e+01   1.5660870e+00
   1.9630000e+03   9.2903866e+01   1.5544682e+00
   1.9640000e+03   9.3499145e+01   1.5399746e+00
   1.9650000e+03   9.4422736e+01   1.5358130e+00
   1.9660000e+03   9.5078093e+01   1.5027293e+00
   1.9670000e+03   9.5759971e+01   1.4984900e+00
   1.9680000e+03   9.5691116e+01   1.4942115e+00
   1.9690000e+03   9.5774638e+01   1.4900108e+00
   1.9700000e+03   9.6107752e+01   1.4857099e+00
   1.9710000e+03   9.6438109e+01   1.4814394e+00
   1.9720000e+03   9.6694342e+01   1.4771989e+00
   1.9730000e+03   9.7108926e+01   1.4727110e+00
   1.9740000e+03   9.7261853e+01   1.4684918e+00
   1.9750000e+03   9.7908595e+01   1.4642358e+00
   1.9760000e+03   9.8612758e+01   1.4535006e+00
   1.9770000e+03   9.9835041e+01   1.4204162e+00
   1.9780000e+03   1.0100039e+02   1.2145634e+00
   1.9790000e+03   1.0145133e+02   1.1682934e+00
   1.9800000e+03   1.0317891e+02   1.1624858e+00
   1.9810000e+03   1.0412062e+02   1.0750444e+00
   1.9820000e+03   1.0499824e+02   1.0610649e+00
   1.9830000e+03   1.0520274e+02   9.7484431e-01
   1.9840000e+03   1.0620647e+02   9.6837193e-01
   1.9850000e+03   1.0699364e+02   9.1167524e-01
   1.9860000e+03   1.0758293e+02   6.8189053e-01
   1.9870000e+03   1.0794382e+02   6.7265051e-01
   1.9880000e+03   1.0862004e+02   6.6320243e-01
   1.9890000e+03   1.1007140e+02   6.5470059e-01
   1.9900000e+03   1.1121209e+02   5.4628004e-01
   1.9910000e+03   1.1229968e+02   5.1250151e-01
   1.9920000e+03   1.1328751e+02   4.5545355e-01
   1.9930000e+03   1.1367179e+02   4.1270910e-01
   1.9940000e+03   1.1437530e+02   3.9741610e-01
   1.9950000e+03   1.1483064e+02   3.8147358e-01
   1.9960000e+03   1.1525735e+02   3.6481570e-01
   1.9970000e+03   1.1596944e+02   3.4874235e-01
   1.9980000e+03   1.1701664e+02   3.3038428e-01
   1.9990000e+03   1.1779851e+02   3.1107885e-01
   2.0000000e+03   1.1879702e+02   2.9059861e-01
   2.0010000e+03   1.2025474e+02   2.6455874e-01
   2.0020000e+03   1.2133411e+02   1.9828211e-01
   2.0030000e+03   1.2192246e+02   1.9265526e-01
   2.0040000e+03   1.2222092e+02   1.9361902e-01
   2.0050000e+03   1.2297171e+02   1.9818272e-01
   2.0060000e+03   1.2378196e+02   1.9926326e-01
   2.0070000e+03   1.2485917e+02   2.2313880e-01
   2.0080000e+03   1.2535666e+02   2.4496712e-01
   2.0090000e+03   1.2604861e+02   2.6865861e-01
   2.0100000e+03   1.2709691e+02   2.9062171e-01
   2.0110000e+03   1.2810174e+02   3.1100473e-01
   2.0120000e+03   1.2968876e+02   3.3526391e-01
   2.0130000e+03   1.3125500e+02   5.3338054e-01
   2.0140000e+03   1.3295791e+02   6.5106565e-01
   2.0150000e+03   1.3430438e+02   7.2329719e-01
   2.0160000e+03   1.3551168e+02   7.3859059e-01
   2.0170000e+03   1.3684470e+02   7.4697512e-01
   2.0180000e+03   1.3887537e+02   7.8254854e-01
   2.0190000e+03   1.4034839e+02   7.9081802e-01
   2.0200000e+03   1.4166865e+02   7.9860479e-01
   2.0210000e+03   1.4353842e+02   8.0686115e-01
   2.0220000e+03   1.4551439e+02   8.1518094e-01
   2.0230000e+03   1.4795787e+02   8.2326427e-01
   2.0240000e+03   1.4985075e+02   8.3142805e-01
   2.0250000e+03   1.5165348e+02   8.4055904e-01
   2.0260000e+03   1.5362103e+02   8.4892124e-01
   2.0270000e+03   1.5570769e+02   8.5669723e-01
   2.0280000e+03   1.5743855e+02   8.6393140e-01
   2.0290000e+03   1.5926116e+02   8.7107059e-01
   2.0300000e+03   1.6104251e+02   8.7829684e-01
   2.0310000e+03   1.6299880e+02   8.8541199e-01
   2.0320000e+03   1.6555388e+02   8.9248172e-01
   2.0330000e+03   1.6772678e+02   8.9947111e-01
   2.0340000e+03   1.7044548e+02   9.0653385e-01
   2.0350000e+03   1.7317680e+02   9.1343018e-01
   2.0360000e+03   1.7556668e+02   9.2029417e-01
   2.0370000e+03   1.7807770e+02   9.2708852e-01
   2.0380000e+03   1.8063809e+02   9.3383475e-01
   2.0390000e+03   1.8334720e+02   9.4073465e-01
   2.0400000e+03   1.8601408e+02   9.4745636e-01
   2.0410000e+03   1.8857138e+02   9.5409747e-01
   2.0420000e+03   1.9139338e+02   9.6085375e-01
   2.0430000e+03   1.9347428e+02   9.6738018e-01
   2.0440000e+03   1.9647948e+02   1.2865633e+00
   2.0450000e+03   1.9929549e+02   1.2915188e+00
   2.0460000e+03   2.0142087e+02   1.2963515e+00
   2.0470000e+03   2.0362674e+02   1.3011723e+00
   2.0480000e+03   2.0637517e+02   1.3061359e+00
   2.0490000e+03   2.0885528e+02   1.3109050e+00
   2.0500000e+03   2.1164063e+02   1.5361840e+00
   2.0510000e+03   2.1422151e+02   1.7309315e+00
   2.0520000e+03   2.1653761e+02   1.7346277e+00
   2.0530000e+03   2.1883977e+02   1.7382787e+00
   2.0540000e+03   2.2106344e+02   2.1255145e+00
   2.0550000e+03   2.2317860e+02   2.1284985e+00
   2.0560000e+03   2.2503313e+02   2.1315057e+00
   2.0570000e+03   2.2726716e+02   2.1344757e+00
   2.0580000e+03   2.2949658e+02   2.2565129e+00
   2.0590000e+03   2.3155476e+02   2.2592461e+00
   2.0600000e+03   2.3368851e+02   2.2620172e+00
   2.0610000e+03   2.3589812e+02   2.2647665e+00
   2.0620000e+03   2.3873807e+02   2.2676246e+00
   2.0630000e+03   2.4083959e+02   2.2703692e+00
   2.0640000e+03   2.4335493e+02   2.2731634e+00
   2.0650000e+03   2.4584021e+02   2.2759434e+00
   2.0660000e+03   2.4821754e+02   2.2788126e+00
   2.0670000e+03   2.5077047e+02   2.2816300e+00
   2.0680000e+03   2.5339730e+02   2.2845597e+00
   2.0690000e+03   2.5595449e+02   2.2875661e+00
   2.0700000e+03   2.5826645e+02   2.2903321e+00
   2.0710000e+03   2.6049118e+02   2.2931891e+00
   2.0720000e+03   2.6300970e+02   2.2962230e+00
   2.0730000e+03   2.6561870e+02   2.2993240e+00
   2.0740000e+03   2.6798728e+02   2.3024792e+00
   2.0750000e+03   2.7028961e+02   2.3057057e+00
   2.0760000e+03   2.7236779e+02   2.3090945e+00
   2.0770000e+03   2.7472823e+02   2.3130952e+00
   2.0780000e+03   2.7696703e+02   2.3180404e+00
   2.0790000e+03   2.7861713e+02   2.3205666e+00
   2.0800000e+03   2.8075700e+02   2.3231377e+00
   2.0810000e+03   2.8291102e+02   2.3256747e+00
   2.0820000e+03   2.8487993e+02   2.3281684e+00
   2.0830000e+03   2.8663627e+02   2.3306672e+00
   2.0840000e+03   2.8839421e+02   2.3331435e+00
   2.0850000e+03   2.9039938e+02   2.3356150e+00
   2.0860000e+03   2.9226600e+02   2.3380850e+00
   2.0870000e+03   2.9424456e+02   2.3405764e+00
   2.0880000e+03   2.9614653e+02   2.3430743e+00
   2.0890000e+03   2.9816167e+02   2.3455481e+00
   2.0900000e+03   3.0000243e+02   2.3480081e+00
   2.0910000e+03   3.0185627e+02   2.3504644e+00
   2.0920000e+03   3.0365940e+02   2.3529881e+00
   2.0930000e+03   3.0554794e+02   2.3554350e+00
   2.0940000e+03   3.0734594e+02   2.3579138e+00
   2.0950000e+03   3.0899949e+02   2.3603440e+00
   2.0960000e+03   3.1081806e+02   2.3628410e+00
   2.0970000e+03   3.1257672e+02   2.3653329e+00
   2.0980000e+03   3.1434299e+02   2.3678242e+00
   2.0990000e+03   3.1607193e+02   2.3702930e+00
   2.1000000e+03   3.1760037e+02   2.3726856e+00
   2.1010000e+03             NaN             NaN
   2.1020000e+03             NaN             NaN
   2.1030000e+03             NaN             NaN
   2.1040000e+03             NaN             NaN
   2.1050000e+03             NaN             NaN
   2.1060000e+03             NaN             NaN
   2.1070000e+03             NaN             NaN
   2.1080000e+03             NaN             NaN
   2.1090000e+03             NaN             NaN
   2.1100000e+03             NaN             NaN
   2.1110000e+03             NaN             NaN
   2.1120000e+03             NaN             NaN
   2.1130000e+03             NaN             NaN
   2.1140000e+03             NaN             NaN
   2.1150000e+03             NaN             NaN
   2.1160000e+03             NaN             NaN
   2.1170000e+03             NaN             NaN
   2.1180000e+03             NaN             NaN
   2.1190000e+03             NaN             NaN
   2.1200000e+03             NaN             NaN
   2.1210000e+03             NaN             NaN
   2.1220000e+03             NaN             NaN
   2.1230000e+03             NaN             NaN
   2.1240000e+03             NaN             NaN
   2.1250000e+03             NaN             NaN
   2.1260000e+03             NaN             NaN
   2.1270000e+03             NaN             NaN
   2.1280000e+03             NaN             NaN
   2.1290000e+03             NaN             NaN
   2.1300000e+03             NaN             NaN
   2.1310000e+03             NaN             NaN
   2.1320000e+03             NaN             NaN
   2.1330000e+03             NaN             NaN
   2.1340000e+03             NaN             NaN
   2.1350000e+03             NaN             NaN
   2.1360000e+03             NaN             NaN
   2.1370000e+03             NaN             NaN
   2.1380000e+03             NaN             NaN
   2.1390000e+03             NaN             NaN
   2.1400000e+03             NaN             NaN
   2.1410000e+03             NaN             NaN
   2.1420000e+03             NaN             NaN
   2.1430000e+03             NaN             NaN
   2.1440000e+03             NaN             NaN
   2.1450000e+03             NaN             NaN
   2.1460000e+03             NaN             NaN
   2.1470000e+03             NaN             NaN
   2.1480000e+03             NaN             NaN
   2.1490000e+03             NaN             NaN
   2.1500000e+03             NaN             NaN
   2.1510000e+03             NaN             NaN
   2.1520000e+03             NaN             NaN
   2.1530000e+03             NaN             NaN
   2.1540000e+03             NaN             NaN
   2.1550000e+03             NaN             NaN
   2.1560000e+03             NaN             NaN
   2.1570000e+03             NaN             NaN
   2.1580000e+03             NaN             NaN
   2.1590000e+03             NaN             NaN
   2.1600000e+03             NaN             NaN
   2.1610000e+03             NaN             NaN
   2.1620000e+03             NaN             NaN
   2.1630000e+03             NaN             NaN
   2.1640000e+03             NaN             NaN
   2.1650000e+03             NaN             NaN
   2.1660000e+03             NaN             NaN
   2.1670000e+03             NaN             NaN
   2.1680000e+03             NaN             NaN
   2.1690000e+03             NaN             NaN
   2.1700000e+03             NaN             NaN
   2.1710000e+03             NaN             NaN
   2.1720000e+03             NaN             NaN
   2.1730000e+03             NaN             NaN
   2.1740000e+03             NaN             NaN
   2.1750000e+03             NaN             NaN
   2.1760000e+03             NaN             NaN
   2.1770000e+03             NaN             NaN
   2.1780000e+03             NaN             NaN
   2.1790000e+03             NaN             NaN
   2.1800000e+03             NaN             NaN
   2.1810000e+03             NaN             NaN
   2.1820000e+03             NaN             NaN
   2.1830000e+03             NaN             NaN
   2.1840000e+03             NaN             NaN
   2.1850000e+03             NaN             NaN
   2.1860000e+03             NaN             NaN
   2.1870000e+03             NaN             NaN
   2.1880000e+03             NaN             NaN
   2.1890000e+03             NaN             NaN
   2.1900000e+03             NaN             NaN
   2.1910000e+03             NaN             NaN
   2.1920000e+03             NaN             NaN
   2.1930000e+03             NaN             NaN
   2.1940000e+03             NaN             NaN
   2.1950000e+03             NaN             NaN
   2.1960000e+03             NaN             NaN
   2.1970000e+03             NaN             NaN
   2.1980000e+03             NaN             NaN
   2.1990000e+03             NaN             NaN
   2.2000000e+03             NaN             NaN
   2.2010000e+03             NaN             NaN
   2.2020000e+03             NaN             NaN
   2.2030000e+03             NaN             NaN
   2.2040000e+03             NaN             NaN
   2.2050000e+03             NaN             NaN
   2.2060000e+03             NaN             NaN
   2.2070000e+03             NaN             NaN
   2.2080000e+03             NaN             NaN
   2.2090000e+03             NaN             NaN
   2.2100000e+03             NaN             NaN
   2.2110000e+03             NaN             NaN
   2.2120000e+03             NaN             NaN
   2.2130000e+03             NaN             NaN
   2.2140000e+03             NaN             NaN
   2.2150000e+03             NaN             NaN
   2.2160000e+03             NaN             NaN
   2.2170000e+03             NaN             NaN
   2.2180000e+03             NaN             NaN
   2.2190000e+03             NaN             NaN
   2.2200000e+03             NaN             NaN
   2.2210000e+03             NaN             NaN
   2.2220000e+03             NaN             NaN
   2.2230000e+03             NaN             NaN
   2.2240000e+03             NaN             NaN
   2.2250000e+03             NaN             NaN
   2.2260000e+03             NaN             NaN
   2.2270000e+03             NaN             NaN
   2.2280000e+03             NaN             NaN
   2.2290000e+03             NaN             NaN
   2.2300000e+03             NaN             NaN
   2.2310000e+03             NaN             NaN
   2.2320000e+03             NaN             NaN
   2.2330000e+03             NaN             NaN
   2.2340000e+03             NaN             NaN
   2.2350000e+03             NaN             NaN
   2.2360000e+03             NaN             NaN
   2.2370000e+03             NaN             NaN
   2.2380000e+03             NaN             NaN
   2.2390000e+03             NaN             NaN
   2.2400000e+03             NaN             NaN
   2.2410000e+03             NaN             NaN
   2.2420000e+03             NaN             NaN
   2.2430000e+03             NaN             NaN
   2.2440000e+03             NaN             NaN
   2.2450000e+03             NaN             NaN
   2.2460000e+03             NaN             NaN
   2.2470000e+03             NaN             NaN
   2.2480000e+03             NaN             NaN
   2.2490000e+03             NaN             NaN
   2.2500000e+03             NaN             NaN
   2.2510000e+03             NaN             NaN
   2.2520000e+03             NaN             NaN
   2.2530000e+03             NaN             NaN
   2.2540000e+03             NaN             NaN
   2.2550000e+03             NaN             NaN
   2.2560000e+03             NaN             NaN
   2.2570000e+03             NaN             NaN
   2.2580000e+03             NaN             NaN
   2.2590000e+03             NaN             NaN
   2.2600000e+03             NaN             NaN
   2.2610000e+03             NaN             NaN
   2.2620000e+03             NaN             NaN
   2.2630000e+03             NaN             NaN
   2.2640000e+03             NaN             NaN
   2.2650000e+03             NaN             NaN
   2.2660000e+03             NaN             NaN
   2.2670000e+03             NaN             NaN
   2.2680000e+03             NaN             NaN
   2.2690000e+03             NaN             NaN
   2.2700000e+03             NaN             NaN
   2.2710000e+03             NaN             NaN
   2.2720000e+03             NaN             NaN
   2.2730000e+03             NaN             NaN
   2.2740000e+03             NaN             NaN
   2.2750000e+03             NaN             NaN
   2.2760000e+03             NaN             NaN
   2.2770000e+03             NaN             NaN
   2.2780000e+03             NaN             NaN
   2.2790000e+03             NaN             NaN
   2.2800000e+03             NaN             NaN
   2.2810000e+03             NaN             NaN
   2.2820000e+03             NaN             NaN
   2.2830000e+03             NaN             NaN
   2.2840000e+03             NaN             NaN
   2.2850000e+03             NaN             NaN
   2.2860000e+03             NaN             NaN
   2.2870000e+03             NaN             NaN
   2.2880000e+03             NaN             NaN
   2.2890000e+03             NaN             NaN
   2.2900000e+03             NaN             NaN
   2.2910000e+03             NaN             NaN
   2.2920000e+03             NaN             NaN
   2.2930000e+03             NaN             NaN
   2.2940000e+03             NaN             NaN
   2.2950000e+03             NaN             NaN
   2.2960000e+03             NaN             NaN
   2.2970000e+03             NaN             NaN
   2.2980000e+03             NaN             NaN
   2.2990000e+03             NaN             NaN
   2.3000000e+03             NaN             NaN
