   1.8500000e+03             NaN             NaN
   1.8510000e+03   5.4988289e-01   2.2517424e+00
   1.8520000e+03   1.1150671e+00   2.2230497e+00
   1.8530000e+03   1.6433017e+00   2.2016618e+00
   1.8540000e+03   2.3311611e+00   2.1808301e+00
   1.8550000e+03   2.8808824e+00   2.0941872e+00
   1.8560000e+03   3.9995481e+00   2.0563013e+00
   1.8570000e+03   4.4223425e+00   2.0329337e+00
   1.8580000e+03   4.4303976e+00   2.0251400e+00
   1.8590000e+03   4.6251863e+00   2.0219809e+00
   1.8600000e+03   4.5866923e+00   2.0187280e+00
   1.8610000e+03   4.8266181e+00   2.0155625e+00
   1.8620000e+03   5.6976639e+00   2.0089939e+00
   1.8630000e+03   5.6515164e+00   1.9989681e+00
   1.8640000e+03   6.2297085e+00   1.9922691e+00
   1.8650000e+03   6.8800550e+00   1.9632259e+00
   1.8660000e+03   8.2505319e+00   1.9559316e+00
   1.8670000e+03   8.6064325e+00   1.9423705e+00
   1.8680000e+03   9.1610200e+00   1.9389087e+00
   1.8690000e+03   9.9893152e+00   1.9317829e+00
   1.8700000e+03   1.0283051e+01   1.9180654e+00
   1.8710000e+03   1.0588553e+01   1.9143912e+00
   1.8720000e+03   1.0889720e+01   1.9107508e+00
   1.8730000e+03   1.1147390e+01   1.9073777e+00
   1.8740000e+03   1.1673888e+01   1.9033541e+00
   1.8750000e+03   1.2037161e+01   1.8968646e+00
   1.8760000e+03   1.2243959e+01   1.8904259e+00
   1.8770000e+03   1.2916211e+01   1.8816658e+00
   1.8780000e+03   1.3186601e+01   1.8607328e+00
   1.8790000e+03   1.3983997e+01   1.8552705e+00
   1.8800000e+03   1.4352231e+01   1.8325963e+00
   1.8810000e+03   1.5631299e+01   1.8291095e+00
   1.8820000e+03   1.6305200e+01   1.7531261e+00
   1.8830000e+03   1.6299001e+01   1.7319155e+00
   1.8840000e+03   1.5764038e+01   1.7180936e+00
   1.8850000e+03   1.5875281e+01   1.7143796e+00
   1.8860000e+03   1.6395101e+01   1.7069060e+00
   1.8870000e+03   1.6505388e+01   1.6708863e+00
   1.8880000e+03   1.6843118e+01   1.6405012e+00
   1.8890000e+03   1.7256419e+01   1.6270910e+00
   1.8900000e+03   1.8075965e+01   1.5946357e+00
   1.8910000e+03   1.8023955e+01   1.5837298e+00
   1.8920000e+03   1.8450332e+01   1.5797061e+00
   1.8930000e+03   1.8529210e+01   1.5719985e+00
   1.8940000e+03   1.9170683e+01   1.5678524e+00
   1.8950000e+03   1.9237927e+01   1.5422021e+00
   1.8960000e+03   1.9727037e+01   1.5380459e+00
   1.8970000e+03   2.0649454e+01   1.5241199e+00
   1.8980000e+03   2.0783236e+01   1.4955918e+00
   1.8990000e+03   2.0938441e+01   1.4912236e+00
   1.9000000e+03   2.1134596e+01   1.4800143e+00
   1.9010000e+03   2.1309474e+01   1.4756456e+00
   1.9020000e+03   2.1501041e+01   1.4584876e+00
   1.9030000e+03   2.1907462e+01   1.4459371e+00
   1.9040000e+03   2.2606575e+01   1.4341234e+00
   1.9050000e+03   2.3227807e+01   1.4179102e+00
   1.9060000e+03   2.3797080e+01   1.3961506e+00
   1.9070000e+03   2.3757973e+01   1.3851418e+00
   1.9080000e+03   2.3482443e+01   1.3810757e+00
   1.9090000e+03   2.3329282e+01   1.3764787e+00
   1.9100000e+03   2.3424275e+01   1.3692119e+00
   1.9110000e+03   2.3988876e+01   1.3645102e+00
   1.9120000e+03   2.4359388e+01   1.3595758e+00
   1.9130000e+03   2.4740331e+01   1.3477764e+00
   1.9140000e+03   2.4971133e+01   1.3430794e+00
   1.9150000e+03   2.5560059e+01   1.3317060e+00
   1.9160000e+03   2.6134538e+01   1.3267501e+00
   1.9170000e+03   2.6277998e+01   1.3186197e+00
   1.9180000e+03   2.6703234e+01   1.3135991e+00
   1.9190000e+03   2.7341028e+01   1.3055102e+00
   1.9200000e+03   2.8019437e+01   1.2653292e+00
   1.9210000e+03   2.8436154e+01   1.2582404e+00
   1.9220000e+03   2.8919042e+01   1.2373652e+00
   1.9230000e+03   2.9437190e+01   1.2322436e+00
   1.9240000e+03   2.9545109e+01   1.2168206e+00
   1.9250000e+03   3.0215543e+01   1.2113551e+00
   1.9260000e+03   3.0658568e+01   1.2059359e+00
   1.9270000e+03   3.0876374e+01   1.1974518e+00
   1.9280000e+03   3.1075302e+01   1.1920478e+00
   1.9290000e+03   3.1545420e+01   1.1788355e+00
   1.9300000e+03   3.1903645e+01   1.1718455e+00
   1.9310000e+03   3.2046029e+01   1.1663027e+00
   1.9320000e+03   3.2686262e+01   1.1607601e+00
   1.9330000e+03   3.3019884e+01   1.1557959e+00
   1.9340000e+03   3.3230378e+01   1.1504844e+00
   1.9350000e+03   3.4372921e+01   1.1448071e+00
   1.9360000e+03   3.5461413e+01   1.1298543e+00
   1.9370000e+03   3.6001775e+01   1.1239981e+00
   1.9380000e+03   3.6439396e+01   1.1183419e+00
   1.9390000e+03   3.6476612e+01   1.1031949e+00
   1.9400000e+03   3.6745956e+01   1.0961917e+00
   1.9410000e+03   3.7220779e+01   1.0588124e+00
   1.9420000e+03   3.7698002e+01   1.0514124e+00
   1.9430000e+03   3.7921551e+01   1.0442252e+00
   1.9440000e+03   3.8149257e+01   1.0309904e+00
   1.9450000e+03   3.8482106e+01   1.0231026e+00
   1.9460000e+03   3.8554424e+01   1.0006344e+00
   1.9470000e+03   3.9243762e+01   9.9429194e-01
   1.9480000e+03   3.9506189e+01   9.8788820e-01
   1.9490000e+03   3.9898427e+01   9.8150984e-01
   1.9500000e+03   4.0407024e+01   9.6220257e-01
   1.9510000e+03   4.0755569e+01   9.5554923e-01
   1.9520000e+03   4.0744358e+01   9.4462328e-01
   1.9530000e+03   4.0951873e+01   9.3423061e-01
   1.9540000e+03   4.1597977e+01   9.2747899e-01
   1.9550000e+03   4.2205314e+01   9.1602802e-01
   1.9560000e+03   4.2689185e+01   9.0901922e-01
   1.9570000e+03   4.2717903e+01   8.9364066e-01
   1.9580000e+03   4.3044529e+01   8.8777525e-01
   1.9590000e+03   4.3562392e+01   8.8057303e-01
   1.9600000e+03   4.3702216e+01   8.7125872e-01
   1.9610000e+03   4.4498620e+01   8.6405329e-01
   1.9620000e+03   4.5205538e+01   8.3571408e-01
   1.9630000e+03   4.5959227e+01   8.1670687e-01
   1.9640000e+03   4.6445468e+01   7.9950044e-01
   1.9650000e+03   4.7005940e+01   7.9167405e-01
   1.9660000e+03   4.7268751e+01   7.8038731e-01
   1.9670000e+03   4.7835986e+01   7.6942594e-01
   1.9680000e+03   4.8965318e+01   7.6114986e-01
   1.9690000e+03   4.9565281e+01   7.2390445e-01
   1.9700000e+03   4.9792431e+01   7.1525392e-01
   1.9710000e+03   5.0256242e+01   7.0645205e-01
   1.9720000e+03   5.1018892e+01   6.9748208e-01
   1.9730000e+03   5.1806021e+01   6.8826879e-01
   1.9740000e+03   5.2734530e+01   6.7914243e-01
   1.9750000e+03   5.3701312e+01   6.7093878e-01
   1.9760000e+03   5.4518234e+01   6.6145081e-01
   1.9770000e+03   5.5248200e+01   6.5098822e-01
   1.9780000e+03   5.5818716e+01   6.3563111e-01
   1.9790000e+03   5.6692276e+01   6.2553478e-01
   1.9800000e+03   5.7320278e+01   6.1322394e-01
   1.9810000e+03   5.9057226e+01   6.0261505e-01
   1.9820000e+03   6.0276862e+01   5.8644292e-01
   1.9830000e+03   6.1305907e+01   5.7413988e-01
   1.9840000e+03   6.2375303e+01   5.6099005e-01
   1.9850000e+03   6.3412668e+01   5.4935832e-01
   1.9860000e+03   6.4912757e+01   5.2777917e-01
   1.9870000e+03   6.6325955e+01   5.1295984e-01
   1.9880000e+03   6.7228310e+01   4.7303175e-01
   1.9890000e+03   6.8502914e+01   4.5315461e-01
   1.9900000e+03   6.9703545e+01   4.3917132e-01
   1.9910000e+03   7.0710663e+01   4.2480072e-01
   1.9920000e+03   7.1218940e+01   4.0990710e-01
   1.9930000e+03   7.1462377e+01   3.9452994e-01
   1.9940000e+03   7.2667030e+01   3.7888623e-01
   1.9950000e+03   7.3021037e+01   3.6214914e-01
   1.9960000e+03   7.4204063e+01   3.4488383e-01
   1.9970000e+03   7.5034762e+01   3.2467861e-01
   1.9980000e+03   7.5683411e+01   3.0515250e-01
   1.9990000e+03   7.6423254e+01   2.8423111e-01
   2.0000000e+03   7.7280427e+01   2.5889419e-01
   2.0010000e+03   7.7991210e+01   2.3418817e-01
   2.0020000e+03   7.9099073e+01   2.0363602e-01
   2.0030000e+03   8.0007394e+01   2.0219790e-01
   2.0040000e+03   8.1435879e+01   1.9789103e-01
   2.0050000e+03   8.2181423e+01   1.9851045e-01
   2.0060000e+03   8.3713809e+01   1.9955877e-01
   2.0070000e+03   8.5142052e+01   2.2355946e-01
   2.0080000e+03   8.5875628e+01   2.4516987e-01
   2.0090000e+03   8.6955005e+01   2.6886676e-01
   2.0100000e+03   8.8037004e+01   2.9079894e-01
   2.0110000e+03   8.9182552e+01   3.1134342e-01
   2.0120000e+03   9.0614692e+01   3.3056023e-01
   2.0130000e+03   9.2016379e+01   3.4881233e-01
   2.0140000e+03   9.4207501e+01   3.7253902e-01
   2.0150000e+03   9.5862690e+01   4.1031272e-01
   2.0160000e+03   9.7140879e+01   4.2521364e-01
   2.0170000e+03   9.8293408e+01   4.3955374e-01
   2.0180000e+03   9.9526639e+01   4.5310789e-01
   2.0190000e+03   1.0052062e+02   4.6648786e-01
   2.0200000e+03   1.0173222e+02   4.8902184e-01
   2.0210000e+03   1.0307064e+02   5.0147118e-01
   2.0220000e+03   1.0465237e+02   5.1421172e-01
   2.0230000e+03   1.0561497e+02   5.2610180e-01
   2.0240000e+03   1.0675524e+02   5.3766973e-01
   2.0250000e+03   1.0795557e+02   5.4898578e-01
   2.0260000e+03   1.0932248e+02   5.6020186e-01
   2.0270000e+03   1.1034236e+02   5.7117138e-01
   2.0280000e+03   1.1174979e+02   5.8275264e-01
   2.0290000e+03   1.1383406e+02   5.9354758e-01
   2.0300000e+03   1.1459649e+02   6.0379214e-01
   2.0310000e+03   1.1589091e+02   6.1403652e-01
   2.0320000e+03   1.1768810e+02   6.2392817e-01
   2.0330000e+03   1.1956629e+02   6.3657919e-01
   2.0340000e+03   1.2080637e+02   6.5327636e-01
   2.0350000e+03   1.2225496e+02   6.7140998e-01
   2.0360000e+03   1.2365054e+02   6.8513948e-01
   2.0370000e+03   1.2524316e+02   7.6481547e-01
   2.0380000e+03   1.2695610e+02   8.9037208e-01
   2.0390000e+03   1.2870851e+02   9.0203887e-01
   2.0400000e+03   1.3038023e+02   9.2301395e-01
   2.0410000e+03   1.3188378e+02   9.2967598e-01
   2.0420000e+03   1.3321010e+02   9.3630064e-01
   2.0430000e+03   1.3459719e+02   1.1862353e+00
   2.0440000e+03   1.3606108e+02   1.2008343e+00
   2.0450000e+03   1.3777296e+02   1.3450499e+00
   2.0460000e+03   1.3889399e+02   1.3496443e+00
   2.0470000e+03   1.4043118e+02   1.3542900e+00
   2.0480000e+03   1.4167488e+02   1.3814353e+00
   2.0490000e+03   1.4260718e+02   1.3859469e+00
   2.0500000e+03   1.4401671e+02   1.3903930e+00
   2.0510000e+03   1.4583470e+02   1.3994691e+00
   2.0520000e+03   1.4734318e+02   1.4041164e+00
   2.0530000e+03   1.4897222e+02   1.4085683e+00
   2.0540000e+03   1.5041037e+02   1.4132079e+00
   2.0550000e+03   1.5189364e+02   1.4177005e+00
   2.0560000e+03   1.5362226e+02   1.4223543e+00
   2.0570000e+03   1.5505236e+02   1.4267628e+00
   2.0580000e+03   1.5696901e+02   1.8781461e+00
   2.0590000e+03   1.5881095e+02   1.8827154e+00
   2.0600000e+03   1.6038378e+02   1.8860576e+00
   2.0610000e+03   1.6141921e+02   1.8893383e+00
   2.0620000e+03   1.6298638e+02   1.9376405e+00
   2.0630000e+03   1.6462967e+02   1.9410790e+00
   2.0640000e+03   1.6669392e+02   1.9867689e+00
   2.0650000e+03   1.6812168e+02   1.9897985e+00
   2.0660000e+03   1.6929352e+02   1.9932737e+00
   2.0670000e+03   1.7074679e+02   1.9962795e+00
   2.0680000e+03   1.7231866e+02   1.9992747e+00
   2.0690000e+03   1.7370342e+02   2.0027940e+00
   2.0700000e+03   1.7538742e+02   2.0058257e+00
   2.0710000e+03   1.7679333e+02   2.0090898e+00
   2.0720000e+03   1.7780260e+02   2.0120461e+00
   2.0730000e+03   1.7912449e+02   2.0150112e+00
   2.0740000e+03   1.8070231e+02   2.0179815e+00
   2.0750000e+03   1.8243072e+02   2.0215502e+00
   2.0760000e+03   1.8371204e+02   2.0248008e+00
   2.0770000e+03   1.8554266e+02   2.0281597e+00
   2.0780000e+03   1.8715861e+02   2.0311049e+00
   2.0790000e+03   1.8811002e+02   2.0340273e+00
   2.0800000e+03   1.8955693e+02   2.0369464e+00
   2.0810000e+03   1.9103136e+02   2.0398631e+00
   2.0820000e+03   1.9246781e+02   2.0427947e+00
   2.0830000e+03   1.9422654e+02   2.0460683e+00
   2.0840000e+03   1.9531917e+02   2.0489588e+00
   2.0850000e+03   1.9643241e+02   2.0518591e+00
   2.0860000e+03   1.9745978e+02   2.0547402e+00
   2.0870000e+03   1.9854240e+02   2.0576154e+00
   2.0880000e+03   1.9989579e+02   2.0608448e+00
   2.0890000e+03   2.0102115e+02   2.0637073e+00
   2.0900000e+03   2.0219440e+02   2.0665809e+00
   2.0910000e+03   2.0359662e+02   2.0694727e+00
   2.0920000e+03   2.0506302e+02   2.0723630e+00
   2.0930000e+03   2.0593652e+02   2.0751969e+00
   2.0940000e+03   2.0720000e+02   2.0780628e+00
   2.0950000e+03   2.0835416e+02   2.0808949e+00
   2.0960000e+03   2.0960079e+02   2.0837565e+00
   2.0970000e+03   2.1076697e+02   2.0866025e+00
   2.0980000e+03   2.1178126e+02   2.0894535e+00
   2.0990000e+03   2.1254268e+02   2.0922634e+00
   2.1000000e+03   2.1366105e+02   2.0953806e+00
   2.1010000e+03   2.1503007e+02   2.0985176e+00
   2.1020000e+03   2.1616877e+02   2.1013202e+00
   2.1030000e+03   2.1750731e+02   2.1041496e+00
   2.1040000e+03   2.1892765e+02   2.1069764e+00
   2.1050000e+03   2.2006766e+02   2.1097634e+00
   2.1060000e+03   2.2162307e+02   2.1129317e+00
   2.1070000e+03   2.2283462e+02   2.1157455e+00
   2.1080000e+03   2.2427202e+02   2.1188873e+00
   2.1090000e+03   2.2566798e+02   2.1220111e+00
   2.1100000e+03   2.2706974e+02   2.1252151e+00
   2.1110000e+03   2.2842984e+02   2.1284397e+00
   2.1120000e+03   2.2941627e+02   2.1312092e+00
   2.1130000e+03   2.3050981e+02   2.1340191e+00
   2.1140000e+03   2.3181535e+02   2.1367944e+00
   2.1150000e+03   2.3336217e+02   2.1399177e+00
   2.1160000e+03   2.3408497e+02   2.1426719e+00
   2.1170000e+03   2.3531856e+02   2.1454316e+00
   2.1180000e+03   2.3636415e+02   2.1482098e+00
   2.1190000e+03   2.3753317e+02   2.1509722e+00
   2.1200000e+03   2.3895872e+02   2.1540907e+00
   2.1210000e+03   2.4060498e+02   2.1569116e+00
   2.1220000e+03   2.4195632e+02   2.1596920e+00
   2.1230000e+03   2.4278211e+02   2.1624186e+00
   2.1240000e+03   2.4391327e+02   2.1651628e+00
   2.1250000e+03   2.4490191e+02   2.1679224e+00
   2.1260000e+03   2.4599886e+02   2.1706415e+00
   2.1270000e+03   2.4730200e+02   2.1734185e+00
   2.1280000e+03   2.4849102e+02   2.1761857e+00
   2.1290000e+03   2.5001032e+02   2.1790083e+00
   2.1300000e+03   2.5143611e+02   2.1818114e+00
   2.1310000e+03   2.5240551e+02   2.1845481e+00
   2.1320000e+03   2.5343096e+02   2.1873377e+00
   2.1330000e+03   2.5468041e+02   2.1901460e+00
   2.1340000e+03   2.5593906e+02   2.1929810e+00
   2.1350000e+03   2.5724166e+02   2.1960947e+00
   2.1360000e+03   2.5817332e+02   2.1988776e+00
   2.1370000e+03   2.5925229e+02   2.2016934e+00
   2.1380000e+03   2.6005442e+02   2.2044631e+00
   2.1390000e+03   2.6081267e+02   2.2072477e+00
   2.1400000e+03   2.6182263e+02   2.2100726e+00
   2.1410000e+03   2.6275317e+02   2.2129046e+00
   2.1420000e+03   2.6384532e+02   2.2158226e+00
   2.1430000e+03   2.6473623e+02   2.2186767e+00
   2.1440000e+03   2.6589398e+02   2.2216191e+00
   2.1450000e+03   2.6700568e+02   2.2245462e+00
   2.1460000e+03   2.6814082e+02   2.2274486e+00
   2.1470000e+03   2.6900557e+02   2.2300286e+00
   2.1480000e+03   2.7029452e+02   2.2333712e+00
   2.1490000e+03   2.7138074e+02   2.2363849e+00
   2.1500000e+03   2.7276360e+02   2.2394281e+00
   2.1510000e+03   2.7384963e+02   2.2428654e+00
   2.1520000e+03   2.7485443e+02   2.2459901e+00
   2.1530000e+03   2.7572484e+02   2.2491432e+00
   2.1540000e+03   2.7667026e+02   2.2521776e+00
   2.1550000e+03   2.7775651e+02   2.2555244e+00
   2.1560000e+03   2.7853672e+02   2.2586389e+00
   2.1570000e+03   2.7968555e+02   2.2618889e+00
   2.1580000e+03   2.8077878e+02   2.2651670e+00
   2.1590000e+03   2.8142875e+02   2.2684642e+00
   2.1600000e+03   2.8250291e+02   2.2717668e+00
   2.1610000e+03   2.8333620e+02   2.2743288e+00
   2.1620000e+03   2.8408661e+02   2.2768980e+00
   2.1630000e+03   2.8496581e+02   2.2809745e+00
   2.1640000e+03   2.8592853e+02   2.2847844e+00
   2.1650000e+03   2.8683324e+02   2.2880129e+00
   2.1660000e+03   2.8757685e+02   2.2905164e+00
   2.1670000e+03   2.8857516e+02   2.2929853e+00
   2.1680000e+03   2.8955299e+02   2.2972777e+00
   2.1690000e+03   2.9036648e+02   2.3007087e+00
   2.1700000e+03   2.9127703e+02   2.3031659e+00
   2.1710000e+03   2.9200660e+02   2.3059849e+00
   2.1720000e+03   2.9290216e+02   2.3120433e+00
   2.1730000e+03   2.9374838e+02   2.3171170e+00
   2.1740000e+03   2.9449498e+02   2.3195854e+00
   2.1750000e+03   2.9532510e+02   2.3220620e+00
   2.1760000e+03   2.9591448e+02   2.3244942e+00
   2.1770000e+03   2.9672121e+02   2.3285869e+00
   2.1780000e+03   2.9766605e+02   2.3310651e+00
   2.1790000e+03   2.9829382e+02   2.3335109e+00
   2.1800000e+03   2.9907458e+02   2.3363473e+00
   2.1810000e+03   2.9977303e+02   2.3387816e+00
   2.1820000e+03   3.0041752e+02   2.3412411e+00
   2.1830000e+03   3.0128818e+02   2.3437583e+00
   2.1840000e+03   3.0198433e+02   2.3462129e+00
   2.1850000e+03   3.0253456e+02   2.3485794e+00
   2.1860000e+03   3.0333211e+02   2.3510024e+00
   2.1870000e+03   3.0383033e+02   2.3534249e+00
   2.1880000e+03   3.0451026e+02   2.3558279e+00
   2.1890000e+03   3.0533412e+02   2.3582949e+00
   2.1900000e+03   3.0599630e+02   2.3607052e+00
   2.1910000e+03   3.0676158e+02   2.3635186e+00
   2.1920000e+03   3.0738945e+02   2.3659219e+00
   2.1930000e+03   3.0798466e+02   2.3682893e+00
   2.1940000e+03   3.0867292e+02   2.3707014e+00
   2.1950000e+03   3.0928929e+02   2.3730727e+00
   2.1960000e+03   3.1001597e+02   2.3754326e+00
   2.1970000e+03   3.1060433e+02   2.3778322e+00
   2.1980000e+03   3.1109793e+02   2.3801529e+00
   2.1990000e+03   3.1154530e+02   2.3824806e+00
   2.2000000e+03   3.1210937e+02   2.3849065e+00
   2.2010000e+03   3.1259212e+02   2.3872894e+00
   2.2020000e+03   3.1320060e+02   2.3896345e+00
   2.2030000e+03   3.1391484e+02   2.3920244e+00
   2.2040000e+03   3.1480070e+02   2.3945737e+00
   2.2050000e+03   3.1538344e+02   2.3968982e+00
   2.2060000e+03   3.1613233e+02   2.3992699e+00
   2.2070000e+03   3.1664895e+02   2.4016280e+00
   2.2080000e+03   3.1742537e+02   2.4040328e+00
   2.2090000e+03   3.1804681e+02   2.4064154e+00
   2.2100000e+03   3.1854475e+02   2.4087532e+00
   2.2110000e+03   3.1942190e+02   2.4112801e+00
   2.2120000e+03   3.2007476e+02   2.4135972e+00
   2.2130000e+03   3.2047580e+02   2.4158822e+00
   2.2140000e+03   3.2103105e+02   2.4181960e+00
   2.2150000e+03   3.2147741e+02   2.4205348e+00
   2.2160000e+03   3.2183091e+02   2.4228214e+00
   2.2170000e+03   3.2236218e+02   2.4251013e+00
   2.2180000e+03   3.2298307e+02   2.4274122e+00
   2.2190000e+03   3.2383299e+02   2.4297541e+00
   2.2200000e+03   3.2434457e+02   2.4320408e+00
   2.2210000e+03   3.2481807e+02   2.4343186e+00
   2.2220000e+03   3.2525219e+02   2.4366249e+00
   2.2230000e+03   3.2585598e+02   2.4390464e+00
   2.2240000e+03   3.2657862e+02   2.4413744e+00
   2.2250000e+03   3.2713334e+02   2.4436339e+00
   2.2260000e+03   3.2772612e+02   2.4458977e+00
   2.2270000e+03   3.2820215e+02   2.4481543e+00
   2.2280000e+03   3.2860122e+02   2.4504783e+00
   2.2290000e+03   3.2909640e+02   2.4528735e+00
   2.2300000e+03   3.2962424e+02   2.4551855e+00
   2.2310000e+03   3.3018095e+02   2.4575763e+00
   2.2320000e+03   3.3068774e+02   2.4599452e+00
   2.2330000e+03   3.3129807e+02   2.4622267e+00
   2.2340000e+03   3.3177785e+02   2.4645200e+00
   2.2350000e+03   3.3237936e+02   2.4668350e+00
   2.2360000e+03   3.3285372e+02   2.4691665e+00
   2.2370000e+03   3.3326468e+02   2.4714618e+00
   2.2380000e+03   3.3387958e+02   2.4738099e+00
   2.2390000e+03   3.3456328e+02   2.4763196e+00
   2.2400000e+03   3.3516738e+02   2.4785931e+00
   2.2410000e+03   3.3548971e+02   2.4808603e+00
   2.2420000e+03   3.3595047e+02   2.4831446e+00
   2.2430000e+03   3.3642824e+02   2.4855419e+00
   2.2440000e+03   3.3698688e+02   2.4878332e+00
   2.2450000e+03   3.3734581e+02   2.4900909e+00
   2.2460000e+03   3.3793291e+02   2.4924036e+00
   2.2470000e+03   3.3838865e+02   2.4946175e+00
   2.2480000e+03   3.3892223e+02   2.4969031e+00
   2.2490000e+03   3.3940091e+02   2.4991704e+00
   2.2500000e+03   3.3984912e+02   2.5014508e+00
   2.2510000e+03   3.4030127e+02   2.5038287e+00
   2.2520000e+03   3.4057668e+02   2.5060902e+00
   2.2530000e+03   3.4091306e+02   2.5083678e+00
   2.2540000e+03   3.4167952e+02   2.5107200e+00
   2.2550000e+03   3.4219362e+02   2.5132687e+00
   2.2560000e+03   3.4280501e+02   2.5156393e+00
   2.2570000e+03   3.4318555e+02   2.5178520e+00
   2.2580000e+03   3.4358905e+02   2.5201353e+00
   2.2590000e+03   3.4396602e+02   2.5224220e+00
   2.2600000e+03   3.4429623e+02   2.5246810e+00
   2.2610000e+03   3.4492113e+02   2.5269758e+00
   2.2620000e+03   3.4523898e+02   2.5292981e+00
   2.2630000e+03   3.4567698e+02   2.5315783e+00
   2.2640000e+03   3.4625180e+02   2.5339707e+00
   2.2650000e+03   3.4683255e+02   2.5363642e+00
   2.2660000e+03   3.4728959e+02   2.5387031e+00
   2.2670000e+03   3.4761750e+02   2.5420363e+00
   2.2680000e+03   3.4790668e+02   2.5442436e+00
   2.2690000e+03   3.4821714e+02   2.5465516e+00
   2.2700000e+03   3.4854504e+02   2.5488938e+00
   2.2710000e+03   3.4889117e+02   2.5511867e+00
   2.2720000e+03   3.4924530e+02   2.5535323e+00
   2.2730000e+03   3.4965315e+02   2.5558009e+00
   2.2740000e+03   3.5003412e+02   2.5581558e+00
   2.2750000e+03   3.5041907e+02   2.5604843e+00
   2.2760000e+03   3.5079077e+02   2.5628435e+00
   2.2770000e+03   3.5106392e+02   2.5651521e+00
   2.2780000e+03   3.5133623e+02   2.5674511e+00
   2.2790000e+03   3.5156017e+02   2.5697837e+00
   2.2800000e+03   3.5186865e+02   2.5721278e+00
   2.2810000e+03   3.5221669e+02   2.5745364e+00
   2.2820000e+03   3.5261386e+02   2.5768977e+00
   2.2830000e+03   3.5303350e+02   2.5793120e+00
   2.2840000e+03   3.5355813e+02   2.5817109e+00
   2.2850000e+03   3.5382066e+02   2.5841186e+00
   2.2860000e+03   3.5421103e+02   2.5865253e+00
   2.2870000e+03   3.5442883e+02   2.5888816e+00
   2.2880000e+03   3.5468195e+02   2.5912898e+00
   2.2890000e+03   3.5484078e+02   2.5935970e+00
   2.2900000e+03   3.5511377e+02   2.5960996e+00
   2.2910000e+03   3.5528911e+02   2.5984360e+00
   2.2920000e+03   3.5555021e+02   2.6008277e+00
   2.2930000e+03   3.5566028e+02   2.6032091e+00
   2.2940000e+03   3.5584665e+02   2.6056492e+00
   2.2950000e+03   3.5621597e+02   2.6080921e+00
   2.2960000e+03   3.5642499e+02   2.6105061e+00
   2.2970000e+03   3.5668811e+02   2.6126409e+00
   2.2980000e+03   3.5703234e+02   2.6149666e+00
   2.2990000e+03   3.5753257e+02   2.6174958e+00
   2.3000000e+03   3.5786179e+02   2.6200378e+00
