   1.8500000e+03             NaN             NaN
   1.8510000e+03   1.6818339e+00   7.2229650e+00
   1.8520000e+03   2.1723635e+00   6.1175913e+00
   1.8530000e+03   3.2865651e+00   6.1093645e+00
   1.8540000e+03   6.3203281e+00   4.7823855e+00
   1.8550000e+03   6.9245172e+00   2.9395868e+00
   1.8560000e+03   8.0094351e+00   2.9325393e+00
   1.8570000e+03   8.3298249e+00   2.8848876e+00
   1.8580000e+03   9.1815585e+00   2.8281622e+00
   1.8590000e+03   9.5834966e+00   2.8255621e+00
   1.8600000e+03   1.0963319e+01   2.8138801e+00
   1.8610000e+03   1.1788467e+01   2.7709668e+00
   1.8620000e+03   1.3091504e+01   2.7685578e+00
   1.8630000e+03   1.3309112e+01   2.7522295e+00
   1.8640000e+03   1.3789172e+01   2.7441084e+00
   1.8650000e+03   1.4007390e+01   2.7364841e+00
   1.8660000e+03   1.5264889e+01   2.7340451e+00
   1.8670000e+03   1.5640818e+01   2.6681078e+00
   1.8680000e+03   1.7609030e+01   2.6655984e+00
   1.8690000e+03   1.8885103e+01   2.3136172e+00
   1.8700000e+03   2.0268073e+01   2.2949581e+00
   1.8710000e+03   2.1250556e+01   2.2747200e+00
   1.8720000e+03   2.1788216e+01   2.2660138e+00
   1.8730000e+03   2.2901301e+01   2.2630845e+00
   1.8740000e+03   2.3656494e+01   2.2435015e+00
   1.8750000e+03   2.3907414e+01   2.2300142e+00
   1.8760000e+03   2.5127035e+01   2.2218545e+00
   1.8770000e+03   2.5810318e+01   2.2030323e+00
   1.8780000e+03   2.6055462e+01   2.1786942e+00
   1.8790000e+03   2.6982883e+01   2.1542319e+00
   1.8800000e+03   2.7913984e+01   2.1404585e+00
   1.8810000e+03   2.8955164e+01   2.1309440e+00
   1.8820000e+03   2.9558043e+01   2.1259651e+00
   1.8830000e+03   3.0383654e+01   2.1185990e+00
   1.8840000e+03   3.0882055e+01   2.1112590e+00
   1.8850000e+03   3.1501325e+01   2.1004951e+00
   1.8860000e+03   3.2394588e+01   2.0977720e+00
   1.8870000e+03   3.2929693e+01   2.0801332e+00
   1.8880000e+03   3.2985230e+01   2.0770268e+00
   1.8890000e+03   3.3713612e+01   2.0738208e+00
   1.8900000e+03   3.4091087e+01   2.0669131e+00
   1.8910000e+03   3.4406777e+01   2.0591336e+00
   1.8920000e+03   3.4913987e+01   2.0559046e+00
   1.8930000e+03   3.5372156e+01   2.0432768e+00
   1.8940000e+03   3.6126125e+01   2.0400149e+00
   1.8950000e+03   3.7060150e+01   2.0206834e+00
   1.8960000e+03   3.7673509e+01   2.0089881e+00
   1.8970000e+03   3.8739603e+01   2.0057251e+00
   1.8980000e+03   3.9293454e+01   1.9739416e+00
   1.8990000e+03   4.0565108e+01   1.9639707e+00
   1.9000000e+03   4.2108641e+01   1.9295339e+00
   1.9010000e+03   4.2918420e+01   1.9174419e+00
   1.9020000e+03   4.3939727e+01   1.9142492e+00
   1.9030000e+03   4.4055175e+01   1.8991846e+00
   1.9040000e+03   4.4333713e+01   1.8957532e+00
   1.9050000e+03   4.4857808e+01   1.8923273e+00
   1.9060000e+03   4.5877801e+01   1.8732073e+00
   1.9070000e+03   4.6444999e+01   1.7929396e+00
   1.9080000e+03   4.6737487e+01   1.7829076e+00
   1.9090000e+03   4.6943531e+01   1.7762946e+00
   1.9100000e+03   4.7864035e+01   1.7725867e+00
   1.9110000e+03   4.8207118e+01   1.7601023e+00
   1.9120000e+03   4.8478702e+01   1.7537468e+00
   1.9130000e+03   4.8648135e+01   1.7500237e+00
   1.9140000e+03   4.9389594e+01   1.7463261e+00
   1.9150000e+03   4.9846942e+01   1.7342431e+00
   1.9160000e+03   5.0186914e+01   1.7305258e+00
   1.9170000e+03   5.1194699e+01   1.7267846e+00
   1.9180000e+03   5.2434079e+01   1.7121336e+00
   1.9190000e+03   5.2642474e+01   1.6978150e+00
   1.9200000e+03   5.3338801e+01   1.6940054e+00
   1.9210000e+03   5.4592228e+01   1.6867370e+00
   1.9220000e+03   5.4948173e+01   1.6378732e+00
   1.9230000e+03   5.5623142e+01   1.6258797e+00
   1.9240000e+03   5.6371137e+01   1.6116005e+00
   1.9250000e+03   5.8132543e+01   1.5989299e+00
   1.9260000e+03   5.8537545e+01   1.5800296e+00
   1.9270000e+03   5.9213445e+01   1.5759265e+00
   1.9280000e+03   6.0370132e+01   1.5644091e+00
   1.9290000e+03   6.1176504e+01   1.5363447e+00
   1.9300000e+03   6.1518593e+01   1.5320841e+00
   1.9310000e+03   6.2343194e+01   1.5279327e+00
   1.9320000e+03   6.2737651e+01   1.5141786e+00
   1.9330000e+03   6.3678354e+01   1.5103786e+00
   1.9340000e+03   6.4439044e+01   1.5050138e+00
   1.9350000e+03   6.5240917e+01   1.4950035e+00
   1.9360000e+03   6.6096776e+01   1.4771107e+00
   1.9370000e+03   6.7138651e+01   1.4636077e+00
   1.9380000e+03   6.8514779e+01   1.4529021e+00
   1.9390000e+03   6.9596306e+01   1.4407786e+00
   1.9400000e+03   7.0163572e+01   1.4290331e+00
   1.9410000e+03   7.0893289e+01   1.4234682e+00
   1.9420000e+03   7.1748370e+01   1.4087794e+00
   1.9430000e+03   7.2796003e+01   1.3901051e+00
   1.9440000e+03   7.3569222e+01   1.3800970e+00
   1.9450000e+03   7.4022828e+01   1.3616430e+00
   1.9460000e+03   7.5155633e+01   1.3569537e+00
   1.9470000e+03   7.6304913e+01   1.3387343e+00
   1.9480000e+03   7.6908663e+01   1.3161682e+00
   1.9490000e+03   7.7762918e+01   1.3028225e+00
   1.9500000e+03   7.8797410e+01   1.2937559e+00
   1.9510000e+03   7.9433913e+01   1.2849636e+00
   1.9520000e+03   8.0310924e+01   1.2801506e+00
   1.9530000e+03   8.0665622e+01   1.1649731e+00
   1.9540000e+03   8.1612056e+01   1.1593560e+00
   1.9550000e+03   8.2059340e+01   1.1232764e+00
   1.9560000e+03   8.2993018e+01   1.1170501e+00
   1.9570000e+03   8.4537184e+01   1.1087977e+00
   1.9580000e+03   8.5175789e+01   1.0734447e+00
   1.9590000e+03   8.5730779e+01   1.0675213e+00
   1.9600000e+03   8.6245232e+01   1.0615616e+00
   1.9610000e+03   8.6456953e+01   1.0555236e+00
   1.9620000e+03   8.6737173e+01   1.0496554e+00
   1.9630000e+03   8.6987943e+01   1.0436469e+00
   1.9640000e+03   8.7054409e+01   1.0376240e+00
   1.9650000e+03   8.7288492e+01   1.0315328e+00
   1.9660000e+03   8.8070461e+01   1.0193136e+00
   1.9670000e+03   8.8245298e+01   1.0131125e+00
   1.9680000e+03   8.8465688e+01   1.0067685e+00
   1.9690000e+03   8.8531375e+01   1.0004444e+00
   1.9700000e+03   8.9291731e+01   9.9414612e-01
   1.9710000e+03   8.9874332e+01   9.8485510e-01
   1.9720000e+03   9.0468629e+01   9.7837318e-01
   1.9730000e+03   9.0947820e+01   9.7187982e-01
   1.9740000e+03   9.1418741e+01   9.6084752e-01
   1.9750000e+03   9.1991373e+01   9.4644350e-01
   1.9760000e+03   9.3594707e+01   9.3953936e-01
   1.9770000e+03   9.4694583e+01   8.9442131e-01
   1.9780000e+03   9.5550941e+01   8.8844780e-01
   1.9790000e+03   9.6164524e+01   8.6993518e-01
   1.9800000e+03   9.6248051e+01   8.6268115e-01
   1.9810000e+03   9.7202611e+01   8.5612099e-01
   1.9820000e+03   9.8396377e+01   8.4864200e-01
   1.9830000e+03   9.8921683e+01   7.6119823e-01
   1.9840000e+03   9.9554506e+01   7.5292274e-01
   1.9850000e+03   1.0029000e+02   7.3517500e-01
   1.9860000e+03   1.0169977e+02   7.1558854e-01
   1.9870000e+03   1.0294935e+02   6.6984622e-01
   1.9880000e+03   1.0369697e+02   6.6025741e-01
   1.9890000e+03   1.0393185e+02   6.5075068e-01
   1.9900000e+03   1.0506031e+02   6.4108691e-01
   1.9910000e+03   1.0599974e+02   6.2082956e-01
   1.9920000e+03   1.0663996e+02   6.1015376e-01
   1.9930000e+03   1.0748019e+02   5.9954051e-01
   1.9940000e+03   1.0840208e+02   5.6138584e-01
   1.9950000e+03   1.0893645e+02   5.5146707e-01
   1.9960000e+03   1.1013532e+02   5.2534180e-01
   1.9970000e+03   1.1139738e+02   5.1336830e-01
   1.9980000e+03   1.1276270e+02   5.0110962e-01
   1.9990000e+03   1.1446839e+02   4.8849495e-01
   2.0000000e+03   1.1548955e+02   4.7558017e-01
   2.0010000e+03   1.1721142e+02   4.5975368e-01
   2.0020000e+03   1.1978452e+02   4.4611154e-01
   2.0030000e+03   1.2189419e+02   2.4245946e-01
   2.0040000e+03   1.2300718e+02   1.9821348e-01
   2.0050000e+03   1.2452339e+02   1.9941915e-01
   2.0060000e+03   1.2605422e+02   2.0079247e-01
   2.0070000e+03   1.2787742e+02   2.2456163e-01
   2.0080000e+03   1.2964768e+02   2.5915530e-01
   2.0090000e+03   1.3095607e+02   2.8313775e-01
   2.0100000e+03   1.3254998e+02   3.3093996e-01
   2.0110000e+03   1.3392723e+02   3.4950256e-01
   2.0120000e+03   1.3646803e+02   4.6984028e-01
   2.0130000e+03   1.3782357e+02   4.9304135e-01
   2.0140000e+03   1.3934227e+02   5.0628219e-01
   2.0150000e+03   1.4091490e+02   5.4924833e-01
   2.0160000e+03   1.4190058e+02   5.6072546e-01
   2.0170000e+03   1.4353329e+02   5.7243954e-01
   2.0180000e+03   1.4543792e+02   6.5619072e-01
   2.0190000e+03   1.4715177e+02   6.6688330e-01
   2.0200000e+03   1.4941563e+02   1.0117769e+00
   2.0210000e+03   1.5082745e+02   1.0178700e+00
   2.0220000e+03   1.5229440e+02   1.0263031e+00
   2.0230000e+03   1.5344499e+02   1.0346651e+00
   2.0240000e+03   1.5441065e+02   1.0409250e+00
   2.0250000e+03   1.5555613e+02   1.0468825e+00
   2.0260000e+03   1.5699375e+02   1.0555971e+00
   2.0270000e+03   1.5861610e+02   1.0635726e+00
   2.0280000e+03   1.6043468e+02   1.0695555e+00
   2.0290000e+03   1.6223459e+02   1.0777069e+00
   2.0300000e+03   1.6412055e+02   1.0929449e+00
   2.0310000e+03   1.6575955e+02   1.1099617e+00
   2.0320000e+03   1.6729423e+02   1.1280249e+00
   2.0330000e+03   1.6917620e+02   1.1394648e+00
   2.0340000e+03   1.7116727e+02   1.1481304e+00
   2.0350000e+03   1.7322878e+02   1.1558080e+00
   2.0360000e+03   1.7500255e+02   1.1720438e+00
   2.0370000e+03   1.7631665e+02   1.1793952e+00
   2.0380000e+03   1.7830333e+02   1.2047821e+00
   2.0390000e+03   1.8051892e+02   1.2282931e+00
   2.0400000e+03   1.8298400e+02   1.2491721e+00
   2.0410000e+03   1.8479265e+02   1.2635757e+00
   2.0420000e+03   1.8671611e+02   1.2717067e+00
   2.0430000e+03   1.8894613e+02   1.2944766e+00
   2.0440000e+03   1.9113138e+02   1.3108102e+00
   2.0450000e+03   1.9309568e+02   1.3416406e+00
   2.0460000e+03   1.9507359e+02   1.3703492e+00
   2.0470000e+03   1.9731426e+02   1.4079419e+00
   2.0480000e+03   1.9967722e+02   1.4241349e+00
   2.0490000e+03   2.0176689e+02   1.4561948e+00
   2.0500000e+03   2.0344419e+02   1.4924757e+00
   2.0510000e+03   2.0548107e+02   1.5207343e+00
   2.0520000e+03   2.0755171e+02   1.5567079e+00
   2.0530000e+03   2.1004344e+02   1.6000249e+00
   2.0540000e+03   2.1292682e+02   1.6401624e+00
   2.0550000e+03   2.1564233e+02   1.6761916e+00
   2.0560000e+03   2.1850880e+02   1.7133643e+00
   2.0570000e+03   2.2105480e+02   1.7714038e+00
   2.0580000e+03   2.2351030e+02   1.7934773e+00
   2.0590000e+03   2.2569464e+02   1.8194084e+00
   2.0600000e+03   2.2835153e+02   1.8504878e+00
   2.0610000e+03   2.3079800e+02   1.9066673e+00
   2.0620000e+03   2.3372435e+02   1.9604813e+00
   2.0630000e+03   2.3627622e+02   2.0033112e+00
   2.0640000e+03   2.3895577e+02   2.0606886e+00
   2.0650000e+03   2.4129850e+02   2.1134270e+00
   2.0660000e+03   2.4434494e+02   2.2390895e+00
   2.0670000e+03   2.4709829e+02   2.3106655e+00
   2.0680000e+03   2.4959402e+02   2.3943114e+00
   2.0690000e+03   2.5226882e+02   2.4788742e+00
   2.0700000e+03   2.5495462e+02   2.5646450e+00
   2.0710000e+03   2.5690987e+02   2.6098345e+00
   2.0720000e+03   2.5953626e+02   2.6560207e+00
   2.0730000e+03   2.6172637e+02   2.7481121e+00
   2.0740000e+03   2.6421490e+02   2.8043460e+00
   2.0750000e+03   2.6684310e+02   2.8819142e+00
   2.0760000e+03   2.6993318e+02   2.9228474e+00
   2.0770000e+03   2.7281979e+02   2.9949675e+00
   2.0780000e+03   2.7565768e+02   3.0712064e+00
   2.0790000e+03   2.7806628e+02   3.1245703e+00
   2.0800000e+03   2.8012200e+02   3.2018496e+00
   2.0810000e+03   2.8240652e+02   3.3317265e+00
   2.0820000e+03   2.8518697e+02   3.6415620e+00
   2.0830000e+03   2.8752358e+02   3.7174229e+00
   2.0840000e+03   2.8990250e+02   3.8262036e+00
   2.0850000e+03   2.9229167e+02   3.9339217e+00
   2.0860000e+03   2.9473310e+02   4.1428776e+00
   2.0870000e+03   2.9763729e+02   4.4699796e+00
   2.0880000e+03   2.9981758e+02   4.5695946e+00
   2.0890000e+03   3.0232874e+02   4.9323123e+00
   2.0900000e+03   3.0492325e+02   5.0715444e+00
   2.0910000e+03   3.0735731e+02   5.2680352e+00
   2.0920000e+03   3.0952561e+02   5.3925420e+00
   2.0930000e+03   3.1221806e+02   5.5117845e+00
   2.0940000e+03   3.1450721e+02   5.6010369e+00
   2.0950000e+03   3.1743709e+02   5.7298329e+00
   2.0960000e+03   3.2011074e+02   5.8772238e+00
   2.0970000e+03   3.2303935e+02   6.0138848e+00
   2.0980000e+03   3.2551132e+02   6.1520194e+00
   2.0990000e+03   3.2841342e+02   6.2636973e+00
   2.1000000e+03   3.3050347e+02   6.3573055e+00
   2.1010000e+03   3.3308190e+02   6.4232551e+00
   2.1020000e+03   3.3599837e+02   6.5962241e+00
   2.1030000e+03   3.3905494e+02   6.7820764e+00
   2.1040000e+03   3.4121652e+02   6.8615382e+00
   2.1050000e+03   3.4336447e+02   6.9496347e+00
   2.1060000e+03   3.4590363e+02   7.0448800e+00
   2.1070000e+03   3.4862627e+02   7.1430027e+00
   2.1080000e+03   3.5093733e+02   7.1862195e+00
   2.1090000e+03   3.5289290e+02   7.1899511e+00
   2.1100000e+03   3.5533080e+02   7.2025854e+00
   2.1110000e+03   3.5765550e+02   7.2181836e+00
   2.1120000e+03   3.5972340e+02   7.2271877e+00
   2.1130000e+03   3.6235872e+02   7.2634205e+00
   2.1140000e+03   3.6480236e+02   7.2750562e+00
   2.1150000e+03   3.6712303e+02   7.2947142e+00
   2.1160000e+03   3.6955436e+02   7.3122014e+00
   2.1170000e+03   3.7183265e+02   7.3303552e+00
   2.1180000e+03   3.7433269e+02   7.3519760e+00
   2.1190000e+03   3.7728957e+02   7.4026285e+00
   2.1200000e+03   3.7937934e+02   7.4125419e+00
   2.1210000e+03   3.8165334e+02   7.4349644e+00
   2.1220000e+03   3.8394443e+02   7.4386213e+00
   2.1230000e+03   3.8633431e+02   7.4673612e+00
   2.1240000e+03   3.8874439e+02   7.5033757e+00
   2.1250000e+03   3.9130571e+02   7.5423517e+00
   2.1260000e+03   3.9390580e+02   7.5801576e+00
   2.1270000e+03   3.9640798e+02   7.6212125e+00
   2.1280000e+03   3.9929354e+02   7.6801922e+00
   2.1290000e+03   4.0152142e+02   7.7094060e+00
   2.1300000e+03   4.0406477e+02   7.7641517e+00
   2.1310000e+03   4.0687994e+02   7.8408982e+00
   2.1320000e+03   4.0932587e+02   7.8816490e+00
   2.1330000e+03   4.1181710e+02   7.9331913e+00
   2.1340000e+03   4.1397937e+02   7.9566881e+00
   2.1350000e+03   4.1644050e+02   8.0225499e+00
   2.1360000e+03   4.1877082e+02   8.1147885e+00
   2.1370000e+03   4.2101688e+02   8.2162107e+00
   2.1380000e+03   4.2314343e+02   8.2811874e+00
   2.1390000e+03   4.2541452e+02   8.3812477e+00
   2.1400000e+03   4.2751112e+02   8.4576804e+00
   2.1410000e+03   4.2938627e+02   8.4986754e+00
   2.1420000e+03   4.3114056e+02   8.5308117e+00
   2.1430000e+03   4.3294614e+02   8.5491287e+00
   2.1440000e+03   4.3507318e+02   8.6368702e+00
   2.1450000e+03   4.3748980e+02   8.7554901e+00
   2.1460000e+03   4.3995817e+02   8.8927086e+00
   2.1470000e+03   4.4193334e+02   8.9796363e+00
   2.1480000e+03   4.4386704e+02   9.0498628e+00
   2.1490000e+03   4.4551454e+02   9.0770831e+00
   2.1500000e+03   4.4739991e+02   9.1585035e+00
   2.1510000e+03   4.4953552e+02   9.2751045e+00
   2.1520000e+03   4.5134857e+02   9.3407607e+00
   2.1530000e+03   4.5286722e+02   9.3879224e+00
   2.1540000e+03   4.5470592e+02   9.5074128e+00
   2.1550000e+03   4.5675145e+02   9.6758993e+00
   2.1560000e+03   4.5876292e+02   9.8154112e+00
   2.1570000e+03   4.6061869e+02   9.9230012e+00
   2.1580000e+03   4.6266816e+02   1.0057147e+01
   2.1590000e+03   4.6454131e+02   1.0156899e+01
   2.1600000e+03   4.6649608e+02   1.0305468e+01
   2.1610000e+03   4.6846610e+02   1.0425622e+01
   2.1620000e+03   4.7041690e+02   1.0524018e+01
   2.1630000e+03   4.7274226e+02   1.0782171e+01
   2.1640000e+03   4.7462081e+02   1.0869262e+01
   2.1650000e+03   4.7668148e+02   1.1071204e+01
   2.1660000e+03   4.7852797e+02   1.1255545e+01
   2.1670000e+03   4.8051027e+02   1.1394736e+01
   2.1680000e+03   4.8207142e+02   1.1505225e+01
   2.1690000e+03   4.8391722e+02   1.1682297e+01
   2.1700000e+03   4.8569333e+02   1.1862038e+01
   2.1710000e+03   4.8737455e+02   1.2056027e+01
   2.1720000e+03   4.8902439e+02   1.2167811e+01
   2.1730000e+03   4.9067416e+02   1.2390621e+01
   2.1740000e+03   4.9224627e+02   1.2529821e+01
   2.1750000e+03   4.9366881e+02   1.2630063e+01
   2.1760000e+03   4.9532593e+02   1.2872758e+01
   2.1770000e+03   4.9684746e+02   1.3040771e+01
   2.1780000e+03   4.9831699e+02   1.3177057e+01
   2.1790000e+03   4.9980522e+02   1.3408983e+01
   2.1800000e+03   5.0124207e+02   1.3650387e+01
   2.1810000e+03   5.0267678e+02   1.3947440e+01
   2.1820000e+03   5.0371107e+02   1.4066293e+01
   2.1830000e+03   5.0502760e+02   1.4292146e+01
   2.1840000e+03   5.0628315e+02   1.4472858e+01
   2.1850000e+03   5.0734271e+02   1.4583528e+01
   2.1860000e+03   5.0840458e+02   1.4703575e+01
   2.1870000e+03   5.0951212e+02   1.4815877e+01
   2.1880000e+03   5.1056190e+02   1.4935399e+01
   2.1890000e+03   5.1166399e+02   1.5114688e+01
   2.1900000e+03   5.1264844e+02   1.5221475e+01
   2.1910000e+03   5.1356390e+02   1.5273647e+01
   2.1920000e+03   5.1453035e+02   1.5365206e+01
   2.1930000e+03   5.1548622e+02   1.5423619e+01
   2.1940000e+03   5.1639750e+02   1.5482402e+01
   2.1950000e+03   5.1732596e+02   1.5546969e+01
   2.1960000e+03   5.1808210e+02   1.5549260e+01
   2.1970000e+03   5.1877119e+02   1.5551418e+01
   2.1980000e+03   5.1954991e+02   1.5555482e+01
   2.1990000e+03   5.2035233e+02   1.5557866e+01
   2.2000000e+03   5.2111751e+02   1.5561749e+01
   2.2010000e+03   5.2181503e+02   1.5564969e+01
   2.2020000e+03   5.2244995e+02   1.5568300e+01
   2.2030000e+03   5.2313279e+02   1.5570451e+01
   2.2040000e+03   5.2387123e+02   1.5570670e+01
   2.2050000e+03   5.2443769e+02   1.5573482e+01
   2.2060000e+03   5.2493609e+02   1.5573622e+01
   2.2070000e+03   5.2549653e+02   1.5573784e+01
   2.2080000e+03   5.2608946e+02   1.5577094e+01
   2.2090000e+03   5.2673142e+02   1.5579042e+01
   2.2100000e+03   5.2728175e+02   1.5580880e+01
   2.2110000e+03   5.2800469e+02   1.5581145e+01
   2.2120000e+03   5.2862713e+02   1.5582903e+01
   2.2130000e+03   5.2924580e+02   1.5584659e+01
   2.2140000e+03   5.2992523e+02   1.5587046e+01
   2.2150000e+03   5.3046886e+02   1.5590211e+01
   2.2160000e+03   5.3112174e+02   1.5592103e+01
   2.2170000e+03   5.3169785e+02   1.5594537e+01
   2.2180000e+03   5.3223188e+02   1.5596890e+01
   2.2190000e+03   5.3282267e+02   1.5599926e+01
   2.2200000e+03   5.3342711e+02   1.5602092e+01
   2.2210000e+03   5.3394483e+02   1.5603476e+01
   2.2220000e+03   5.3443414e+02   1.5604815e+01
   2.2230000e+03   5.3495017e+02   1.5607677e+01
   2.2240000e+03   5.3535589e+02   1.5610625e+01
   2.2250000e+03   5.3585442e+02   1.5611923e+01
   2.2260000e+03   5.3632612e+02   1.5613156e+01
   2.2270000e+03   5.3681162e+02   1.5613557e+01
   2.2280000e+03   5.3725747e+02   1.5616216e+01
   2.2290000e+03   5.3767936e+02   1.5616401e+01
   2.2300000e+03   5.3814968e+02   1.5619233e+01
   2.2310000e+03   5.3858017e+02   1.5620525e+01
   2.2320000e+03   5.3903679e+02   1.5622268e+01
   2.2330000e+03   5.3948369e+02   1.5623101e+01
   2.2340000e+03   5.3990727e+02   1.5623730e+01
   2.2350000e+03   5.4031619e+02   1.5624757e+01
   2.2360000e+03   5.4071622e+02   1.5627194e+01
   2.2370000e+03   5.4112463e+02   1.5628620e+01
   2.2380000e+03   5.4154324e+02   1.5630425e+01
   2.2390000e+03   5.4195833e+02   1.5631410e+01
   2.2400000e+03   5.4233157e+02   1.5633741e+01
   2.2410000e+03   5.4268876e+02   1.5635431e+01
   2.2420000e+03   5.4308510e+02   1.5636976e+01
   2.2430000e+03   5.4346605e+02   1.5638665e+01
   2.2440000e+03   5.4383194e+02   1.5641047e+01
   2.2450000e+03   5.4420703e+02   1.5643427e+01
   2.2460000e+03   5.4453465e+02   1.5645747e+01
   2.2470000e+03   5.4483562e+02   1.5647158e+01
   2.2480000e+03   5.4517185e+02   1.5649440e+01
   2.2490000e+03   5.4551506e+02   1.5650302e+01
   2.2500000e+03   5.4586604e+02   1.5652442e+01
   2.2510000e+03   5.4617815e+02   1.5654663e+01
   2.2520000e+03   5.4647628e+02   1.5656022e+01
   2.2530000e+03   5.4677645e+02   1.5658198e+01
   2.2540000e+03   5.4706360e+02   1.5658966e+01
   2.2550000e+03   5.4736388e+02   1.5659745e+01
   2.2560000e+03   5.4768442e+02   1.5661372e+01
   2.2570000e+03   5.4798254e+02   1.5662684e+01
   2.2580000e+03   5.4827954e+02   1.5663985e+01
   2.2590000e+03   5.4858270e+02   1.5666076e+01
   2.2600000e+03   5.4890015e+02   1.5668423e+01
   2.2610000e+03   5.4920919e+02   1.5670499e+01
   2.2620000e+03   5.4950398e+02   1.5671266e+01
   2.2630000e+03   5.4978025e+02   1.5672242e+01
   2.2640000e+03   5.5008151e+02   1.5674253e+01
   2.2650000e+03   5.5033034e+02   1.5675955e+01
   2.2660000e+03   5.5056321e+02   1.5677386e+01
   2.2670000e+03   5.5076243e+02   1.5679171e+01
   2.2680000e+03   5.5095294e+02   1.5679794e+01
   2.2690000e+03   5.5115619e+02   1.5680662e+01
   2.2700000e+03   5.5133607e+02   1.5681257e+01
   2.2710000e+03   5.5152647e+02   1.5682475e+01
   2.2720000e+03   5.5174369e+02   1.5683836e+01
   2.2730000e+03   5.5197799e+02   1.5685559e+01
   2.2740000e+03   5.5220764e+02   1.5686237e+01
   2.2750000e+03   5.5243748e+02   1.5687467e+01
   2.2760000e+03   5.5267130e+02   1.5688610e+01
   2.2770000e+03   5.5285054e+02   1.5690358e+01
   2.2780000e+03   5.5301908e+02   1.5691188e+01
   2.2790000e+03   5.5317706e+02   1.5692890e+01
   2.2800000e+03   5.5334440e+02   1.5693450e+01
   2.2810000e+03   5.5352690e+02   1.5694479e+01
   2.2820000e+03   5.5372770e+02   1.5696123e+01
   2.2830000e+03   5.5391770e+02   1.5697707e+01
   2.2840000e+03   5.5411961e+02   1.5699289e+01
   2.2850000e+03   5.5431190e+02   1.5700326e+01
   2.2860000e+03   5.5447274e+02   1.5701440e+01
   2.2870000e+03   5.5466944e+02   1.5703068e+01
   2.2880000e+03   5.5480393e+02   1.5703486e+01
   2.2890000e+03   5.5500544e+02   1.5704184e+01
   2.2900000e+03   5.5517664e+02   1.5705178e+01
   2.2910000e+03   5.5531626e+02   1.5705677e+01
   2.2920000e+03   5.5546864e+02   1.5706610e+01
   2.2930000e+03   5.5560369e+02   1.5706752e+01
   2.2940000e+03   5.5572936e+02   1.5707671e+01
   2.2950000e+03   5.5585580e+02   1.5709076e+01
   2.2960000e+03   5.5597707e+02   1.5710067e+01
   2.2970000e+03   5.5608489e+02   1.5710531e+01
   2.2980000e+03   5.5624598e+02   1.5711863e+01
   2.2990000e+03   5.5640181e+02   1.5713353e+01
   2.3000000e+03   5.5652567e+02   1.5714713e+01
