   1.8500000e+03             NaN             NaN
   1.8510000e+03   1.0395628e+00   8.3109468e+00
   1.8520000e+03   2.7924685e+00   8.2914541e+00
   1.8530000e+03   5.1959002e+00   8.2666738e+00
   1.8540000e+03   6.8563900e+00   8.1502263e+00
   1.8550000e+03   8.0428958e+00   8.1022575e+00
   1.8560000e+03   9.0433872e+00   8.0718335e+00
   1.8570000e+03   9.6934502e+00   8.0482523e+00
   1.8580000e+03   1.0718031e+01   8.0418198e+00
   1.8590000e+03   1.1999342e+01   8.0247625e+00
   1.8600000e+03   1.3602719e+01   7.9969992e+00
   1.8610000e+03   1.5588844e+01   7.9892274e+00
   1.8620000e+03   1.6962559e+01   7.9630267e+00
   1.8630000e+03   1.7640307e+01   7.9454062e+00
   1.8640000e+03   1.8560369e+01   7.9286113e+00
   1.8650000e+03   2.0631602e+01   7.9120821e+00
   1.8660000e+03   2.2345801e+01   7.8838542e+00
   1.8670000e+03   2.5396164e+01   7.8540063e+00
   1.8680000e+03   2.9893123e+01   7.8238085e+00
   1.8690000e+03   3.2425540e+01   7.7418187e+00
   1.8700000e+03   3.4628553e+01   7.7109163e+00
   1.8710000e+03   3.6026953e+01   7.6818091e+00
   1.8720000e+03   3.7839700e+01   7.6625124e+00
   1.8730000e+03   4.0392449e+01   7.6357813e+00
   1.8740000e+03   4.2773441e+01   7.6014584e+00
   1.8750000e+03   4.5518723e+01   7.5729944e+00
   1.8760000e+03   4.6589889e+01   7.4788497e+00
   1.8770000e+03   5.1995491e+01   7.4558463e+00
   1.8780000e+03   5.3651178e+01   7.0457874e+00
   1.8790000e+03   5.5615545e+01   7.0208960e+00
   1.8800000e+03   5.9007379e+01   7.0123199e+00
   1.8810000e+03   6.3310934e+01   6.8661194e+00
   1.8820000e+03   6.6283751e+01   6.2470366e+00
   1.8830000e+03   6.8052305e+01   6.2105362e+00
   1.8840000e+03   6.9390320e+01   6.1826164e+00
   1.8850000e+03   7.0072997e+01   6.1597333e+00
   1.8860000e+03   7.0290548e+01   6.1406480e+00
   1.8870000e+03   7.1784232e+01   6.1248847e+00
   1.8880000e+03   7.1555183e+01   6.0780606e+00
   1.8890000e+03   7.2083373e+01   6.0621389e+00
   1.8900000e+03   7.2385389e+01   6.0407425e+00
   1.8910000e+03   7.2801937e+01   6.0229752e+00
   1.8920000e+03   7.3558759e+01   6.0081444e+00
   1.8930000e+03   7.4362559e+01   5.9936965e+00
   1.8940000e+03   7.5464814e+01   5.9924316e+00
   1.8950000e+03   7.8622189e+01   5.9721532e+00
   1.8960000e+03   8.3331501e+01   5.9267120e+00
   1.8970000e+03   8.4556164e+01   4.1372792e+00
   1.8980000e+03   8.5733833e+01   4.1311491e+00
   1.8990000e+03   8.7350135e+01   4.0934980e+00
   1.9000000e+03   8.8546315e+01   4.0256414e+00
   1.9010000e+03   8.9129431e+01   3.8496090e+00
   1.9020000e+03   9.0888839e+01   3.8300862e+00
   1.9030000e+03   9.2134986e+01   3.7899614e+00
   1.9040000e+03   9.2363205e+01   3.7170797e+00
   1.9050000e+03   9.2862004e+01   3.7023113e+00
   1.9060000e+03   9.5282381e+01   3.6859854e+00
   1.9070000e+03   9.6447570e+01   3.3268977e+00
   1.9080000e+03   9.7089262e+01   3.3100187e+00
   1.9090000e+03   9.8753329e+01   3.3064977e+00
   1.9100000e+03   9.9430925e+01   3.2886483e+00
   1.9110000e+03   1.0024553e+02   3.2753911e+00
   1.9120000e+03   1.0126291e+02   3.2733091e+00
   1.9130000e+03   1.0210459e+02   3.2706995e+00
   1.9140000e+03   1.0355077e+02   3.2686339e+00
   1.9150000e+03   1.0489586e+02   3.2572990e+00
   1.9160000e+03   1.0583556e+02   3.2452645e+00
   1.9170000e+03   1.0812394e+02   3.2352085e+00
   1.9180000e+03   1.0925808e+02   3.2136542e+00
   1.9190000e+03   1.1036313e+02   3.2043166e+00
   1.9200000e+03   1.1100119e+02   3.2019919e+00
   1.9210000e+03   1.1208438e+02   3.1998134e+00
   1.9220000e+03   1.1298895e+02   2.9808452e+00
   1.9230000e+03   1.1486407e+02   2.9734281e+00
   1.9240000e+03   1.1591231e+02   2.9583503e+00
   1.9250000e+03   1.1619035e+02   2.9555814e+00
   1.9260000e+03   1.1668954e+02   2.9532135e+00
   1.9270000e+03   1.1743623e+02   2.9469483e+00
   1.9280000e+03   1.1914516e+02   2.9446207e+00
   1.9290000e+03   1.1962751e+02   2.9420770e+00
   1.9300000e+03   1.2055710e+02   2.9397712e+00
   1.9310000e+03   1.2122375e+02   2.9374185e+00
   1.9320000e+03   1.2256018e+02   2.9351318e+00
   1.9330000e+03   1.2332972e+02   2.9328464e+00
   1.9340000e+03   1.2384161e+02   2.9304289e+00
   1.9350000e+03   1.2474247e+02   2.9062973e+00
   1.9360000e+03   1.2604294e+02   2.9014592e+00
   1.9370000e+03   1.2686835e+02   2.8995458e+00
   1.9380000e+03   1.2968524e+02   2.8939579e+00
   1.9390000e+03   1.3093429e+02   1.3461582e+00
   1.9400000e+03   1.3192680e+02   1.3410846e+00
   1.9410000e+03   1.3280361e+02   1.3361507e+00
   1.9420000e+03   1.3411986e+02   1.3310846e+00
   1.9430000e+03   1.3490689e+02   1.3260256e+00
   1.9440000e+03   1.3562499e+02   1.3210564e+00
   1.9450000e+03   1.3627692e+02   1.3159065e+00
   1.9460000e+03   1.3666973e+02   1.3108610e+00
   1.9470000e+03   1.3727668e+02   1.3060744e+00
   1.9480000e+03   1.3815031e+02   1.3011115e+00
   1.9490000e+03   1.3894950e+02   1.2944551e+00
   1.9500000e+03   1.3935830e+02   1.2893482e+00
   1.9510000e+03   1.4021648e+02   1.2843565e+00
   1.9520000e+03   1.4125503e+02   1.2739319e+00
   1.9530000e+03   1.4232033e+02   1.2689525e+00
   1.9540000e+03   1.4362749e+02   1.1959370e+00
   1.9550000e+03   1.4441868e+02   8.3220509e-01
   1.9560000e+03   1.4539201e+02   8.2433864e-01
   1.9570000e+03   1.4574803e+02   8.1637621e-01
   1.9580000e+03   1.4611098e+02   8.0947705e-01
   1.9590000e+03   1.4693915e+02   8.0147733e-01
   1.9600000e+03   1.4760735e+02   7.9337206e-01
   1.9610000e+03   1.4820094e+02   7.8382185e-01
   1.9620000e+03   1.4903461e+02   7.7553882e-01
   1.9630000e+03   1.4991935e+02   7.6843320e-01
   1.9640000e+03   1.5027122e+02   7.6011446e-01
   1.9650000e+03   1.5107697e+02   7.5172843e-01
   1.9660000e+03   1.5160290e+02   7.4315716e-01
   1.9670000e+03   1.5174845e+02   7.3446943e-01
   1.9680000e+03   1.5181333e+02   7.2569094e-01
   1.9690000e+03   1.5248441e+02   7.1688995e-01
   1.9700000e+03   1.5286250e+02   7.0796772e-01
   1.9710000e+03   1.5320469e+02   6.9897219e-01
   1.9720000e+03   1.5320031e+02   6.8984790e-01
   1.9730000e+03   1.5386325e+02   6.8060151e-01
   1.9740000e+03   1.5514232e+02   6.7129958e-01
   1.9750000e+03   1.5561160e+02   6.6169570e-01
   1.9760000e+03   1.5610669e+02   6.5204995e-01
   1.9770000e+03   1.5625552e+02   6.4235614e-01
   1.9780000e+03   1.5682347e+02   6.3255570e-01
   1.9790000e+03   1.5730547e+02   6.2344324e-01
   1.9800000e+03   1.5785458e+02   6.1326730e-01
   1.9810000e+03   1.5801342e+02   6.0289824e-01
   1.9820000e+03   1.5835146e+02   5.9225161e-01
   1.9830000e+03   1.5862254e+02   5.8156836e-01
   1.9840000e+03   1.5903644e+02   5.7071676e-01
   1.9850000e+03   1.6003912e+02   5.5962759e-01
   1.9860000e+03   1.6093574e+02   5.4830500e-01
   1.9870000e+03   1.6197624e+02   5.3680045e-01
   1.9880000e+03   1.6234942e+02   4.7353001e-01
   1.9890000e+03   1.6347344e+02   4.6025715e-01
   1.9900000e+03   1.6456548e+02   4.4661796e-01
   1.9910000e+03   1.6511857e+02   4.3248150e-01
   1.9920000e+03   1.6537492e+02   4.2205244e-01
   1.9930000e+03   1.6588189e+02   4.0707230e-01
   1.9940000e+03   1.6675020e+02   3.9155995e-01
   1.9950000e+03   1.6771401e+02   3.7537673e-01
   1.9960000e+03   1.6871101e+02   3.5857441e-01
   1.9970000e+03   1.6992125e+02   3.4098802e-01
   1.9980000e+03   1.7076186e+02   3.2239269e-01
   1.9990000e+03   1.7188483e+02   3.0267840e-01
   2.0000000e+03   1.7344115e+02   2.8161779e-01
   2.0010000e+03   1.7464296e+02   2.5885781e-01
   2.0020000e+03   1.7647836e+02   2.3428261e-01
   2.0030000e+03   1.7804707e+02   2.3004534e-01
   2.0040000e+03   1.7926914e+02   2.3084661e-01
   2.0050000e+03   1.8156388e+02   2.3169738e-01
   2.0060000e+03   1.8466387e+02   2.0095778e-01
   2.0070000e+03   1.8699071e+02   2.2454219e-01
   2.0080000e+03   1.8913642e+02   2.4672592e-01
   2.0090000e+03   1.9094112e+02   2.7027791e-01
   2.0100000e+03   1.9315718e+02   2.9256468e-01
   2.0110000e+03   1.9460993e+02   3.1280252e-01
   2.0120000e+03   1.9648350e+02   3.3180853e-01
   2.0130000e+03   1.9782604e+02   3.4976602e-01
   2.0140000e+03   1.9965577e+02   3.6692902e-01
   2.0150000e+03   2.0153904e+02   3.8323585e-01
   2.0160000e+03   2.0349130e+02   4.1049338e-01
   2.0170000e+03   2.0524090e+02   4.2520581e-01
   2.0180000e+03   2.0715570e+02   4.3946096e-01
   2.0190000e+03   2.0896088e+02   4.5325426e-01
   2.0200000e+03   2.1051945e+02   4.6657071e-01
   2.0210000e+03   2.1274656e+02   4.7970463e-01
   2.0220000e+03   2.1480244e+02   4.9340898e-01
   2.0230000e+03   2.1675203e+02   9.4228799e-01
   2.0240000e+03   2.1877155e+02   9.4879110e-01
   2.0250000e+03   2.2060216e+02   9.8390336e-01
   2.0260000e+03   2.2276850e+02   9.9002834e-01
   2.0270000e+03   2.2514438e+02   9.9615194e-01
   2.0280000e+03   2.2753584e+02   1.0022252e+00
   2.0290000e+03   2.2924694e+02   1.0082222e+00
   2.0300000e+03   2.3164519e+02   1.0142036e+00
   2.0310000e+03   2.3423282e+02   1.0210572e+00
   2.0320000e+03   2.3685444e+02   1.0275979e+00
   2.0330000e+03   2.3950711e+02   1.0342643e+00
   2.0340000e+03   2.4196311e+02   1.0403311e+00
   2.0350000e+03   2.4455889e+02   1.0462846e+00
   2.0360000e+03   2.4652347e+02   1.0520255e+00
   2.0370000e+03   2.4913833e+02   1.1493651e+00
   2.0380000e+03   2.5124320e+02   1.1545917e+00
   2.0390000e+03   2.5355923e+02   1.1598281e+00
   2.0400000e+03   2.5561858e+02   1.1650219e+00
   2.0410000e+03   2.5819560e+02   1.2531246e+00
   2.0420000e+03   2.6085028e+02   1.2579816e+00
   2.0430000e+03   2.6277353e+02   1.2627713e+00
   2.0440000e+03   2.6561319e+02   1.2676596e+00
   2.0450000e+03   2.6853723e+02   1.2725084e+00
   2.0460000e+03   2.7074838e+02   1.4065406e+00
   2.0470000e+03   2.7390341e+02   1.4109315e+00
   2.0480000e+03   2.7664812e+02   1.4152162e+00
   2.0490000e+03   2.7931054e+02   1.4195143e+00
   2.0500000e+03   2.8161582e+02   1.4237553e+00
   2.0510000e+03   2.8412982e+02   1.4280267e+00
   2.0520000e+03   2.8710711e+02   1.4323526e+00
   2.0530000e+03   2.8983418e+02   1.4366880e+00
   2.0540000e+03   2.9214390e+02   1.4409521e+00
   2.0550000e+03   2.9499303e+02   1.4452356e+00
   2.0560000e+03   2.9738621e+02   1.4494541e+00
   2.0570000e+03   2.9977415e+02   1.4537324e+00
   2.0580000e+03   3.0234083e+02   1.4579582e+00
   2.0590000e+03   3.0523710e+02   1.4622991e+00
   2.0600000e+03   3.0795285e+02   1.4665053e+00
   2.0610000e+03   3.1056528e+02   1.4706395e+00
   2.0620000e+03   3.1338182e+02   1.4748176e+00
   2.0630000e+03   3.1600343e+02   1.4789265e+00
   2.0640000e+03   3.1860015e+02   1.4830373e+00
   2.0650000e+03   3.2156846e+02   1.4872169e+00
   2.0660000e+03   3.2414069e+02   1.4913541e+00
   2.0670000e+03   3.2737115e+02   1.4956212e+00
   2.0680000e+03   3.3099127e+02   1.4999716e+00
   2.0690000e+03   3.3387296e+02   1.5041376e+00
   2.0700000e+03   3.3681676e+02   1.5083278e+00
   2.0710000e+03   3.3996548e+02   1.5125625e+00
   2.0720000e+03   3.4319944e+02   1.5167955e+00
   2.0730000e+03   3.4618368e+02   1.5209500e+00
   2.0740000e+03   3.4896162e+02   1.5251119e+00
   2.0750000e+03   3.5159515e+02   1.5292040e+00
   2.0760000e+03   3.5449760e+02   1.5333939e+00
   2.0770000e+03   3.5741956e+02   1.5375383e+00
   2.0780000e+03   3.6088126e+02   1.5419276e+00
   2.0790000e+03   3.6422014e+02   1.5462901e+00
   2.0800000e+03   3.6715861e+02   1.5505246e+00
   2.0810000e+03   3.7018335e+02   1.5547368e+00
   2.0820000e+03   3.7295126e+02   1.5588896e+00
   2.0830000e+03   3.7622180e+02   1.5632347e+00
   2.0840000e+03   3.7938635e+02   1.5675307e+00
   2.0850000e+03   3.8260855e+02   1.5719210e+00
   2.0860000e+03   3.8572453e+02   1.5762516e+00
   2.0870000e+03   3.8872759e+02   1.5806828e+00
   2.0880000e+03   3.9186359e+02   1.5852520e+00
   2.0890000e+03   3.9524644e+02   1.5899095e+00
   2.0900000e+03   3.9857812e+02   1.5945286e+00
   2.0910000e+03   4.0181253e+02   1.5991254e+00
   2.0920000e+03   4.0534274e+02   1.6041493e+00
   2.0930000e+03   4.0887553e+02   1.6090742e+00
   2.0940000e+03   4.1224598e+02   1.6140657e+00
   2.0950000e+03   4.1545476e+02   1.6189748e+00
   2.0960000e+03   4.1868276e+02   1.6242370e+00
   2.0970000e+03   4.2185848e+02   1.6293455e+00
   2.0980000e+03   4.2524748e+02   1.6349780e+00
   2.0990000e+03   4.2844747e+02   1.6405022e+00
   2.1000000e+03   4.3166359e+02   1.6461275e+00
   2.1010000e+03             NaN             NaN
   2.1020000e+03             NaN             NaN
   2.1030000e+03             NaN             NaN
   2.1040000e+03             NaN             NaN
   2.1050000e+03             NaN             NaN
   2.1060000e+03             NaN             NaN
   2.1070000e+03             NaN             NaN
   2.1080000e+03             NaN             NaN
   2.1090000e+03             NaN             NaN
   2.1100000e+03             NaN             NaN
   2.1110000e+03             NaN             NaN
   2.1120000e+03             NaN             NaN
   2.1130000e+03             NaN             NaN
   2.1140000e+03             NaN             NaN
   2.1150000e+03             NaN             NaN
   2.1160000e+03             NaN             NaN
   2.1170000e+03             NaN             NaN
   2.1180000e+03             NaN             NaN
   2.1190000e+03             NaN             NaN
   2.1200000e+03             NaN             NaN
   2.1210000e+03             NaN             NaN
   2.1220000e+03             NaN             NaN
   2.1230000e+03             NaN             NaN
   2.1240000e+03             NaN             NaN
   2.1250000e+03             NaN             NaN
   2.1260000e+03             NaN             NaN
   2.1270000e+03             NaN             NaN
   2.1280000e+03             NaN             NaN
   2.1290000e+03             NaN             NaN
   2.1300000e+03             NaN             NaN
   2.1310000e+03             NaN             NaN
   2.1320000e+03             NaN             NaN
   2.1330000e+03             NaN             NaN
   2.1340000e+03             NaN             NaN
   2.1350000e+03             NaN             NaN
   2.1360000e+03             NaN             NaN
   2.1370000e+03             NaN             NaN
   2.1380000e+03             NaN             NaN
   2.1390000e+03             NaN             NaN
   2.1400000e+03             NaN             NaN
   2.1410000e+03             NaN             NaN
   2.1420000e+03             NaN             NaN
   2.1430000e+03             NaN             NaN
   2.1440000e+03             NaN             NaN
   2.1450000e+03             NaN             NaN
   2.1460000e+03             NaN             NaN
   2.1470000e+03             NaN             NaN
   2.1480000e+03             NaN             NaN
   2.1490000e+03             NaN             NaN
   2.1500000e+03             NaN             NaN
   2.1510000e+03             NaN             NaN
   2.1520000e+03             NaN             NaN
   2.1530000e+03             NaN             NaN
   2.1540000e+03             NaN             NaN
   2.1550000e+03             NaN             NaN
   2.1560000e+03             NaN             NaN
   2.1570000e+03             NaN             NaN
   2.1580000e+03             NaN             NaN
   2.1590000e+03             NaN             NaN
   2.1600000e+03             NaN             NaN
   2.1610000e+03             NaN             NaN
   2.1620000e+03             NaN             NaN
   2.1630000e+03             NaN             NaN
   2.1640000e+03             NaN             NaN
   2.1650000e+03             NaN             NaN
   2.1660000e+03             NaN             NaN
   2.1670000e+03             NaN             NaN
   2.1680000e+03             NaN             NaN
   2.1690000e+03             NaN             NaN
   2.1700000e+03             NaN             NaN
   2.1710000e+03             NaN             NaN
   2.1720000e+03             NaN             NaN
   2.1730000e+03             NaN             NaN
   2.1740000e+03             NaN             NaN
   2.1750000e+03             NaN             NaN
   2.1760000e+03             NaN             NaN
   2.1770000e+03             NaN             NaN
   2.1780000e+03             NaN             NaN
   2.1790000e+03             NaN             NaN
   2.1800000e+03             NaN             NaN
   2.1810000e+03             NaN             NaN
   2.1820000e+03             NaN             NaN
   2.1830000e+03             NaN             NaN
   2.1840000e+03             NaN             NaN
   2.1850000e+03             NaN             NaN
   2.1860000e+03             NaN             NaN
   2.1870000e+03             NaN             NaN
   2.1880000e+03             NaN             NaN
   2.1890000e+03             NaN             NaN
   2.1900000e+03             NaN             NaN
   2.1910000e+03             NaN             NaN
   2.1920000e+03             NaN             NaN
   2.1930000e+03             NaN             NaN
   2.1940000e+03             NaN             NaN
   2.1950000e+03             NaN             NaN
   2.1960000e+03             NaN             NaN
   2.1970000e+03             NaN             NaN
   2.1980000e+03             NaN             NaN
   2.1990000e+03             NaN             NaN
   2.2000000e+03             NaN             NaN
   2.2010000e+03             NaN             NaN
   2.2020000e+03             NaN             NaN
   2.2030000e+03             NaN             NaN
   2.2040000e+03             NaN             NaN
   2.2050000e+03             NaN             NaN
   2.2060000e+03             NaN             NaN
   2.2070000e+03             NaN             NaN
   2.2080000e+03             NaN             NaN
   2.2090000e+03             NaN             NaN
   2.2100000e+03             NaN             NaN
   2.2110000e+03             NaN             NaN
   2.2120000e+03             NaN             NaN
   2.2130000e+03             NaN             NaN
   2.2140000e+03             NaN             NaN
   2.2150000e+03             NaN             NaN
   2.2160000e+03             NaN             NaN
   2.2170000e+03             NaN             NaN
   2.2180000e+03             NaN             NaN
   2.2190000e+03             NaN             NaN
   2.2200000e+03             NaN             NaN
   2.2210000e+03             NaN             NaN
   2.2220000e+03             NaN             NaN
   2.2230000e+03             NaN             NaN
   2.2240000e+03             NaN             NaN
   2.2250000e+03             NaN             NaN
   2.2260000e+03             NaN             NaN
   2.2270000e+03             NaN             NaN
   2.2280000e+03             NaN             NaN
   2.2290000e+03             NaN             NaN
   2.2300000e+03             NaN             NaN
   2.2310000e+03             NaN             NaN
   2.2320000e+03             NaN             NaN
   2.2330000e+03             NaN             NaN
   2.2340000e+03             NaN             NaN
   2.2350000e+03             NaN             NaN
   2.2360000e+03             NaN             NaN
   2.2370000e+03             NaN             NaN
   2.2380000e+03             NaN             NaN
   2.2390000e+03             NaN             NaN
   2.2400000e+03             NaN             NaN
   2.2410000e+03             NaN             NaN
   2.2420000e+03             NaN             NaN
   2.2430000e+03             NaN             NaN
   2.2440000e+03             NaN             NaN
   2.2450000e+03             NaN             NaN
   2.2460000e+03             NaN             NaN
   2.2470000e+03             NaN             NaN
   2.2480000e+03             NaN             NaN
   2.2490000e+03             NaN             NaN
   2.2500000e+03             NaN             NaN
   2.2510000e+03             NaN             NaN
   2.2520000e+03             NaN             NaN
   2.2530000e+03             NaN             NaN
   2.2540000e+03             NaN             NaN
   2.2550000e+03             NaN             NaN
   2.2560000e+03             NaN             NaN
   2.2570000e+03             NaN             NaN
   2.2580000e+03             NaN             NaN
   2.2590000e+03             NaN             NaN
   2.2600000e+03             NaN             NaN
   2.2610000e+03             NaN             NaN
   2.2620000e+03             NaN             NaN
   2.2630000e+03             NaN             NaN
   2.2640000e+03             NaN             NaN
   2.2650000e+03             NaN             NaN
   2.2660000e+03             NaN             NaN
   2.2670000e+03             NaN             NaN
   2.2680000e+03             NaN             NaN
   2.2690000e+03             NaN             NaN
   2.2700000e+03             NaN             NaN
   2.2710000e+03             NaN             NaN
   2.2720000e+03             NaN             NaN
   2.2730000e+03             NaN             NaN
   2.2740000e+03             NaN             NaN
   2.2750000e+03             NaN             NaN
   2.2760000e+03             NaN             NaN
   2.2770000e+03             NaN             NaN
   2.2780000e+03             NaN             NaN
   2.2790000e+03             NaN             NaN
   2.2800000e+03             NaN             NaN
   2.2810000e+03             NaN             NaN
   2.2820000e+03             NaN             NaN
   2.2830000e+03             NaN             NaN
   2.2840000e+03             NaN             NaN
   2.2850000e+03             NaN             NaN
   2.2860000e+03             NaN             NaN
   2.2870000e+03             NaN             NaN
   2.2880000e+03             NaN             NaN
   2.2890000e+03             NaN             NaN
   2.2900000e+03             NaN             NaN
   2.2910000e+03             NaN             NaN
   2.2920000e+03             NaN             NaN
   2.2930000e+03             NaN             NaN
   2.2940000e+03             NaN             NaN
   2.2950000e+03             NaN             NaN
   2.2960000e+03             NaN             NaN
   2.2970000e+03             NaN             NaN
   2.2980000e+03             NaN             NaN
   2.2990000e+03             NaN             NaN
   2.3000000e+03             NaN             NaN
