   1.8500000e+03             NaN             NaN
   1.8510000e+03   8.7801386e-01   5.4363831e+00
   1.8520000e+03   3.0660554e+00   5.3919147e+00
   1.8530000e+03   4.8944028e+00   5.3188392e+00
   1.8540000e+03   6.6499219e+00   5.2494380e+00
   1.8550000e+03   7.9236807e+00   5.1859630e+00
   1.8560000e+03   8.6861779e+00   5.1422082e+00
   1.8570000e+03   1.0060794e+01   5.0950313e+00
   1.8580000e+03   1.0784424e+01   5.0554952e+00
   1.8590000e+03   1.0920377e+01   5.0059217e+00
   1.8600000e+03   1.1833279e+01   4.9785062e+00
   1.8610000e+03   1.2581323e+01   4.9495172e+00
   1.8620000e+03   1.4030000e+01   4.9214559e+00
   1.8630000e+03   1.5290737e+01   4.8787806e+00
   1.8640000e+03   1.6100719e+01   4.8399972e+00
   1.8650000e+03   1.8146112e+01   4.8037634e+00
   1.8660000e+03   1.8905453e+01   4.7420445e+00
   1.8670000e+03   1.9501097e+01   4.7109290e+00
   1.8680000e+03   2.0362022e+01   4.6663266e+00
   1.8690000e+03   2.1165402e+01   4.5991053e+00
   1.8700000e+03   2.2195005e+01   4.5650166e+00
   1.8710000e+03   2.5002838e+01   4.4979058e+00
   1.8720000e+03   2.5691450e+01   3.9078642e+00
   1.8730000e+03   2.6442233e+01   3.8468376e+00
   1.8740000e+03   2.7732575e+01   3.8067639e+00
   1.8750000e+03   2.9256752e+01   3.7591766e+00
   1.8760000e+03   3.0136928e+01   3.6837091e+00
   1.8770000e+03   3.0446546e+01   3.6294329e+00
   1.8780000e+03   3.0966946e+01   3.5975654e+00
   1.8790000e+03   3.1542331e+01   3.5504958e+00
   1.8800000e+03   3.2901278e+01   3.4950579e+00
   1.8810000e+03   3.4790810e+01   3.4352179e+00
   1.8820000e+03   3.5218105e+01   3.3851093e+00
   1.8830000e+03   3.5494877e+01   3.3824606e+00
   1.8840000e+03   3.6219299e+01   3.3010518e+00
   1.8850000e+03   3.6701740e+01   3.2450512e+00
   1.8860000e+03   3.7851936e+01   3.2428250e+00
   1.8870000e+03   3.9415472e+01   3.1760057e+00
   1.8880000e+03   3.9730687e+01   3.1225552e+00
   1.8890000e+03   3.9802452e+01   3.0722133e+00
   1.8900000e+03   4.0663927e+01   3.0432564e+00
   1.8910000e+03   4.1484813e+01   2.9995386e+00
   1.8920000e+03   4.2154059e+01   2.9120788e+00
   1.8930000e+03   4.2292149e+01   2.8751129e+00
   1.8940000e+03   4.3428527e+01   2.8386834e+00
   1.8950000e+03   4.3881970e+01   2.7699342e+00
   1.8960000e+03   4.4254641e+01   2.7186747e+00
   1.8970000e+03   4.4890575e+01   2.6857276e+00
   1.8980000e+03   4.5358130e+01   2.6543220e+00
   1.8990000e+03   4.5950152e+01   2.5816683e+00
   1.9000000e+03   4.7083566e+01   2.5221664e+00
   1.9010000e+03   4.8032651e+01   2.4856980e+00
   1.9020000e+03   4.8671739e+01   2.4535984e+00
   1.9030000e+03   4.9681916e+01   2.4244805e+00
   1.9040000e+03   5.1501889e+01   2.3763119e+00
   1.9050000e+03   5.2094475e+01   2.2736276e+00
   1.9060000e+03   5.2546740e+01   2.2409480e+00
   1.9070000e+03   5.4688281e+01   2.2156579e+00
   1.9080000e+03   5.6738925e+01   2.1373418e+00
   1.9090000e+03   5.7819927e+01   2.0770661e+00
   1.9100000e+03   5.9473758e+01   1.9993705e+00
   1.9110000e+03   6.0194952e+01   1.9278800e+00
   1.9120000e+03   6.1308640e+01   1.9067487e+00
   1.9130000e+03   6.1804250e+01   1.8253255e+00
   1.9140000e+03   6.3404593e+01   1.7973346e+00
   1.9150000e+03   6.3484296e+01   1.7461689e+00
   1.9160000e+03   6.4094709e+01   1.7283721e+00
   1.9170000e+03   6.4748149e+01   1.6860291e+00
   1.9180000e+03   6.5460722e+01   1.6487506e+00
   1.9190000e+03   6.6406026e+01   1.6128468e+00
   1.9200000e+03   6.7379354e+01   1.5432374e+00
   1.9210000e+03   6.8092189e+01   1.5193575e+00
   1.9220000e+03   6.9810606e+01   1.5008241e+00
   1.9230000e+03   7.0612080e+01   1.4755856e+00
   1.9240000e+03   7.1271908e+01   1.4458143e+00
   1.9250000e+03   7.1487961e+01   1.4170576e+00
   1.9260000e+03   7.2666098e+01   1.4118595e+00
   1.9270000e+03   7.3531272e+01   1.3823498e+00
   1.9280000e+03   7.3965472e+01   1.3687310e+00
   1.9290000e+03   7.5516084e+01   1.3497853e+00
   1.9300000e+03   7.6343953e+01   1.3224042e+00
   1.9310000e+03   7.7504171e+01   1.3153242e+00
   1.9320000e+03   7.8548579e+01   1.3087792e+00
   1.9330000e+03   7.9102608e+01   1.3028271e+00
   1.9340000e+03   7.9853336e+01   1.2943753e+00
   1.9350000e+03   7.9970492e+01   1.2841465e+00
   1.9360000e+03   8.0639485e+01   1.2738912e+00
   1.9370000e+03   8.1611345e+01   1.2478650e+00
   1.9380000e+03   8.2457091e+01   1.2315513e+00
   1.9390000e+03   8.3322467e+01   1.2247241e+00
   1.9400000e+03   8.4324205e+01   1.2185295e+00
   1.9410000e+03   8.4834427e+01   1.2044149e+00
   1.9420000e+03   8.4826462e+01   1.1990754e+00
   1.9430000e+03   8.6374349e+01   1.1801530e+00
   1.9440000e+03   8.7391502e+01   1.1723041e+00
   1.9450000e+03   8.8325186e+01   1.1667366e+00
   1.9460000e+03   8.9442335e+01   1.1458129e+00
   1.9470000e+03   8.9774687e+01   1.1407514e+00
   1.9480000e+03   9.0672757e+01   1.1184421e+00
   1.9490000e+03   9.2743572e+01   1.1124551e+00
   1.9500000e+03   9.4052776e+01   1.1060253e+00
   1.9510000e+03   9.5818877e+01   1.0822488e+00
   1.9520000e+03   9.6475183e+01   1.0740235e+00
   1.9530000e+03   9.7208028e+01   1.0676430e+00
   1.9540000e+03   9.7934620e+01   1.0610079e+00
   1.9550000e+03   9.8246624e+01   1.0404041e+00
   1.9560000e+03   9.9191501e+01   1.0339882e+00
   1.9570000e+03   9.9408038e+01   1.0277810e+00
   1.9580000e+03   1.0043847e+02   1.0214698e+00
   1.9590000e+03   1.0138449e+02   1.0148017e+00
   1.9600000e+03   1.0184372e+02   1.0083584e+00
   1.9610000e+03   1.0261364e+02   1.0021122e+00
   1.9620000e+03   1.0329394e+02   9.9530595e-01
   1.9630000e+03   1.0379187e+02   9.8886411e-01
   1.9640000e+03   1.0459641e+02   9.8234852e-01
   1.9650000e+03   1.0500242e+02   9.7512094e-01
   1.9660000e+03   1.0498450e+02   9.6861436e-01
   1.9670000e+03   1.0594070e+02   9.6211009e-01
   1.9680000e+03   1.0691103e+02   9.5547453e-01
   1.9690000e+03   1.0766008e+02   9.4854722e-01
   1.9700000e+03   1.0834016e+02   9.3977185e-01
   1.9710000e+03   1.0949341e+02   9.3296937e-01
   1.9720000e+03   1.1036735e+02   9.2530261e-01
   1.9730000e+03   1.1062370e+02   8.8100691e-01
   1.9740000e+03   1.1139076e+02   8.7356071e-01
   1.9750000e+03   1.1260986e+02   8.4830444e-01
   1.9760000e+03   1.1299654e+02   8.4087023e-01
   1.9770000e+03   1.1395052e+02   8.3318512e-01
   1.9780000e+03   1.1484245e+02   7.8985090e-01
   1.9790000e+03   1.1537264e+02   7.8094595e-01
   1.9800000e+03   1.1560352e+02   7.7282872e-01
   1.9810000e+03   1.1594989e+02   7.6434502e-01
   1.9820000e+03   1.1628350e+02   7.5617560e-01
   1.9830000e+03   1.1674774e+02   7.4782485e-01
   1.9840000e+03   1.1732170e+02   7.3946083e-01
   1.9850000e+03   1.1819945e+02   7.3097010e-01
   1.9860000e+03   1.1856651e+02   7.2232272e-01
   1.9870000e+03   1.1969468e+02   7.1370477e-01
   1.9880000e+03   1.2032001e+02   7.0491774e-01
   1.9890000e+03   1.2115589e+02   6.9599186e-01
   1.9900000e+03   1.2222767e+02   6.8698429e-01
   1.9910000e+03   1.2280061e+02   6.7740347e-01
   1.9920000e+03   1.2342096e+02   6.6818166e-01
   1.9930000e+03   1.2437158e+02   6.5882831e-01
   1.9940000e+03   1.2476756e+02   6.4979966e-01
   1.9950000e+03   1.2545680e+02   6.3967521e-01
   1.9960000e+03   1.2587990e+02   6.2993654e-01
   1.9970000e+03   1.2641371e+02   6.2326907e-01
   1.9980000e+03   1.2749960e+02   6.1268141e-01
   1.9990000e+03   1.2861695e+02   6.0171665e-01
   2.0000000e+03   1.2991507e+02   5.9134164e-01
   2.0010000e+03   1.3323758e+02   5.8082563e-01
   2.0020000e+03   1.3442560e+02   2.0110656e-01
   2.0030000e+03   1.3602157e+02   1.9663237e-01
   2.0040000e+03   1.3706476e+02   1.9758614e-01
   2.0050000e+03   1.3828626e+02   1.9855089e-01
   2.0060000e+03   1.3938013e+02   1.9967792e-01
   2.0070000e+03   1.4068808e+02   2.2365808e-01
   2.0080000e+03   1.4223242e+02   2.4521012e-01
   2.0090000e+03   1.4369286e+02   2.6892967e-01
   2.0100000e+03   1.4544675e+02   3.2213551e-01
   2.0110000e+03   1.4628306e+02   3.4041214e-01
   2.0120000e+03   1.4766523e+02   3.5801602e-01
   2.0130000e+03   1.4837470e+02   3.7456550e-01
   2.0140000e+03   1.4946068e+02   3.9062443e-01
   2.0150000e+03   1.5146448e+02   4.0618764e-01
   2.0160000e+03   1.5358867e+02   4.2051727e-01
   2.0170000e+03   1.5563104e+02   4.4202164e-01
   2.0180000e+03   1.5733687e+02   4.5843479e-01
   2.0190000e+03   1.5879167e+02   4.7181201e-01
   2.0200000e+03   1.6079148e+02   4.9106482e-01
   2.0210000e+03   1.6170713e+02   5.0347866e-01
   2.0220000e+03   1.6270837e+02   5.1563523e-01
   2.0230000e+03   1.6447732e+02   5.3078316e-01
   2.0240000e+03   1.6597851e+02   5.4354436e-01
   2.0250000e+03   1.6785833e+02   5.5487210e-01
   2.0260000e+03   1.6986437e+02   5.6603814e-01
   2.0270000e+03   1.7201664e+02   5.7705876e-01
   2.0280000e+03   1.7352827e+02   5.8781675e-01
   2.0290000e+03   1.7537061e+02   5.9840933e-01
   2.0300000e+03   1.7742212e+02   6.0883557e-01
   2.0310000e+03   1.7910854e+02   6.2874371e-01
   2.0320000e+03   1.8131753e+02   6.3887026e-01
   2.0330000e+03   1.8296783e+02   6.4926470e-01
   2.0340000e+03   1.8534783e+02   6.5905666e-01
   2.0350000e+03   1.8762869e+02   6.6868424e-01
   2.0360000e+03   1.8978173e+02   6.7804808e-01
   2.0370000e+03   1.9218351e+02   6.8742768e-01
   2.0380000e+03   1.9461940e+02   7.0090257e-01
   2.0390000e+03   1.9678769e+02   7.1033971e-01
   2.0400000e+03   1.9880052e+02   7.3275860e-01
   2.0410000e+03   2.0131252e+02   7.5891512e-01
   2.0420000e+03   2.0382254e+02   7.7378284e-01
   2.0430000e+03   2.0658854e+02   7.9221957e-01
   2.0440000e+03   2.0890581e+02   8.0430297e-01
   2.0450000e+03   2.1159969e+02   8.1607593e-01
   2.0460000e+03   2.1425309e+02   8.4274413e-01
   2.0470000e+03   2.1784633e+02   2.0925537e+00
   2.0480000e+03   2.2081384e+02   2.1079624e+00
   2.0490000e+03   2.2421081e+02   2.1145898e+00
   2.0500000e+03   2.2745487e+02   2.1523876e+00
   2.0510000e+03   2.3091470e+02   2.2076378e+00
   2.0520000e+03   2.3411703e+02   2.3164273e+00
   2.0530000e+03   2.3764260e+02   2.4153780e+00
   2.0540000e+03   2.4053032e+02   2.4191342e+00
   2.0550000e+03   2.4341532e+02   2.4243134e+00
   2.0560000e+03   2.4614954e+02   2.4299552e+00
   2.0570000e+03   2.4888158e+02   2.4345135e+00
   2.0580000e+03   2.5156217e+02   2.4381247e+00
   2.0590000e+03   2.5462789e+02   2.4514223e+00
   2.0600000e+03   2.5750317e+02   2.4586665e+00
   2.0610000e+03   2.6005775e+02   2.4772640e+00
   2.0620000e+03   2.6295659e+02   2.5251938e+00
   2.0630000e+03   2.6639877e+02   2.5601856e+00
   2.0640000e+03   2.6938074e+02   2.5878511e+00
   2.0650000e+03   2.7173082e+02   2.5929910e+00
   2.0660000e+03   2.7430627e+02   2.6199952e+00
   2.0670000e+03   2.7743544e+02   2.6811558e+00
   2.0680000e+03   2.8026605e+02   2.7202337e+00
   2.0690000e+03   2.8288276e+02   2.7573474e+00
   2.0700000e+03   2.8579987e+02   2.7956065e+00
   2.0710000e+03   2.8915173e+02   2.9327881e+00
   2.0720000e+03   2.9222185e+02   2.9941572e+00
   2.0730000e+03   2.9511338e+02   3.0384015e+00
   2.0740000e+03   2.9764680e+02   3.0832067e+00
   2.0750000e+03   3.0110201e+02   3.3605891e+00
   2.0760000e+03   3.0388708e+02   3.4503669e+00
   2.0770000e+03   3.0667758e+02   3.4766346e+00
   2.0780000e+03   3.0899190e+02   3.4913508e+00
   2.0790000e+03   3.1187361e+02   3.6713500e+00
   2.0800000e+03   3.1421086e+02   3.7323655e+00
   2.0810000e+03   3.1651881e+02   3.7945941e+00
   2.0820000e+03   3.1904469e+02   4.0506317e+00
   2.0830000e+03   3.2196653e+02   4.5600752e+00
   2.0840000e+03   3.2555597e+02   4.7904794e+00
   2.0850000e+03   3.2885987e+02   5.0449496e+00
   2.0860000e+03   3.3150962e+02   5.1412306e+00
   2.0870000e+03   3.3404215e+02   5.2658431e+00
   2.0880000e+03   3.3674241e+02   5.3351072e+00
   2.0890000e+03   3.3947642e+02   5.3651733e+00
   2.0900000e+03   3.4212096e+02   5.4385931e+00
   2.0910000e+03   3.4509471e+02   5.4593532e+00
   2.0920000e+03   3.4741282e+02   5.4688850e+00
   2.0930000e+03   3.4994676e+02   5.4860473e+00
   2.0940000e+03   3.5275949e+02   5.5096031e+00
   2.0950000e+03   3.5483817e+02   5.5168641e+00
   2.0960000e+03   3.5745681e+02   5.5232829e+00
   2.0970000e+03   3.6048693e+02   5.5438471e+00
   2.0980000e+03   3.6360914e+02   5.5665095e+00
   2.0990000e+03   3.6609401e+02   5.5788524e+00
   2.1000000e+03   3.6917021e+02   5.6140798e+00
   2.1010000e+03   3.7196308e+02   5.6405571e+00
   2.1020000e+03   3.7465344e+02   5.6599890e+00
   2.1030000e+03   3.7735651e+02   5.6917874e+00
   2.1040000e+03   3.7958252e+02   5.7037353e+00
   2.1050000e+03   3.8229294e+02   5.7383990e+00
   2.1060000e+03   3.8464958e+02   5.7564962e+00
   2.1070000e+03   3.8735097e+02   5.7899676e+00
   2.1080000e+03   3.8994796e+02   5.8343296e+00
   2.1090000e+03   3.9243879e+02   5.8679140e+00
   2.1100000e+03   3.9469913e+02   5.8887459e+00
   2.1110000e+03   3.9710270e+02   5.9172599e+00
   2.1120000e+03   4.0000540e+02   5.9988681e+00
   2.1130000e+03   4.0267043e+02   6.0520359e+00
   2.1140000e+03   4.0517389e+02   6.0980068e+00
   2.1150000e+03   4.0759022e+02   6.1308967e+00
   2.1160000e+03   4.1013097e+02   6.2121933e+00
   2.1170000e+03   4.1253547e+02   6.2457294e+00
   2.1180000e+03   4.1437523e+02   6.2610268e+00
   2.1190000e+03   4.1707416e+02   6.3304043e+00
   2.1200000e+03   4.1916375e+02   6.3729677e+00
   2.1210000e+03   4.2149244e+02   6.4351494e+00
   2.1220000e+03   4.2413844e+02   6.5316507e+00
   2.1230000e+03   4.2679113e+02   6.6208969e+00
   2.1240000e+03   4.2942638e+02   6.6959910e+00
   2.1250000e+03   4.3213571e+02   6.8065789e+00
   2.1260000e+03   4.3435218e+02   6.8646923e+00
   2.1270000e+03   4.3643485e+02   6.9310478e+00
   2.1280000e+03   4.3892937e+02   7.0319549e+00
   2.1290000e+03   4.4113774e+02   7.0853421e+00
   2.1300000e+03   4.4335474e+02   7.1298129e+00
   2.1310000e+03   4.4524083e+02   7.1592097e+00
   2.1320000e+03   4.4779316e+02   7.2912604e+00
   2.1330000e+03   4.4992278e+02   7.3992575e+00
   2.1340000e+03   4.5220770e+02   7.5218013e+00
   2.1350000e+03   4.5436954e+02   7.5947020e+00
   2.1360000e+03   4.5614020e+02   7.6589136e+00
   2.1370000e+03   4.5819884e+02   7.7912844e+00
   2.1380000e+03   4.6033623e+02   7.9505944e+00
   2.1390000e+03   4.6271357e+02   8.1493015e+00
   2.1400000e+03   4.6481993e+02   8.2948702e+00
   2.1410000e+03   4.6685581e+02   8.4180425e+00
   2.1420000e+03   4.6881135e+02   8.5915660e+00
   2.1430000e+03   4.7051354e+02   8.6534929e+00
   2.1440000e+03   4.7226549e+02   8.7418613e+00
   2.1450000e+03   4.7420429e+02   8.8762601e+00
   2.1460000e+03   4.7619213e+02   9.1012387e+00
   2.1470000e+03   4.7806421e+02   9.3018866e+00
   2.1480000e+03   4.7973815e+02   9.3964202e+00
   2.1490000e+03   4.8187330e+02   9.6969258e+00
   2.1500000e+03   4.8347606e+02   9.7954622e+00
   2.1510000e+03   4.8543603e+02   1.0004798e+01
   2.1520000e+03   4.8748974e+02   1.0201729e+01
   2.1530000e+03   4.8953392e+02   1.0460736e+01
   2.1540000e+03   4.9122284e+02   1.0589780e+01
   2.1550000e+03   4.9320298e+02   1.0900350e+01
   2.1560000e+03   4.9501078e+02   1.1046894e+01
   2.1570000e+03   4.9670397e+02   1.1139077e+01
   2.1580000e+03   4.9838422e+02   1.1328099e+01
   2.1590000e+03   5.0006683e+02   1.1557399e+01
   2.1600000e+03   5.0186590e+02   1.1802989e+01
   2.1610000e+03   5.0340586e+02   1.1989096e+01
   2.1620000e+03   5.0491063e+02   1.2139147e+01
   2.1630000e+03   5.0657080e+02   1.2396668e+01
   2.1640000e+03   5.0820346e+02   1.2632267e+01
   2.1650000e+03   5.0985612e+02   1.2816340e+01
   2.1660000e+03   5.1136946e+02   1.2971731e+01
   2.1670000e+03   5.1309530e+02   1.3307332e+01
   2.1680000e+03   5.1482422e+02   1.3653416e+01
   2.1690000e+03   5.1612055e+02   1.3775878e+01
   2.1700000e+03   5.1768730e+02   1.4059027e+01
   2.1710000e+03   5.1909363e+02   1.4287931e+01
   2.1720000e+03   5.2045629e+02   1.4495672e+01
   2.1730000e+03   5.2173647e+02   1.4705111e+01
   2.1740000e+03   5.2312194e+02   1.4969666e+01
   2.1750000e+03   5.2431682e+02   1.5112104e+01
   2.1760000e+03   5.2556757e+02   1.5369143e+01
   2.1770000e+03   5.2682122e+02   1.5623280e+01
   2.1780000e+03   5.2791905e+02   1.5681698e+01
   2.1790000e+03   5.2865205e+02   1.5689274e+01
   2.1800000e+03   5.2927476e+02   1.5697651e+01
   2.1810000e+03   5.3014456e+02   1.5710744e+01
   2.1820000e+03   5.3093114e+02   1.5720179e+01
   2.1830000e+03   5.3177496e+02   1.5726949e+01
   2.1840000e+03   5.3246879e+02   1.5736179e+01
   2.1850000e+03   5.3316272e+02   1.5741857e+01
   2.1860000e+03   5.3386690e+02   1.5751317e+01
   2.1870000e+03   5.3458698e+02   1.5758456e+01
   2.1880000e+03   5.3529903e+02   1.5766321e+01
   2.1890000e+03   5.3603287e+02   1.5773952e+01
   2.1900000e+03   5.3663270e+02   1.5778243e+01
   2.1910000e+03   5.3720544e+02   1.5785851e+01
   2.1920000e+03   5.3787318e+02   1.5795794e+01
   2.1930000e+03   5.3846441e+02   1.5806173e+01
   2.1940000e+03   5.3914218e+02   1.5814867e+01
   2.1950000e+03   5.3979083e+02   1.5819705e+01
   2.1960000e+03   5.4051672e+02   1.5827668e+01
   2.1970000e+03   5.4111333e+02   1.5835562e+01
   2.1980000e+03   5.4178211e+02   1.5842404e+01
   2.1990000e+03   5.4243397e+02   1.5851213e+01
   2.2000000e+03   5.4304868e+02   1.5860045e+01
   2.2010000e+03   5.4374233e+02   1.5866965e+01
   2.2020000e+03   5.4423420e+02   1.5874395e+01
   2.2030000e+03   5.4485030e+02   1.5883211e+01
   2.2040000e+03   5.4543444e+02   1.5893089e+01
   2.2050000e+03   5.4599342e+02   1.5901309e+01
   2.2060000e+03   5.4654325e+02   1.5910105e+01
   2.2070000e+03   5.4710073e+02   1.5917478e+01
   2.2080000e+03   5.4761142e+02   1.5921908e+01
   2.2090000e+03   5.4805504e+02   1.5927145e+01
   2.2100000e+03   5.4850581e+02   1.5933785e+01
   2.2110000e+03   5.4896862e+02   1.5940375e+01
   2.2120000e+03   5.4938043e+02   1.5946013e+01
   2.2130000e+03   5.4982086e+02   1.5952893e+01
   2.2140000e+03   5.5026965e+02   1.5960022e+01
   2.2150000e+03   5.5072910e+02   1.5970079e+01
   2.2160000e+03   5.5113534e+02   1.5975084e+01
   2.2170000e+03   5.5154478e+02   1.5979762e+01
   2.2180000e+03   5.5198008e+02   1.5984732e+01
   2.2190000e+03   5.5247966e+02   1.5989750e+01
   2.2200000e+03   5.5289775e+02   1.5996294e+01
   2.2210000e+03   5.5322535e+02   1.6000449e+01
   2.2220000e+03   5.5362958e+02   1.6006215e+01
   2.2230000e+03   5.5395471e+02   1.6010239e+01
   2.2240000e+03   5.5432819e+02   1.6015560e+01
   2.2250000e+03   5.5477810e+02   1.6023105e+01
   2.2260000e+03   5.5524149e+02   1.6029752e+01
   2.2270000e+03   5.5563782e+02   1.6035542e+01
   2.2280000e+03   5.5605413e+02   1.6041265e+01
   2.2290000e+03   5.5641107e+02   1.6048675e+01
   2.2300000e+03   5.5669661e+02   1.6055443e+01
   2.2310000e+03   5.5713752e+02   1.6062775e+01
   2.2320000e+03   5.5753258e+02   1.6071448e+01
   2.2330000e+03   5.5788719e+02   1.6077519e+01
   2.2340000e+03   5.5824365e+02   1.6084322e+01
   2.2350000e+03   5.5863457e+02   1.6092242e+01
   2.2360000e+03   5.5896063e+02   1.6099221e+01
   2.2370000e+03   5.5935036e+02   1.6105020e+01
   2.2380000e+03   5.5967226e+02   1.6110795e+01
   2.2390000e+03   5.6001520e+02   1.6116030e+01
   2.2400000e+03   5.6037753e+02   1.6121668e+01
   2.2410000e+03   5.6075612e+02   1.6128241e+01
   2.2420000e+03   5.6111903e+02   1.6134276e+01
   2.2430000e+03   5.6143400e+02   1.6139990e+01
   2.2440000e+03   5.6173279e+02   1.6146894e+01
   2.2450000e+03   5.6206263e+02   1.6153185e+01
   2.2460000e+03   5.6233958e+02   1.6157809e+01
   2.2470000e+03   5.6263419e+02   1.6165701e+01
   2.2480000e+03   5.6295216e+02   1.6172685e+01
   2.2490000e+03   5.6328114e+02   1.6177368e+01
   2.2500000e+03   5.6357792e+02   1.6181767e+01
   2.2510000e+03   5.6382441e+02   1.6184389e+01
   2.2520000e+03   5.6409919e+02   1.6189931e+01
   2.2530000e+03   5.6441735e+02   1.6194221e+01
   2.2540000e+03   5.6464990e+02   1.6197624e+01
   2.2550000e+03   5.6490701e+02   1.6202308e+01
   2.2560000e+03   5.6518587e+02   1.6206638e+01
   2.2570000e+03   5.6546658e+02   1.6211987e+01
   2.2580000e+03   5.6570866e+02   1.6216977e+01
   2.2590000e+03   5.6589542e+02   1.6220551e+01
   2.2600000e+03   5.6615358e+02   1.6225400e+01
   2.2610000e+03   5.6641334e+02   1.6229596e+01
   2.2620000e+03   5.6666985e+02   1.6233225e+01
   2.2630000e+03   5.6693480e+02   1.6236143e+01
   2.2640000e+03   5.6718942e+02   1.6239341e+01
   2.2650000e+03   5.6738894e+02   1.6242382e+01
   2.2660000e+03   5.6759291e+02   1.6245324e+01
   2.2670000e+03   5.6774092e+02   1.6247961e+01
   2.2680000e+03   5.6796239e+02   1.6251861e+01
   2.2690000e+03   5.6816453e+02   1.6255256e+01
   2.2700000e+03   5.6838239e+02   1.6258688e+01
   2.2710000e+03   5.6858289e+02   1.6261933e+01
   2.2720000e+03   5.6883018e+02   1.6266104e+01
   2.2730000e+03   5.6903135e+02   1.6268938e+01
   2.2740000e+03   5.6928060e+02   1.6272010e+01
   2.2750000e+03   5.6945194e+02   1.6274893e+01
   2.2760000e+03   5.6961951e+02   1.6277623e+01
   2.2770000e+03   5.6981998e+02   1.6280324e+01
   2.2780000e+03   5.6999314e+02   1.6283148e+01
   2.2790000e+03   5.7017083e+02   1.6285616e+01
   2.2800000e+03   5.7028908e+02   1.6287788e+01
   2.2810000e+03   5.7044661e+02   1.6289811e+01
   2.2820000e+03   5.7056814e+02   1.6292069e+01
   2.2830000e+03   5.7073688e+02   1.6295474e+01
   2.2840000e+03   5.7093665e+02   1.6298160e+01
   2.2850000e+03   5.7112657e+02   1.6301224e+01
   2.2860000e+03   5.7129756e+02   1.6305059e+01
   2.2870000e+03   5.7145883e+02   1.6307660e+01
   2.2880000e+03   5.7162287e+02   1.6310409e+01
   2.2890000e+03   5.7177654e+02   1.6313096e+01
   2.2900000e+03   5.7193383e+02   1.6316984e+01
   2.2910000e+03   5.7211277e+02   1.6321298e+01
   2.2920000e+03   5.7224818e+02   1.6324803e+01
   2.2930000e+03   5.7238254e+02   1.6330577e+01
   2.2940000e+03   5.7253736e+02   1.6335872e+01
   2.2950000e+03   5.7270537e+02   1.6338894e+01
   2.2960000e+03   5.7284043e+02   1.6343662e+01
   2.2970000e+03   5.7300617e+02   1.6348785e+01
   2.2980000e+03   5.7312685e+02   1.6352423e+01
   2.2990000e+03   5.7329417e+02   1.6354397e+01
   2.3000000e+03   5.7343542e+02   1.6356207e+01
