   1.8500000e+03             NaN             NaN
   1.8510000e+03             NaN             NaN
   1.8520000e+03             NaN             NaN
   1.8530000e+03             NaN             NaN
   1.8540000e+03             NaN             NaN
   1.8550000e+03             NaN             NaN
   1.8560000e+03             NaN             NaN
   1.8570000e+03             NaN             NaN
   1.8580000e+03             NaN             NaN
   1.8590000e+03             NaN             NaN
   1.8600000e+03             NaN             NaN
   1.8610000e+03   1.5368176e+00   2.2123077e+00
   1.8620000e+03   2.8732183e+00   2.1995778e+00
   1.8630000e+03   4.9361048e+00   2.1873661e+00
   1.8640000e+03   6.8112095e+00   2.1736127e+00
   1.8650000e+03   8.7022743e+00   2.1625416e+00
   1.8660000e+03   1.1275688e+01   2.1405632e+00
   1.8670000e+03   1.3442008e+01   2.1280055e+00
   1.8680000e+03   1.5209751e+01   2.1089597e+00
   1.8690000e+03   1.7141959e+01   2.0947392e+00
   1.8700000e+03   1.8686347e+01   2.0720798e+00
   1.8710000e+03   2.0031191e+01   2.0528786e+00
   1.8720000e+03   2.1898247e+01   2.0410827e+00
   1.8730000e+03   2.4118134e+01   2.0233634e+00
   1.8740000e+03   2.6182800e+01   1.9965995e+00
   1.8750000e+03   2.7831723e+01   1.9799724e+00
   1.8760000e+03   3.0003064e+01   1.9656677e+00
   1.8770000e+03   3.0656344e+01   1.9363464e+00
   1.8780000e+03   3.1489740e+01   1.9328479e+00
   1.8790000e+03   3.3089547e+01   1.9218804e+00
   1.8800000e+03   3.5485117e+01   1.9093633e+00
   1.8810000e+03   3.7253210e+01   1.8811347e+00
   1.8820000e+03   3.9652494e+01   1.8401177e+00
   1.8830000e+03   4.1881186e+01   1.8180375e+00
   1.8840000e+03   4.3141211e+01   1.7916298e+00
   1.8850000e+03   4.4180437e+01   1.7878856e+00
   1.8860000e+03   4.5290183e+01   1.7641436e+00
   1.8870000e+03   4.6026610e+01   1.7479130e+00
   1.8880000e+03   4.6845717e+01   1.7297277e+00
   1.8890000e+03   4.7222107e+01   1.7071071e+00
   1.8900000e+03   4.8140336e+01   1.7035314e+00
   1.8910000e+03   4.8377824e+01   1.6931248e+00
   1.8920000e+03   4.8860183e+01   1.6813814e+00
   1.8930000e+03   5.0116037e+01   1.6704362e+00
   1.8940000e+03   5.0484864e+01   1.6276564e+00
   1.8950000e+03   5.1485796e+01   1.6231399e+00
   1.8960000e+03   5.2859196e+01   1.6098846e+00
   1.8970000e+03   5.3927598e+01   1.5883690e+00
   1.8980000e+03   5.5343402e+01   1.5678625e+00
   1.8990000e+03   5.7074315e+01   1.5262176e+00
   1.9000000e+03   5.8998657e+01   1.5024317e+00
   1.9010000e+03   6.0280744e+01   1.4814520e+00
   1.9020000e+03   6.1564148e+01   1.4699314e+00
   1.9030000e+03   6.2354516e+01   1.4540981e+00
   1.9040000e+03   6.3367787e+01   1.4416199e+00
   1.9050000e+03   6.4163165e+01   1.4297233e+00
   1.9060000e+03   6.4792080e+01   1.4194472e+00
   1.9070000e+03   6.5545588e+01   1.4063800e+00
   1.9080000e+03   6.6174068e+01   1.3755296e+00
   1.9090000e+03   6.7924523e+01   1.3654159e+00
   1.9100000e+03   6.8761024e+01   1.3603472e+00
   1.9110000e+03   6.9823709e+01   1.3452605e+00
   1.9120000e+03   7.0335429e+01   1.3341181e+00
   1.9130000e+03   7.0351069e+01   1.3207927e+00
   1.9140000e+03   7.0846543e+01   1.3034025e+00
   1.9150000e+03   7.1941546e+01   1.2933976e+00
   1.9160000e+03   7.2775302e+01   1.2708075e+00
   1.9170000e+03   7.3923247e+01   1.2612281e+00
   1.9180000e+03   7.4363485e+01   1.2350556e+00
   1.9190000e+03   7.5701478e+01   1.2298111e+00
   1.9200000e+03   7.7451575e+01   1.2160710e+00
   1.9210000e+03   7.8885340e+01   1.1871275e+00
   1.9220000e+03   7.9858272e+01   1.1641641e+00
   1.9230000e+03   8.1134707e+01   1.1486982e+00
   1.9240000e+03   8.2195917e+01   1.1397605e+00
   1.9250000e+03   8.3221302e+01   1.1296565e+00
   1.9260000e+03   8.4310144e+01   1.1208998e+00
   1.9270000e+03   8.5267993e+01   1.1151511e+00
   1.9280000e+03   8.6404499e+01   1.1041762e+00
   1.9290000e+03   8.7501192e+01   1.0889919e+00
   1.9300000e+03   8.8571532e+01   1.0780398e+00
   1.9310000e+03   8.9254623e+01   1.0691904e+00
   1.9320000e+03   8.9988511e+01   1.0600956e+00
   1.9330000e+03   9.0684210e+01   1.0490072e+00
   1.9340000e+03   9.1414257e+01   1.0371794e+00
   1.9350000e+03   9.2192503e+01   1.0308919e+00
   1.9360000e+03   9.2859351e+01   1.0246306e+00
   1.9370000e+03   9.3980120e+01   9.9816947e-01
   1.9380000e+03   9.5091316e+01   9.8705825e-01
   1.9390000e+03   9.6212150e+01   9.7077257e-01
   1.9400000e+03   9.7267979e+01   9.5459695e-01
   1.9410000e+03   9.7661955e+01   9.4763863e-01
   1.9420000e+03   9.8688968e+01   9.4094608e-01
   1.9430000e+03   9.9388713e+01   9.3162458e-01
   1.9440000e+03   1.0008640e+02   9.2474223e-01
   1.9450000e+03   1.0124638e+02   9.1783813e-01
   1.9460000e+03   1.0293702e+02   9.1066605e-01
   1.9470000e+03   1.0378972e+02   8.8564372e-01
   1.9480000e+03   1.0453054e+02   8.6966452e-01
   1.9490000e+03   1.0520875e+02   8.6243502e-01
   1.9500000e+03   1.0566815e+02   8.5516492e-01
   1.9510000e+03   1.0631125e+02   8.4712229e-01
   1.9520000e+03   1.0746752e+02   8.3927165e-01
   1.9530000e+03   1.0835411e+02   8.2924557e-01
   1.9540000e+03   1.0911626e+02   8.2154951e-01
   1.9550000e+03   1.0998145e+02   8.1165626e-01
   1.9560000e+03   1.1110480e+02   8.0387641e-01
   1.9570000e+03   1.1214358e+02   7.9486354e-01
   1.9580000e+03   1.1290166e+02   7.8296650e-01
   1.9590000e+03   1.1390178e+02   7.7492108e-01
   1.9600000e+03   1.1448752e+02   7.6247010e-01
   1.9610000e+03   1.1463956e+02   7.5274289e-01
   1.9620000e+03   1.1491017e+02   7.4469821e-01
   1.9630000e+03   1.1527109e+02   7.3621451e-01
   1.9640000e+03   1.1520522e+02   7.2765816e-01
   1.9650000e+03   1.1524437e+02   7.1523197e-01
   1.9660000e+03   1.1536940e+02   7.0530867e-01
   1.9670000e+03   1.1566891e+02   6.9642692e-01
   1.9680000e+03   1.1552150e+02   6.8691106e-01
   1.9690000e+03   1.1567930e+02   6.7814796e-01
   1.9700000e+03   1.1602255e+02   6.6781191e-01
   1.9710000e+03   1.1631391e+02   6.5827508e-01
   1.9720000e+03   1.1695579e+02   6.4877530e-01
   1.9730000e+03   1.1760668e+02   6.3908071e-01
   1.9740000e+03   1.1845833e+02   6.2927725e-01
   1.9750000e+03   1.1934711e+02   6.2074302e-01
   1.9760000e+03   1.1948688e+02   6.1063865e-01
   1.9770000e+03   1.1993590e+02   5.9762372e-01
   1.9780000e+03   1.2081200e+02   5.8726787e-01
   1.9790000e+03   1.2145367e+02   5.7665927e-01
   1.9800000e+03   1.2238027e+02   5.6581778e-01
   1.9810000e+03   1.2311787e+02   5.5476726e-01
   1.9820000e+03   1.2366717e+02   5.3400583e-01
   1.9830000e+03   1.2420005e+02   5.2230309e-01
   1.9840000e+03   1.2458754e+02   5.0977013e-01
   1.9850000e+03   1.2543058e+02   4.9755032e-01
   1.9860000e+03   1.2610876e+02   4.8499033e-01
   1.9870000e+03   1.2670083e+02   4.7206545e-01
   1.9880000e+03   1.2755647e+02   4.5877167e-01
   1.9890000e+03   1.2878168e+02   4.4508660e-01
   1.9900000e+03   1.2965868e+02   4.3075549e-01
   1.9910000e+03   1.3058403e+02   4.1621652e-01
   1.9920000e+03   1.3086478e+02   4.0118778e-01
   1.9930000e+03   1.3141224e+02   3.8593609e-01
   1.9940000e+03   1.3174877e+02   3.6971472e-01
   1.9950000e+03   1.3222356e+02   3.5268838e-01
   1.9960000e+03   1.3296260e+02   3.3531907e-01
   1.9970000e+03   1.3442971e+02   3.1648396e-01
   1.9980000e+03   1.3521629e+02   2.9515187e-01
   1.9990000e+03   1.3635842e+02   2.7358939e-01
   2.0000000e+03   1.3795467e+02   2.5019951e-01
   2.0010000e+03   1.3875335e+02   2.2438252e-01
   2.0020000e+03   1.3962436e+02   1.9565482e-01
   2.0030000e+03   1.4083777e+02   1.9636740e-01
   2.0040000e+03   1.4223512e+02   1.9729412e-01
   2.0050000e+03   1.4357499e+02   1.9823204e-01
   2.0060000e+03   1.4472741e+02   1.9927816e-01
   2.0070000e+03   1.4618686e+02   2.2300563e-01
   2.0080000e+03   1.4768758e+02   2.4660796e-01
   2.0090000e+03   1.4935777e+02   2.7464427e-01
   2.0100000e+03   1.5085854e+02   2.9720543e-01
   2.0110000e+03   1.5312784e+02   3.4339731e-01
   2.0120000e+03   1.5517764e+02   3.9618407e-01
   2.0130000e+03   1.5680357e+02   4.1933412e-01
   2.0140000e+03   1.5912010e+02   5.9139196e-01
   2.0150000e+03   1.6105264e+02   6.9926498e-01
   2.0160000e+03   1.6336563e+02   7.8298212e-01
   2.0170000e+03   1.6577822e+02   8.9174866e-01
   2.0180000e+03   1.6926482e+02   1.0895182e+00
   2.0190000e+03   1.7187529e+02   1.0957428e+00
   2.0200000e+03   1.7498749e+02   1.1033694e+00
   2.0210000e+03   1.7761921e+02   1.1090142e+00
   2.0220000e+03   1.8063624e+02   1.1147232e+00
   2.0230000e+03   1.8276161e+02   1.1201466e+00
   2.0240000e+03   1.8524092e+02   1.1255515e+00
   2.0250000e+03   1.8795592e+02   1.1309882e+00
   2.0260000e+03   1.9026058e+02   1.1363147e+00
   2.0270000e+03   1.9298323e+02   1.1416345e+00
   2.0280000e+03   1.9477140e+02   1.1468933e+00
   2.0290000e+03   1.9684823e+02   1.1521431e+00
   2.0300000e+03   1.9929153e+02   1.1573775e+00
   2.0310000e+03   2.0122470e+02   1.1625850e+00
   2.0320000e+03   2.0374544e+02   1.1677955e+00
   2.0330000e+03   2.0599160e+02   1.1730021e+00
   2.0340000e+03   2.0835178e+02   1.1781845e+00
   2.0350000e+03   2.1049120e+02   1.1833389e+00
   2.0360000e+03   2.1316837e+02   1.1884883e+00
   2.0370000e+03   2.1514997e+02   1.1935513e+00
   2.0380000e+03   2.1727499e+02   1.1986201e+00
   2.0390000e+03   2.1941988e+02   1.2036443e+00
   2.0400000e+03   2.2163038e+02   1.2086888e+00
   2.0410000e+03   2.2416661e+02   1.2137280e+00
   2.0420000e+03   2.2690266e+02   1.2188215e+00
   2.0430000e+03   2.2944646e+02   1.2238525e+00
   2.0440000e+03   2.3196204e+02   1.2288786e+00
   2.0450000e+03   2.3486716e+02   1.2339993e+00
   2.0460000e+03   2.3748252e+02   1.2390145e+00
   2.0470000e+03   2.4014750e+02   1.2440951e+00
   2.0480000e+03   2.4277041e+02   1.2491174e+00
   2.0490000e+03   2.4534266e+02   1.2540353e+00
   2.0500000e+03   2.4787132e+02   1.2589762e+00
   2.0510000e+03   2.5055810e+02   1.2639406e+00
   2.0520000e+03   2.5307627e+02   1.2687664e+00
   2.0530000e+03   2.5602280e+02   1.2737003e+00
   2.0540000e+03   2.5823166e+02   1.2784465e+00
   2.0550000e+03   2.6034074e+02   1.2831619e+00
   2.0560000e+03   2.6271693e+02   1.2879465e+00
   2.0570000e+03   2.6480109e+02   1.2926276e+00
   2.0580000e+03   2.6696295e+02   1.2972621e+00
   2.0590000e+03   2.6901342e+02   1.3019005e+00
   2.0600000e+03   2.7137297e+02   1.3065499e+00
   2.0610000e+03   2.7353543e+02   1.3112257e+00
   2.0620000e+03   2.7563151e+02   1.3158205e+00
   2.0630000e+03   2.7785370e+02   1.3203955e+00
   2.0640000e+03   2.7952960e+02   1.3248770e+00
   2.0650000e+03   2.8109775e+02   1.3293184e+00
   2.0660000e+03   2.8300291e+02   1.3337835e+00
   2.0670000e+03   2.8530723e+02   1.3383706e+00
   2.0680000e+03   2.8735763e+02   1.3429337e+00
   2.0690000e+03   2.8957296e+02   1.3476132e+00
   2.0700000e+03   2.9162619e+02   1.3522794e+00
   2.0710000e+03   2.9394370e+02   1.3569968e+00
   2.0720000e+03   2.9615955e+02   1.3617196e+00
   2.0730000e+03   2.9846984e+02   1.3664323e+00
   2.0740000e+03   3.0058368e+02   1.3710649e+00
   2.0750000e+03   3.0260478e+02   1.3755167e+00
   2.0760000e+03   3.0455551e+02   1.3801921e+00
   2.0770000e+03   3.0646425e+02   1.3848089e+00
   2.0780000e+03   3.0849029e+02   1.3893311e+00
   2.0790000e+03   3.1027851e+02   1.3938923e+00
   2.0800000e+03   3.1226454e+02   1.3984978e+00
   2.0810000e+03   3.1436127e+02   1.4031906e+00
   2.0820000e+03   3.1592132e+02   1.4075668e+00
   2.0830000e+03   3.1759020e+02   1.4120834e+00
   2.0840000e+03   3.1911523e+02   1.4164357e+00
   2.0850000e+03   3.2075517e+02   1.4209981e+00
   2.0860000e+03   3.2235193e+02   1.4254225e+00
   2.0870000e+03   3.2404399e+02   1.4301533e+00
   2.0880000e+03   3.2543806e+02   1.4346848e+00
   2.0890000e+03   3.2706819e+02   1.4392388e+00
   2.0900000e+03   3.2855297e+02   1.4439525e+00
   2.0910000e+03   3.3036073e+02   1.4489115e+00
   2.0920000e+03   3.3210158e+02   1.4541159e+00
   2.0930000e+03   3.3387679e+02   1.4592636e+00
   2.0940000e+03   3.3559833e+02   1.4645070e+00
   2.0950000e+03   3.3692437e+02   1.4699655e+00
   2.0960000e+03   3.3833302e+02   1.4754646e+00
   2.0970000e+03   3.3989215e+02   1.4805983e+00
   2.0980000e+03   3.4130041e+02   1.4866670e+00
   2.0990000e+03   3.4291930e+02   1.4930745e+00
   2.1000000e+03   3.4425592e+02   1.4979284e+00
   2.1010000e+03             NaN             NaN
   2.1020000e+03             NaN             NaN
   2.1030000e+03             NaN             NaN
   2.1040000e+03             NaN             NaN
   2.1050000e+03             NaN             NaN
   2.1060000e+03             NaN             NaN
   2.1070000e+03             NaN             NaN
   2.1080000e+03             NaN             NaN
   2.1090000e+03             NaN             NaN
   2.1100000e+03             NaN             NaN
   2.1110000e+03             NaN             NaN
   2.1120000e+03             NaN             NaN
   2.1130000e+03             NaN             NaN
   2.1140000e+03             NaN             NaN
   2.1150000e+03             NaN             NaN
   2.1160000e+03             NaN             NaN
   2.1170000e+03             NaN             NaN
   2.1180000e+03             NaN             NaN
   2.1190000e+03             NaN             NaN
   2.1200000e+03             NaN             NaN
   2.1210000e+03             NaN             NaN
   2.1220000e+03             NaN             NaN
   2.1230000e+03             NaN             NaN
   2.1240000e+03             NaN             NaN
   2.1250000e+03             NaN             NaN
   2.1260000e+03             NaN             NaN
   2.1270000e+03             NaN             NaN
   2.1280000e+03             NaN             NaN
   2.1290000e+03             NaN             NaN
   2.1300000e+03             NaN             NaN
   2.1310000e+03             NaN             NaN
   2.1320000e+03             NaN             NaN
   2.1330000e+03             NaN             NaN
   2.1340000e+03             NaN             NaN
   2.1350000e+03             NaN             NaN
   2.1360000e+03             NaN             NaN
   2.1370000e+03             NaN             NaN
   2.1380000e+03             NaN             NaN
   2.1390000e+03             NaN             NaN
   2.1400000e+03             NaN             NaN
   2.1410000e+03             NaN             NaN
   2.1420000e+03             NaN             NaN
   2.1430000e+03             NaN             NaN
   2.1440000e+03             NaN             NaN
   2.1450000e+03             NaN             NaN
   2.1460000e+03             NaN             NaN
   2.1470000e+03             NaN             NaN
   2.1480000e+03             NaN             NaN
   2.1490000e+03             NaN             NaN
   2.1500000e+03             NaN             NaN
   2.1510000e+03             NaN             NaN
   2.1520000e+03             NaN             NaN
   2.1530000e+03             NaN             NaN
   2.1540000e+03             NaN             NaN
   2.1550000e+03             NaN             NaN
   2.1560000e+03             NaN             NaN
   2.1570000e+03             NaN             NaN
   2.1580000e+03             NaN             NaN
   2.1590000e+03             NaN             NaN
   2.1600000e+03             NaN             NaN
   2.1610000e+03             NaN             NaN
   2.1620000e+03             NaN             NaN
   2.1630000e+03             NaN             NaN
   2.1640000e+03             NaN             NaN
   2.1650000e+03             NaN             NaN
   2.1660000e+03             NaN             NaN
   2.1670000e+03             NaN             NaN
   2.1680000e+03             NaN             NaN
   2.1690000e+03             NaN             NaN
   2.1700000e+03             NaN             NaN
   2.1710000e+03             NaN             NaN
   2.1720000e+03             NaN             NaN
   2.1730000e+03             NaN             NaN
   2.1740000e+03             NaN             NaN
   2.1750000e+03             NaN             NaN
   2.1760000e+03             NaN             NaN
   2.1770000e+03             NaN             NaN
   2.1780000e+03             NaN             NaN
   2.1790000e+03             NaN             NaN
   2.1800000e+03             NaN             NaN
   2.1810000e+03             NaN             NaN
   2.1820000e+03             NaN             NaN
   2.1830000e+03             NaN             NaN
   2.1840000e+03             NaN             NaN
   2.1850000e+03             NaN             NaN
   2.1860000e+03             NaN             NaN
   2.1870000e+03             NaN             NaN
   2.1880000e+03             NaN             NaN
   2.1890000e+03             NaN             NaN
   2.1900000e+03             NaN             NaN
   2.1910000e+03             NaN             NaN
   2.1920000e+03             NaN             NaN
   2.1930000e+03             NaN             NaN
   2.1940000e+03             NaN             NaN
   2.1950000e+03             NaN             NaN
   2.1960000e+03             NaN             NaN
   2.1970000e+03             NaN             NaN
   2.1980000e+03             NaN             NaN
   2.1990000e+03             NaN             NaN
   2.2000000e+03             NaN             NaN
   2.2010000e+03             NaN             NaN
   2.2020000e+03             NaN             NaN
   2.2030000e+03             NaN             NaN
   2.2040000e+03             NaN             NaN
   2.2050000e+03             NaN             NaN
   2.2060000e+03             NaN             NaN
   2.2070000e+03             NaN             NaN
   2.2080000e+03             NaN             NaN
   2.2090000e+03             NaN             NaN
   2.2100000e+03             NaN             NaN
   2.2110000e+03             NaN             NaN
   2.2120000e+03             NaN             NaN
   2.2130000e+03             NaN             NaN
   2.2140000e+03             NaN             NaN
   2.2150000e+03             NaN             NaN
   2.2160000e+03             NaN             NaN
   2.2170000e+03             NaN             NaN
   2.2180000e+03             NaN             NaN
   2.2190000e+03             NaN             NaN
   2.2200000e+03             NaN             NaN
   2.2210000e+03             NaN             NaN
   2.2220000e+03             NaN             NaN
   2.2230000e+03             NaN             NaN
   2.2240000e+03             NaN             NaN
   2.2250000e+03             NaN             NaN
   2.2260000e+03             NaN             NaN
   2.2270000e+03             NaN             NaN
   2.2280000e+03             NaN             NaN
   2.2290000e+03             NaN             NaN
   2.2300000e+03             NaN             NaN
   2.2310000e+03             NaN             NaN
   2.2320000e+03             NaN             NaN
   2.2330000e+03             NaN             NaN
   2.2340000e+03             NaN             NaN
   2.2350000e+03             NaN             NaN
   2.2360000e+03             NaN             NaN
   2.2370000e+03             NaN             NaN
   2.2380000e+03             NaN             NaN
   2.2390000e+03             NaN             NaN
   2.2400000e+03             NaN             NaN
   2.2410000e+03             NaN             NaN
   2.2420000e+03             NaN             NaN
   2.2430000e+03             NaN             NaN
   2.2440000e+03             NaN             NaN
   2.2450000e+03             NaN             NaN
   2.2460000e+03             NaN             NaN
   2.2470000e+03             NaN             NaN
   2.2480000e+03             NaN             NaN
   2.2490000e+03             NaN             NaN
   2.2500000e+03             NaN             NaN
   2.2510000e+03             NaN             NaN
   2.2520000e+03             NaN             NaN
   2.2530000e+03             NaN             NaN
   2.2540000e+03             NaN             NaN
   2.2550000e+03             NaN             NaN
   2.2560000e+03             NaN             NaN
   2.2570000e+03             NaN             NaN
   2.2580000e+03             NaN             NaN
   2.2590000e+03             NaN             NaN
   2.2600000e+03             NaN             NaN
   2.2610000e+03             NaN             NaN
   2.2620000e+03             NaN             NaN
   2.2630000e+03             NaN             NaN
   2.2640000e+03             NaN             NaN
   2.2650000e+03             NaN             NaN
   2.2660000e+03             NaN             NaN
   2.2670000e+03             NaN             NaN
   2.2680000e+03             NaN             NaN
   2.2690000e+03             NaN             NaN
   2.2700000e+03             NaN             NaN
   2.2710000e+03             NaN             NaN
   2.2720000e+03             NaN             NaN
   2.2730000e+03             NaN             NaN
   2.2740000e+03             NaN             NaN
   2.2750000e+03             NaN             NaN
   2.2760000e+03             NaN             NaN
   2.2770000e+03             NaN             NaN
   2.2780000e+03             NaN             NaN
   2.2790000e+03             NaN             NaN
   2.2800000e+03             NaN             NaN
   2.2810000e+03             NaN             NaN
   2.2820000e+03             NaN             NaN
   2.2830000e+03             NaN             NaN
   2.2840000e+03             NaN             NaN
   2.2850000e+03             NaN             NaN
   2.2860000e+03             NaN             NaN
   2.2870000e+03             NaN             NaN
   2.2880000e+03             NaN             NaN
   2.2890000e+03             NaN             NaN
   2.2900000e+03             NaN             NaN
   2.2910000e+03             NaN             NaN
   2.2920000e+03             NaN             NaN
   2.2930000e+03             NaN             NaN
   2.2940000e+03             NaN             NaN
   2.2950000e+03             NaN             NaN
   2.2960000e+03             NaN             NaN
   2.2970000e+03             NaN             NaN
   2.2980000e+03             NaN             NaN
   2.2990000e+03             NaN             NaN
   2.3000000e+03             NaN             NaN
