   1.8500000e+03             NaN             NaN
   1.8510000e+03   1.1752433e+00   5.2379195e+00
   1.8520000e+03   2.2414228e+00   5.2151619e+00
   1.8530000e+03   3.0290647e+00   5.1882814e+00
   1.8540000e+03   4.6641528e+00   5.1653733e+00
   1.8550000e+03   5.6337384e+00   5.0946795e+00
   1.8560000e+03   6.6835836e+00   5.0932088e+00
   1.8570000e+03   8.4113344e+00   5.0656782e+00
   1.8580000e+03   9.2333116e+00   4.9883478e+00
   1.8590000e+03   1.0213703e+01   4.9644191e+00
   1.8600000e+03   1.0648491e+01   4.9402246e+00
   1.8610000e+03   1.1910374e+01   4.9162736e+00
   1.8620000e+03   1.2585203e+01   4.8852434e+00
   1.8630000e+03   1.3389353e+01   4.8837947e+00
   1.8640000e+03   1.4272096e+01   4.8821952e+00
   1.8650000e+03   1.5221474e+01   4.8804965e+00
   1.8660000e+03   1.6467770e+01   4.8553661e+00
   1.8670000e+03   1.8040845e+01   4.8538469e+00
   1.8680000e+03   1.8963959e+01   4.8298851e+00
   1.8690000e+03   2.0217316e+01   4.8284434e+00
   1.8700000e+03   2.0908211e+01   4.8025495e+00
   1.8710000e+03   2.1805558e+01   4.7782312e+00
   1.8720000e+03   2.3707720e+01   4.7537452e+00
   1.8730000e+03   2.4783719e+01   4.6946080e+00
   1.8740000e+03   2.5588245e+01   4.6685194e+00
   1.8750000e+03   2.6572315e+01   4.6443187e+00
   1.8760000e+03   2.7701478e+01   4.6428453e+00
   1.8770000e+03   2.9404732e+01   4.6164278e+00
   1.8780000e+03   3.1012905e+01   4.5091754e+00
   1.8790000e+03   3.1608381e+01   4.4663782e+00
   1.8800000e+03   3.2207078e+01   4.4648003e+00
   1.8810000e+03   3.3434659e+01   4.4632289e+00
   1.8820000e+03   3.4356464e+01   4.4358356e+00
   1.8830000e+03   3.5388561e+01   4.4086479e+00
   1.8840000e+03   3.6288683e+01   4.3762536e+00
   1.8850000e+03   3.7004468e+01   4.3508118e+00
   1.8860000e+03   3.7776855e+01   4.3255703e+00
   1.8870000e+03   3.8694880e+01   4.3013408e+00
   1.8880000e+03   3.9348695e+01   4.2771722e+00
   1.8890000e+03   4.0430812e+01   4.2755897e+00
   1.8900000e+03   4.3825275e+01   4.2498506e+00
   1.8910000e+03   4.4153130e+01   3.7786513e+00
   1.8920000e+03   4.4725554e+01   3.7769886e+00
   1.8930000e+03   4.5754695e+01   3.7734092e+00
   1.8940000e+03   4.6861600e+01   3.7439203e+00
   1.8950000e+03   4.7640105e+01   3.7420539e+00
   1.8960000e+03   4.8744808e+01   3.7166940e+00
   1.8970000e+03   4.9133375e+01   3.6887639e+00
   1.8980000e+03   5.0122808e+01   3.6641256e+00
   1.8990000e+03   5.0999769e+01   3.6402176e+00
   1.9000000e+03   5.2792637e+01   3.6119031e+00
   1.9010000e+03   5.3731229e+01   3.3778355e+00
   1.9020000e+03   5.3851000e+01   3.3456225e+00
   1.9030000e+03   5.4575118e+01   3.3435468e+00
   1.9040000e+03   5.5518461e+01   3.3414894e+00
   1.9050000e+03   5.6487052e+01   3.3394422e+00
   1.9060000e+03   5.7372763e+01   3.2400917e+00
   1.9070000e+03   5.7863278e+01   3.2091300e+00
   1.9080000e+03   5.8203375e+01   3.2064993e+00
   1.9090000e+03   5.8565104e+01   3.2043774e+00
   1.9100000e+03   5.8855930e+01   3.2022551e+00
   1.9110000e+03   5.9171266e+01   3.2001765e+00
   1.9120000e+03   6.0033213e+01   3.1980844e+00
   1.9130000e+03   6.0759196e+01   3.1741740e+00
   1.9140000e+03   6.1271435e+01   3.1720740e+00
   1.9150000e+03   6.2245549e+01   3.1497436e+00
   1.9160000e+03   6.2770036e+01   3.0979113e+00
   1.9170000e+03   6.3398243e+01   3.0752078e+00
   1.9180000e+03   6.4578726e+01   3.0730232e+00
   1.9190000e+03   6.5954670e+01   2.9516306e+00
   1.9200000e+03   6.6517280e+01   2.8683782e+00
   1.9210000e+03   6.7273225e+01   2.8659844e+00
   1.9220000e+03   6.8015634e+01   2.8414380e+00
   1.9230000e+03   7.0140448e+01   2.8204693e+00
   1.9240000e+03   7.1151153e+01   2.5609561e+00
   1.9250000e+03   7.2021434e+01   2.4838179e+00
   1.9260000e+03   7.2970880e+01   2.4504318e+00
   1.9270000e+03   7.3749736e+01   2.4282537e+00
   1.9280000e+03   7.4464489e+01   2.4254880e+00
   1.9290000e+03   7.5293984e+01   2.4045763e+00
   1.9300000e+03   7.5971358e+01   2.3490198e+00
   1.9310000e+03   7.6717599e+01   2.3276020e+00
   1.9320000e+03   7.7154978e+01   2.3077522e+00
   1.9330000e+03   7.8052900e+01   2.3048650e+00
   1.9340000e+03   7.8794363e+01   2.3019230e+00
   1.9350000e+03   7.9165651e+01   2.2650198e+00
   1.9360000e+03   7.9848675e+01   2.2621184e+00
   1.9370000e+03   8.0392111e+01   2.2445642e+00
   1.9380000e+03   8.1422285e+01   2.2416443e+00
   1.9390000e+03   8.2037520e+01   2.2249958e+00
   1.9400000e+03   8.2483044e+01   2.2220511e+00
   1.9410000e+03   8.3680656e+01   2.2191035e+00
   1.9420000e+03   8.4601885e+01   2.1822809e+00
   1.9430000e+03   8.6165338e+01   2.1676045e+00
   1.9440000e+03   8.6593635e+01   1.8279906e+00
   1.9450000e+03   8.7325791e+01   1.8243780e+00
   1.9460000e+03   8.7891248e+01   1.8082491e+00
   1.9470000e+03   8.9111070e+01   1.8046450e+00
   1.9480000e+03   8.9588080e+01   1.6681329e+00
   1.9490000e+03   9.0437937e+01   1.6641762e+00
   1.9500000e+03   9.2016125e+01   1.6377612e+00
   1.9510000e+03   9.2637654e+01   1.3438646e+00
   1.9520000e+03   9.3254382e+01   1.3171098e+00
   1.9530000e+03   9.4276418e+01   1.3006643e+00
   1.9540000e+03   9.4908636e+01   1.0692663e+00
   1.9550000e+03   9.5163740e+01   1.0632870e+00
   1.9560000e+03   9.6256202e+01   1.0571612e+00
   1.9570000e+03   9.6698802e+01   9.0369169e-01
   1.9580000e+03   9.7631976e+01   8.9545901e-01
   1.9590000e+03   9.8086457e+01   8.3697670e-01
   1.9600000e+03   9.9018520e+01   8.2175553e-01
   1.9610000e+03   9.9913228e+01   8.1211067e-01
   1.9620000e+03   1.0046279e+02   8.0424090e-01
   1.9630000e+03   1.0092605e+02   7.9628023e-01
   1.9640000e+03   1.0149166e+02   7.8822887e-01
   1.9650000e+03   1.0217671e+02   7.8002709e-01
   1.9660000e+03   1.0279165e+02   7.6377729e-01
   1.9670000e+03   1.0372978e+02   7.5588477e-01
   1.9680000e+03   1.0437251e+02   6.8673758e-01
   1.9690000e+03   1.0514832e+02   6.6133916e-01
   1.9700000e+03   1.0558039e+02   6.5172692e-01
   1.9710000e+03   1.0620359e+02   6.4196598e-01
   1.9720000e+03   1.0692702e+02   6.2924720e-01
   1.9730000e+03   1.0748086e+02   6.1915207e-01
   1.9740000e+03   1.0780841e+02   6.0974549e-01
   1.9750000e+03   1.0818699e+02   6.0166925e-01
   1.9760000e+03   1.0842977e+02   5.9116189e-01
   1.9770000e+03   1.0868097e+02   5.8035830e-01
   1.9780000e+03   1.0909460e+02   5.6932167e-01
   1.9790000e+03   1.0983805e+02   5.5822978e-01
   1.9800000e+03   1.1028774e+02   5.4685604e-01
   1.9810000e+03   1.1098868e+02   5.3409488e-01
   1.9820000e+03   1.1158604e+02   5.2221938e-01
   1.9830000e+03   1.1228879e+02   5.1009617e-01
   1.9840000e+03   1.1289560e+02   4.9769232e-01
   1.9850000e+03   1.1325579e+02   4.8502271e-01
   1.9860000e+03   1.1406605e+02   4.7197922e-01
   1.9870000e+03   1.1472233e+02   4.5864957e-01
   1.9880000e+03   1.1562586e+02   4.4492528e-01
   1.9890000e+03   1.1651220e+02   4.3069108e-01
   1.9900000e+03   1.1677078e+02   4.1593518e-01
   1.9910000e+03   1.1709177e+02   4.0076482e-01
   1.9920000e+03   1.1776097e+02   3.8510610e-01
   1.9930000e+03   1.1822829e+02   3.7428628e-01
   1.9940000e+03   1.1885812e+02   3.5740182e-01
   1.9950000e+03   1.1951145e+02   3.4081758e-01
   1.9960000e+03   1.1990143e+02   3.2214937e-01
   1.9970000e+03   1.2052794e+02   3.0239873e-01
   1.9980000e+03   1.2133180e+02   2.8128943e-01
   1.9990000e+03   1.2203680e+02   2.5870041e-01
   2.0000000e+03   1.2249795e+02   2.3741416e-01
   2.0010000e+03   1.2313063e+02   2.1320499e-01
   2.0020000e+03   1.2368165e+02   1.9433252e-01
   2.0030000e+03   1.2403282e+02   1.9655910e-01
   2.0040000e+03   1.2443341e+02   1.9723634e-01
   2.0050000e+03   1.2523953e+02   1.9812703e-01
   2.0060000e+03   1.2576411e+02   1.9906816e-01
   2.0070000e+03   1.2635553e+02   2.2291197e-01
   2.0080000e+03   1.2720007e+02   2.4437758e-01
   2.0090000e+03   1.2751071e+02   2.6458128e-01
   2.0100000e+03   1.2812275e+02   2.8672812e-01
   2.0110000e+03   1.2881400e+02   3.0734530e-01
   2.0120000e+03   1.2942135e+02   3.2662459e-01
   2.0130000e+03   1.2971578e+02   3.4486120e-01
   2.0140000e+03   1.3024564e+02   3.6209613e-01
   2.0150000e+03   1.3089419e+02   3.7851065e-01
   2.0160000e+03   1.3136829e+02   3.9434639e-01
   2.0170000e+03   1.3199872e+02   4.0959359e-01
   2.0180000e+03   1.3259603e+02   4.2433398e-01
   2.0190000e+03   1.3315988e+02   4.3860807e-01
   2.0200000e+03   1.3386141e+02   4.5244161e-01
   2.0210000e+03   1.3460814e+02   4.6584284e-01
   2.0220000e+03   1.3523221e+02   4.7888660e-01
   2.0230000e+03   1.3616129e+02   4.9155898e-01
   2.0240000e+03   1.3654520e+02   5.0391136e-01
   2.0250000e+03   1.3734565e+02   5.1589956e-01
   2.0260000e+03   1.3833088e+02   5.2769005e-01
   2.0270000e+03   1.3906005e+02   5.3928715e-01
   2.0280000e+03   1.3973949e+02   5.5060514e-01
   2.0290000e+03   1.4069815e+02   5.6282864e-01
   2.0300000e+03   1.4176256e+02   6.7614719e-01
   2.0310000e+03   1.4252617e+02   7.1416727e-01
   2.0320000e+03   1.4343783e+02   7.2276294e-01
   2.0330000e+03   1.4406305e+02   7.3124163e-01
   2.0340000e+03   1.4504780e+02   7.3973326e-01
   2.0350000e+03   1.4580886e+02   7.4805785e-01
   2.0360000e+03   1.4665461e+02   7.5692846e-01
   2.0370000e+03   1.4735914e+02   7.6501857e-01
   2.0380000e+03   1.4854469e+02   7.7312577e-01
   2.0390000e+03   1.4936445e+02   7.8096982e-01
   2.0400000e+03   1.5007262e+02   7.8869115e-01
   2.0410000e+03   1.5074344e+02   7.9648980e-01
   2.0420000e+03   1.5169375e+02   8.0423251e-01
   2.0430000e+03   1.5253959e+02   8.1191345e-01
   2.0440000e+03   1.5343268e+02   8.1957551e-01
   2.0450000e+03   1.5447250e+02   8.2710404e-01
   2.0460000e+03   1.5510063e+02   8.3502926e-01
   2.0470000e+03   1.5591513e+02   8.4301299e-01
   2.0480000e+03   1.5691462e+02   9.1828370e-01
   2.0490000e+03   1.5771443e+02   9.2502116e-01
   2.0500000e+03   1.5851957e+02   9.3171899e-01
   2.0510000e+03   1.5950736e+02   9.8691616e-01
   2.0520000e+03   1.6024295e+02   9.9322720e-01
   2.0530000e+03   1.6100268e+02   9.9946557e-01
   2.0540000e+03   1.6184506e+02   1.0056213e+00
   2.0550000e+03   1.6244493e+02   1.0117203e+00
   2.0560000e+03   1.6326459e+02   1.0178238e+00
   2.0570000e+03   1.6411843e+02   1.0238660e+00
   2.0580000e+03   1.6498692e+02   1.0298712e+00
   2.0590000e+03   1.6588187e+02   1.0359266e+00
   2.0600000e+03   1.6677204e+02   1.0419954e+00
   2.0610000e+03   1.6758367e+02   1.0480711e+00
   2.0620000e+03   1.6863090e+02   1.0856992e+00
   2.0630000e+03   1.6977061e+02   1.0914840e+00
   2.0640000e+03   1.7081715e+02   1.0971660e+00
   2.0650000e+03   1.7160254e+02   1.1027688e+00
   2.0660000e+03   1.7222690e+02   1.1083601e+00
   2.0670000e+03   1.7341022e+02   1.2626073e+00
   2.0680000e+03   1.7419732e+02   1.2675939e+00
   2.0690000e+03   1.7516122e+02   1.2725062e+00
   2.0700000e+03   1.7607260e+02   1.2774161e+00
   2.0710000e+03   1.7699694e+02   1.3449122e+00
   2.0720000e+03   1.7783554e+02   1.3495398e+00
   2.0730000e+03   1.7886997e+02   1.3837432e+00
   2.0740000e+03   1.7967658e+02   1.3882902e+00
   2.0750000e+03   1.8059518e+02   1.3943609e+00
   2.0760000e+03   1.8150633e+02   1.4950236e+00
   2.0770000e+03   1.8248666e+02   1.5851203e+00
   2.0780000e+03   1.8367436e+02   1.7827223e+00
   2.0790000e+03   1.8490785e+02   1.9474782e+00
   2.0800000e+03   1.8594019e+02   1.9536792e+00
   2.0810000e+03   1.8689793e+02   1.9570228e+00
   2.0820000e+03   1.8791961e+02   2.0619943e+00
   2.0830000e+03   1.8887103e+02   2.0648188e+00
   2.0840000e+03   1.8981507e+02   2.0677287e+00
   2.0850000e+03   1.9058640e+02   2.0706159e+00
   2.0860000e+03   1.9153913e+02   2.0735101e+00
   2.0870000e+03   1.9230476e+02   2.0763818e+00
   2.0880000e+03   1.9305105e+02   2.0786256e+00
   2.0890000e+03   1.9390902e+02   2.0815104e+00
   2.0900000e+03   1.9454943e+02   2.0843639e+00
   2.0910000e+03   1.9533319e+02   2.0872316e+00
   2.0920000e+03   1.9625497e+02   2.0900883e+00
   2.0930000e+03   1.9707901e+02   2.0920009e+00
   2.0940000e+03   1.9816700e+02   2.0948849e+00
   2.0950000e+03   1.9892132e+02   2.0977192e+00
   2.0960000e+03   1.9972810e+02   2.1005464e+00
   2.0970000e+03   2.0072769e+02   2.1034359e+00
   2.0980000e+03   2.0162836e+02   2.1062606e+00
   2.0990000e+03   2.0215554e+02   2.1090622e+00
   2.1000000e+03   2.0284545e+02   2.1118928e+00
   2.1010000e+03             NaN             NaN
   2.1020000e+03             NaN             NaN
   2.1030000e+03             NaN             NaN
   2.1040000e+03             NaN             NaN
   2.1050000e+03             NaN             NaN
   2.1060000e+03             NaN             NaN
   2.1070000e+03             NaN             NaN
   2.1080000e+03             NaN             NaN
   2.1090000e+03             NaN             NaN
   2.1100000e+03             NaN             NaN
   2.1110000e+03             NaN             NaN
   2.1120000e+03             NaN             NaN
   2.1130000e+03             NaN             NaN
   2.1140000e+03             NaN             NaN
   2.1150000e+03             NaN             NaN
   2.1160000e+03             NaN             NaN
   2.1170000e+03             NaN             NaN
   2.1180000e+03             NaN             NaN
   2.1190000e+03             NaN             NaN
   2.1200000e+03             NaN             NaN
   2.1210000e+03             NaN             NaN
   2.1220000e+03             NaN             NaN
   2.1230000e+03             NaN             NaN
   2.1240000e+03             NaN             NaN
   2.1250000e+03             NaN             NaN
   2.1260000e+03             NaN             NaN
   2.1270000e+03             NaN             NaN
   2.1280000e+03             NaN             NaN
   2.1290000e+03             NaN             NaN
   2.1300000e+03             NaN             NaN
   2.1310000e+03             NaN             NaN
   2.1320000e+03             NaN             NaN
   2.1330000e+03             NaN             NaN
   2.1340000e+03             NaN             NaN
   2.1350000e+03             NaN             NaN
   2.1360000e+03             NaN             NaN
   2.1370000e+03             NaN             NaN
   2.1380000e+03             NaN             NaN
   2.1390000e+03             NaN             NaN
   2.1400000e+03             NaN             NaN
   2.1410000e+03             NaN             NaN
   2.1420000e+03             NaN             NaN
   2.1430000e+03             NaN             NaN
   2.1440000e+03             NaN             NaN
   2.1450000e+03             NaN             NaN
   2.1460000e+03             NaN             NaN
   2.1470000e+03             NaN             NaN
   2.1480000e+03             NaN             NaN
   2.1490000e+03             NaN             NaN
   2.1500000e+03             NaN             NaN
   2.1510000e+03             NaN             NaN
   2.1520000e+03             NaN             NaN
   2.1530000e+03             NaN             NaN
   2.1540000e+03             NaN             NaN
   2.1550000e+03             NaN             NaN
   2.1560000e+03             NaN             NaN
   2.1570000e+03             NaN             NaN
   2.1580000e+03             NaN             NaN
   2.1590000e+03             NaN             NaN
   2.1600000e+03             NaN             NaN
   2.1610000e+03             NaN             NaN
   2.1620000e+03             NaN             NaN
   2.1630000e+03             NaN             NaN
   2.1640000e+03             NaN             NaN
   2.1650000e+03             NaN             NaN
   2.1660000e+03             NaN             NaN
   2.1670000e+03             NaN             NaN
   2.1680000e+03             NaN             NaN
   2.1690000e+03             NaN             NaN
   2.1700000e+03             NaN             NaN
   2.1710000e+03             NaN             NaN
   2.1720000e+03             NaN             NaN
   2.1730000e+03             NaN             NaN
   2.1740000e+03             NaN             NaN
   2.1750000e+03             NaN             NaN
   2.1760000e+03             NaN             NaN
   2.1770000e+03             NaN             NaN
   2.1780000e+03             NaN             NaN
   2.1790000e+03             NaN             NaN
   2.1800000e+03             NaN             NaN
   2.1810000e+03             NaN             NaN
   2.1820000e+03             NaN             NaN
   2.1830000e+03             NaN             NaN
   2.1840000e+03             NaN             NaN
   2.1850000e+03             NaN             NaN
   2.1860000e+03             NaN             NaN
   2.1870000e+03             NaN             NaN
   2.1880000e+03             NaN             NaN
   2.1890000e+03             NaN             NaN
   2.1900000e+03             NaN             NaN
   2.1910000e+03             NaN             NaN
   2.1920000e+03             NaN             NaN
   2.1930000e+03             NaN             NaN
   2.1940000e+03             NaN             NaN
   2.1950000e+03             NaN             NaN
   2.1960000e+03             NaN             NaN
   2.1970000e+03             NaN             NaN
   2.1980000e+03             NaN             NaN
   2.1990000e+03             NaN             NaN
   2.2000000e+03             NaN             NaN
   2.2010000e+03             NaN             NaN
   2.2020000e+03             NaN             NaN
   2.2030000e+03             NaN             NaN
   2.2040000e+03             NaN             NaN
   2.2050000e+03             NaN             NaN
   2.2060000e+03             NaN             NaN
   2.2070000e+03             NaN             NaN
   2.2080000e+03             NaN             NaN
   2.2090000e+03             NaN             NaN
   2.2100000e+03             NaN             NaN
   2.2110000e+03             NaN             NaN
   2.2120000e+03             NaN             NaN
   2.2130000e+03             NaN             NaN
   2.2140000e+03             NaN             NaN
   2.2150000e+03             NaN             NaN
   2.2160000e+03             NaN             NaN
   2.2170000e+03             NaN             NaN
   2.2180000e+03             NaN             NaN
   2.2190000e+03             NaN             NaN
   2.2200000e+03             NaN             NaN
   2.2210000e+03             NaN             NaN
   2.2220000e+03             NaN             NaN
   2.2230000e+03             NaN             NaN
   2.2240000e+03             NaN             NaN
   2.2250000e+03             NaN             NaN
   2.2260000e+03             NaN             NaN
   2.2270000e+03             NaN             NaN
   2.2280000e+03             NaN             NaN
   2.2290000e+03             NaN             NaN
   2.2300000e+03             NaN             NaN
   2.2310000e+03             NaN             NaN
   2.2320000e+03             NaN             NaN
   2.2330000e+03             NaN             NaN
   2.2340000e+03             NaN             NaN
   2.2350000e+03             NaN             NaN
   2.2360000e+03             NaN             NaN
   2.2370000e+03             NaN             NaN
   2.2380000e+03             NaN             NaN
   2.2390000e+03             NaN             NaN
   2.2400000e+03             NaN             NaN
   2.2410000e+03             NaN             NaN
   2.2420000e+03             NaN             NaN
   2.2430000e+03             NaN             NaN
   2.2440000e+03             NaN             NaN
   2.2450000e+03             NaN             NaN
   2.2460000e+03             NaN             NaN
   2.2470000e+03             NaN             NaN
   2.2480000e+03             NaN             NaN
   2.2490000e+03             NaN             NaN
   2.2500000e+03             NaN             NaN
   2.2510000e+03             NaN             NaN
   2.2520000e+03             NaN             NaN
   2.2530000e+03             NaN             NaN
   2.2540000e+03             NaN             NaN
   2.2550000e+03             NaN             NaN
   2.2560000e+03             NaN             NaN
   2.2570000e+03             NaN             NaN
   2.2580000e+03             NaN             NaN
   2.2590000e+03             NaN             NaN
   2.2600000e+03             NaN             NaN
   2.2610000e+03             NaN             NaN
   2.2620000e+03             NaN             NaN
   2.2630000e+03             NaN             NaN
   2.2640000e+03             NaN             NaN
   2.2650000e+03             NaN             NaN
   2.2660000e+03             NaN             NaN
   2.2670000e+03             NaN             NaN
   2.2680000e+03             NaN             NaN
   2.2690000e+03             NaN             NaN
   2.2700000e+03             NaN             NaN
   2.2710000e+03             NaN             NaN
   2.2720000e+03             NaN             NaN
   2.2730000e+03             NaN             NaN
   2.2740000e+03             NaN             NaN
   2.2750000e+03             NaN             NaN
   2.2760000e+03             NaN             NaN
   2.2770000e+03             NaN             NaN
   2.2780000e+03             NaN             NaN
   2.2790000e+03             NaN             NaN
   2.2800000e+03             NaN             NaN
   2.2810000e+03             NaN             NaN
   2.2820000e+03             NaN             NaN
   2.2830000e+03             NaN             NaN
   2.2840000e+03             NaN             NaN
   2.2850000e+03             NaN             NaN
   2.2860000e+03             NaN             NaN
   2.2870000e+03             NaN             NaN
   2.2880000e+03             NaN             NaN
   2.2890000e+03             NaN             NaN
   2.2900000e+03             NaN             NaN
   2.2910000e+03             NaN             NaN
   2.2920000e+03             NaN             NaN
   2.2930000e+03             NaN             NaN
   2.2940000e+03             NaN             NaN
   2.2950000e+03             NaN             NaN
   2.2960000e+03             NaN             NaN
   2.2970000e+03             NaN             NaN
   2.2980000e+03             NaN             NaN
   2.2990000e+03             NaN             NaN
   2.3000000e+03             NaN             NaN
