   1.8500000e+03             NaN             NaN
   1.8510000e+03   8.7770103e-01   5.4305038e+00
   1.8520000e+03   3.0662679e+00   5.3859925e+00
   1.8530000e+03   4.8938025e+00   5.3128870e+00
   1.8540000e+03   6.6506845e+00   5.2434271e+00
   1.8550000e+03   7.9237133e+00   5.1798325e+00
   1.8560000e+03   8.6854150e+00   5.1360434e+00
   1.8570000e+03   1.0059560e+01   5.0888348e+00
   1.8580000e+03   1.0784574e+01   5.0492568e+00
   1.8590000e+03   1.0921523e+01   4.9996280e+00
   1.8600000e+03   1.1835732e+01   4.9722076e+00
   1.8610000e+03   1.2587952e+01   4.9431941e+00
   1.8620000e+03   1.4036619e+01   4.9151354e+00
   1.8630000e+03   1.5297452e+01   4.8724397e+00
   1.8640000e+03   1.6108552e+01   4.8336876e+00
   1.8650000e+03   1.8158325e+01   4.7974746e+00
   1.8660000e+03   1.8920933e+01   4.7357045e+00
   1.8670000e+03   1.9515638e+01   4.7045533e+00
   1.8680000e+03   2.0375750e+01   4.6599144e+00
   1.8690000e+03   2.1178960e+01   4.5926765e+00
   1.8700000e+03   2.2210800e+01   4.5585548e+00
   1.8710000e+03   2.5023917e+01   4.4913940e+00
   1.8720000e+03   2.5711062e+01   3.9007049e+00
   1.8730000e+03   2.6465217e+01   3.8397063e+00
   1.8740000e+03   2.7758394e+01   3.7995650e+00
   1.8750000e+03   2.9284960e+01   3.7518980e+00
   1.8760000e+03   3.0164345e+01   3.6762846e+00
   1.8770000e+03   3.0475302e+01   3.6218998e+00
   1.8780000e+03   3.0998234e+01   3.5899872e+00
   1.8790000e+03   3.1572864e+01   3.5428494e+00
   1.8800000e+03   3.2931866e+01   3.4874066e+00
   1.8810000e+03   3.4821508e+01   3.4274543e+00
   1.8820000e+03   3.5248889e+01   3.3772205e+00
   1.8830000e+03   3.5524686e+01   3.3745989e+00
   1.8840000e+03   3.6248370e+01   3.2930403e+00
   1.8850000e+03   3.6732439e+01   3.2372507e+00
   1.8860000e+03   3.7886098e+01   3.2350635e+00
   1.8870000e+03   3.9449832e+01   3.1680833e+00
   1.8880000e+03   3.9764381e+01   3.1145273e+00
   1.8890000e+03   3.9837041e+01   3.0644419e+00
   1.8900000e+03   4.0701021e+01   3.0354350e+00
   1.8910000e+03   4.1521405e+01   2.9917732e+00
   1.8920000e+03   4.2195847e+01   2.9041670e+00
   1.8930000e+03   4.2333858e+01   2.8671208e+00
   1.8940000e+03   4.3470808e+01   2.8306151e+00
   1.8950000e+03   4.3924233e+01   2.7622278e+00
   1.8960000e+03   4.4301030e+01   2.7108645e+00
   1.8970000e+03   4.4936633e+01   2.6778516e+00
   1.8980000e+03   4.5404071e+01   2.6463968e+00
   1.8990000e+03   4.5995948e+01   2.5735245e+00
   1.9000000e+03   4.7132100e+01   2.5138517e+00
   1.9010000e+03   4.8080952e+01   2.4772906e+00
   1.9020000e+03   4.8719626e+01   2.4451234e+00
   1.9030000e+03   4.9729334e+01   2.4159482e+00
   1.9040000e+03   5.1551409e+01   2.3678564e+00
   1.9050000e+03   5.2143062e+01   2.2650169e+00
   1.9060000e+03   5.2594418e+01   2.2322495e+00
   1.9070000e+03   5.4735938e+01   2.2068717e+00
   1.9080000e+03   5.6788525e+01   2.1282853e+00
   1.9090000e+03   5.7874205e+01   2.0677956e+00
   1.9100000e+03   5.9527690e+01   1.9898325e+00
   1.9110000e+03   6.0249536e+01   1.9180246e+00
   1.9120000e+03   6.1364359e+01   1.8968280e+00
   1.9130000e+03   6.1859467e+01   1.8151340e+00
   1.9140000e+03   6.3460324e+01   1.7869917e+00
   1.9150000e+03   6.3539541e+01   1.7354483e+00
   1.9160000e+03   6.4151600e+01   1.7175994e+00
   1.9170000e+03   6.4804890e+01   1.6751314e+00
   1.9180000e+03   6.5520414e+01   1.6376838e+00
   1.9190000e+03   6.6465363e+01   1.6015927e+00
   1.9200000e+03   6.7437932e+01   1.5348697e+00
   1.9210000e+03   6.8150799e+01   1.5110078e+00
   1.9220000e+03   6.9870543e+01   1.4925412e+00
   1.9230000e+03   7.0673401e+01   1.4672222e+00
   1.9240000e+03   7.1333323e+01   1.4374452e+00
   1.9250000e+03   7.1549723e+01   1.4085732e+00
   1.9260000e+03   7.2729159e+01   1.4033713e+00
   1.9270000e+03   7.3596565e+01   1.3738637e+00
   1.9280000e+03   7.4031944e+01   1.3602205e+00
   1.9290000e+03   7.5584743e+01   1.3416170e+00
   1.9300000e+03   7.6417080e+01   1.3140601e+00
   1.9310000e+03   7.7578884e+01   1.3069558e+00
   1.9320000e+03   7.8626617e+01   1.3003875e+00
   1.9330000e+03   7.9183940e+01   1.2944263e+00
   1.9340000e+03   7.9935250e+01   1.2859901e+00
   1.9350000e+03   8.0053012e+01   1.2757259e+00
   1.9360000e+03   8.0724025e+01   1.2654629e+00
   1.9370000e+03   8.1695524e+01   1.2393111e+00
   1.9380000e+03   8.2543872e+01   1.2234272e+00
   1.9390000e+03   8.3410684e+01   1.2165764e+00
   1.9400000e+03   8.4412348e+01   1.2103671e+00
   1.9410000e+03   8.4925656e+01   1.1961937e+00
   1.9420000e+03   8.4918547e+01   1.1908277e+00
   1.9430000e+03   8.6468418e+01   1.1718300e+00
   1.9440000e+03   8.7487539e+01   1.1653271e+00
   1.9450000e+03   8.8421851e+01   1.1597673e+00
   1.9460000e+03   8.9540244e+01   1.1389180e+00
   1.9470000e+03   8.9872161e+01   1.1338475e+00
   1.9480000e+03   9.0770478e+01   1.1114274e+00
   1.9490000e+03   9.2842659e+01   1.1054139e+00
   1.9500000e+03   9.4152548e+01   1.0989457e+00
   1.9510000e+03   9.5921978e+01   1.0753338e+00
   1.9520000e+03   9.6578822e+01   1.0671205e+00
   1.9530000e+03   9.7311335e+01   1.0610153e+00
   1.9540000e+03   9.8037099e+01   1.0545779e+00
   1.9550000e+03   9.8350855e+01   1.0338809e+00
   1.9560000e+03   9.9297191e+01   1.0274685e+00
   1.9570000e+03   9.9513005e+01   1.0212206e+00
   1.9580000e+03   1.0054355e+02   1.0148893e+00
   1.9590000e+03   1.0148976e+02   1.0085177e+00
   1.9600000e+03   1.0194879e+02   1.0020873e+00
   1.9610000e+03   1.0272116e+02   9.9580097e-01
   1.9620000e+03   1.0340147e+02   9.8910171e-01
   1.9630000e+03   1.0389922e+02   9.8267399e-01
   1.9640000e+03   1.0470301e+02   9.7615095e-01
   1.9650000e+03   1.0510887e+02   9.6999677e-01
   1.9660000e+03   1.0509056e+02   9.6348701e-01
   1.9670000e+03   1.0604948e+02   9.5697032e-01
   1.9680000e+03   1.0701939e+02   9.5031074e-01
   1.9690000e+03   1.0776926e+02   9.4343250e-01
   1.9700000e+03   1.0845008e+02   9.3659697e-01
   1.9710000e+03   1.0960471e+02   9.2979729e-01
   1.9720000e+03   1.1048030e+02   9.2281285e-01
   1.9730000e+03   1.1073628e+02   8.7842627e-01
   1.9740000e+03   1.1150311e+02   8.7099199e-01
   1.9750000e+03   1.1272297e+02   8.4568374e-01
   1.9760000e+03   1.1311090e+02   8.3823855e-01
   1.9770000e+03   1.1406530e+02   8.3053927e-01
   1.9780000e+03   1.1495711e+02   7.8706769e-01
   1.9790000e+03   1.1548768e+02   7.7868727e-01
   1.9800000e+03   1.1571754e+02   7.7055280e-01
   1.9810000e+03   1.1606409e+02   7.6238252e-01
   1.9820000e+03   1.1639842e+02   7.5420974e-01
   1.9830000e+03   1.1686386e+02   7.4595483e-01
   1.9840000e+03   1.1743747e+02   7.3757819e-01
   1.9850000e+03   1.1831666e+02   7.2908965e-01
   1.9860000e+03   1.1868361e+02   7.2044303e-01
   1.9870000e+03   1.1981383e+02   7.1180748e-01
   1.9880000e+03   1.2043964e+02   7.0303515e-01
   1.9890000e+03   1.2127562e+02   6.9411543e-01
   1.9900000e+03   1.2234833e+02   6.8513399e-01
   1.9910000e+03   1.2292145e+02   6.7554464e-01
   1.9920000e+03   1.2354200e+02   6.6630529e-01
   1.9930000e+03   1.2449292e+02   6.5695133e-01
   1.9940000e+03   1.2488973e+02   6.4791349e-01
   1.9950000e+03   1.2558078e+02   6.3777591e-01
   1.9960000e+03   1.2600382e+02   6.2801665e-01
   1.9970000e+03   1.2653749e+02   6.2134073e-01
   1.9980000e+03   1.2762422e+02   6.1078304e-01
   1.9990000e+03   1.2874249e+02   5.9978826e-01
   2.0000000e+03   1.3004263e+02   5.8938366e-01
   2.0010000e+03   1.3336640e+02   5.7885026e-01
   2.0020000e+03   1.3455485e+02   2.0101568e-01
   2.0030000e+03   1.3615300e+02   1.9657463e-01
   2.0040000e+03   1.3719675e+02   1.9753063e-01
   2.0050000e+03   1.3841862e+02   1.9850124e-01
   2.0060000e+03   1.3926911e+02   1.9960340e-01
   2.0070000e+03   1.4165902e+02   2.4910143e-01
   2.0080000e+03   1.4228852e+02   2.6843384e-01
   2.0090000e+03   1.4356342e+02   2.9017651e-01
   2.0100000e+03   1.4534956e+02   3.1057320e-01
   2.0110000e+03   1.4618673e+02   3.2981116e-01
   2.0120000e+03   1.4756883e+02   3.4790158e-01
   2.0130000e+03   1.4934870e+02   3.6516410e-01
   2.0140000e+03   1.5084885e+02   3.8162594e-01
   2.0150000e+03   1.5247358e+02   3.9740903e-01
   2.0160000e+03   1.5462446e+02   4.1319290e-01
   2.0170000e+03   1.5553937e+02   4.2775774e-01
   2.0180000e+03   1.5680466e+02   4.4191540e-01
   2.0190000e+03   1.5834171e+02   4.5568489e-01
   2.0200000e+03   1.6038407e+02   4.6902388e-01
   2.0210000e+03   1.6164266e+02   4.8192955e-01
   2.0220000e+03   1.6250451e+02   4.9449924e-01
   2.0230000e+03   1.6393352e+02   5.0693976e-01
   2.0240000e+03   1.6572713e+02   5.1897913e-01
   2.0250000e+03   1.6777173e+02   5.3072466e-01
   2.0260000e+03   1.6991718e+02   5.4231260e-01
   2.0270000e+03   1.7177495e+02   5.5361234e-01
   2.0280000e+03   1.7364301e+02   5.6460234e-01
   2.0290000e+03   1.7582536e+02   5.7552938e-01
   2.0300000e+03   1.7781508e+02   5.8641131e-01
   2.0310000e+03   1.8023034e+02   5.9697724e-01
   2.0320000e+03   1.8231139e+02   6.0731614e-01
   2.0330000e+03   1.8429335e+02   6.1736192e-01
   2.0340000e+03   1.8626365e+02   6.2742448e-01
   2.0350000e+03   1.8879943e+02   1.4931233e+00
   2.0360000e+03   1.9035680e+02   1.4973095e+00
   2.0370000e+03   1.9217850e+02   1.5014401e+00
   2.0380000e+03   1.9484471e+02   1.5729296e+00
   2.0390000e+03   1.9737079e+02   1.5879727e+00
   2.0400000e+03   1.9919293e+02   1.5918960e+00
   2.0410000e+03   2.0184469e+02   1.7764928e+00
   2.0420000e+03   2.0441104e+02   1.7801102e+00
   2.0430000e+03   2.0764196e+02   1.9008946e+00
   2.0440000e+03   2.1051589e+02   1.9044506e+00
   2.0450000e+03   2.1314105e+02   1.9077607e+00
   2.0460000e+03   2.1507088e+02   1.9110714e+00
   2.0470000e+03   2.1757159e+02   1.9145190e+00
   2.0480000e+03   2.1986238e+02   1.9179834e+00
   2.0490000e+03   2.2231749e+02   1.9212534e+00
   2.0500000e+03   2.2485516e+02   1.9244841e+00
   2.0510000e+03   2.2699245e+02   1.9277155e+00
   2.0520000e+03   2.2958580e+02   1.9311902e+00
   2.0530000e+03   2.3173826e+02   1.9345878e+00
   2.0540000e+03   2.3346118e+02   1.9378748e+00
   2.0550000e+03   2.3606269e+02   1.9420288e+00
   2.0560000e+03   2.3863014e+02   1.9459994e+00
   2.0570000e+03   2.4063538e+02   1.9493717e+00
   2.0580000e+03   2.4265654e+02   1.9534838e+00
   2.0590000e+03   2.4510820e+02   1.9567478e+00
   2.0600000e+03   2.4757464e+02   1.9600413e+00
   2.0610000e+03   2.4959572e+02   1.9634332e+00
   2.0620000e+03   2.5124484e+02   1.9665978e+00
   2.0630000e+03   2.5313183e+02   1.9698262e+00
   2.0640000e+03   2.5489487e+02   1.9730962e+00
   2.0650000e+03   2.5661680e+02   1.9764810e+00
   2.0660000e+03   2.5833287e+02   1.9800138e+00
   2.0670000e+03   2.5998961e+02   1.9835905e+00
   2.0680000e+03   2.6248557e+02   1.9873882e+00
   2.0690000e+03   2.6478015e+02   1.9911492e+00
   2.0700000e+03   2.6663638e+02   1.9943922e+00
   2.0710000e+03   2.6842734e+02   1.9979460e+00
   2.0720000e+03   2.7033680e+02   2.0016445e+00
   2.0730000e+03   2.7171015e+02   2.0048605e+00
   2.0740000e+03   2.7384176e+02   2.0082741e+00
   2.0750000e+03   2.7563665e+02   2.0114943e+00
   2.0760000e+03   2.7741330e+02   2.0148379e+00
   2.0770000e+03   2.7951771e+02   2.0182487e+00
   2.0780000e+03   2.8120287e+02   2.0218096e+00
   2.0790000e+03   2.8294628e+02   2.0250814e+00
   2.0800000e+03   2.8507483e+02   2.0286517e+00
   2.0810000e+03   2.8682441e+02   2.0319681e+00
   2.0820000e+03   2.8830616e+02   2.0354026e+00
   2.0830000e+03   2.9001921e+02   2.0392622e+00
   2.0840000e+03   2.9130696e+02   2.0425458e+00
   2.0850000e+03   2.9292929e+02   2.0459399e+00
   2.0860000e+03   2.9465035e+02   2.0506591e+00
   2.0870000e+03   2.9621435e+02   2.0550211e+00
   2.0880000e+03   2.9803285e+02   2.0590268e+00
   2.0890000e+03   2.9978114e+02   2.0628840e+00
   2.0900000e+03   3.0106072e+02   2.0661565e+00
   2.0910000e+03   3.0284935e+02   2.0708171e+00
   2.0920000e+03   3.0426737e+02   2.0742042e+00
   2.0930000e+03   3.0558792e+02   2.0782258e+00
   2.0940000e+03   3.0702542e+02   2.0819997e+00
   2.0950000e+03   3.0794490e+02   2.0849612e+00
   2.0960000e+03   3.0919931e+02   2.0881364e+00
   2.0970000e+03   3.1061627e+02   2.0917760e+00
   2.0980000e+03   3.1156569e+02   2.0952805e+00
   2.0990000e+03   3.1335837e+02   2.0989943e+00
   2.1000000e+03   3.1537388e+02   2.1023375e+00
   2.1010000e+03   3.1687056e+02   2.1054045e+00
   2.1020000e+03   3.1795909e+02   2.1092504e+00
   2.1030000e+03   3.1899901e+02   2.1124420e+00
   2.1040000e+03   3.2058970e+02   2.1158387e+00
   2.1050000e+03   3.2176376e+02   2.1187802e+00
   2.1060000e+03   3.2351750e+02   2.1219782e+00
   2.1070000e+03   3.2465150e+02   2.1250460e+00
   2.1080000e+03   3.2608720e+02   2.1285797e+00
   2.1090000e+03   3.2763127e+02   2.1317516e+00
   2.1100000e+03   3.2873628e+02   2.1345045e+00
   2.1110000e+03   3.3020769e+02   2.1376711e+00
   2.1120000e+03   3.3160616e+02   2.1408105e+00
   2.1130000e+03   3.3327307e+02   2.1440751e+00
   2.1140000e+03   3.3473002e+02   2.1472374e+00
   2.1150000e+03   3.3585360e+02   2.1503982e+00
   2.1160000e+03   3.3692629e+02   2.1533295e+00
   2.1170000e+03   3.3799031e+02   2.1563631e+00
   2.1180000e+03   3.3940533e+02   2.1595258e+00
   2.1190000e+03   3.4060653e+02   2.1628518e+00
   2.1200000e+03   3.4179737e+02   2.1657182e+00
   2.1210000e+03   3.4263613e+02   2.1684958e+00
   2.1220000e+03   3.4413052e+02   2.1716845e+00
   2.1230000e+03   3.4557094e+02   2.1744786e+00
   2.1240000e+03   3.4674386e+02   2.1776577e+00
   2.1250000e+03   3.4813738e+02   2.1809016e+00
   2.1260000e+03   3.4932725e+02   2.1839398e+00
   2.1270000e+03   3.5061009e+02   2.1870598e+00
   2.1280000e+03   3.5154177e+02   2.1898803e+00
   2.1290000e+03   3.5283888e+02   2.1932772e+00
   2.1300000e+03   3.5462811e+02   2.1968418e+00
   2.1310000e+03   3.5626932e+02   2.2004451e+00
   2.1320000e+03   3.5754878e+02   2.2039821e+00
   2.1330000e+03   3.5855943e+02   2.2070611e+00
   2.1340000e+03   3.5976013e+02   2.2106812e+00
   2.1350000e+03   3.6123519e+02   2.2143936e+00
   2.1360000e+03   3.6216624e+02   2.2173172e+00
   2.1370000e+03   3.6304691e+02   2.2199214e+00
   2.1380000e+03   3.6424871e+02   2.2230782e+00
   2.1390000e+03   3.6497022e+02   2.2256635e+00
   2.1400000e+03   3.6569907e+02   2.2283844e+00
   2.1410000e+03   3.6619921e+02   2.2309128e+00
   2.1420000e+03   3.6711767e+02   2.2348634e+00
   2.1430000e+03   3.6845278e+02   2.2382770e+00
   2.1440000e+03   3.6915479e+02   2.2409060e+00
   2.1450000e+03   3.6976117e+02   2.2436680e+00
   2.1460000e+03   3.7080194e+02   2.2462082e+00
   2.1470000e+03   3.7161778e+02   2.2487472e+00
   2.1480000e+03   3.7253588e+02   2.2515069e+00
   2.1490000e+03   3.7367732e+02   2.2561290e+00
   2.1500000e+03   3.7488980e+02   2.2608908e+00
   2.1510000e+03   3.7555645e+02   2.2634013e+00
   2.1520000e+03   3.7616189e+02   2.2658643e+00
   2.1530000e+03   3.7701183e+02   2.2707685e+00
   2.1540000e+03   3.7800169e+02   2.2732364e+00
   2.1550000e+03   3.7909966e+02   2.2770538e+00
   2.1560000e+03   3.8008571e+02   2.2809440e+00
   2.1570000e+03   3.8123145e+02   2.2833996e+00
   2.1580000e+03   3.8258755e+02   2.2889215e+00
   2.1590000e+03   3.8369362e+02   2.2929794e+00
   2.1600000e+03   3.8509397e+02   2.3007670e+00
   2.1610000e+03   3.8607169e+02   2.3031963e+00
   2.1620000e+03   3.8697623e+02   2.3056487e+00
   2.1630000e+03   3.8785457e+02   2.3080722e+00
   2.1640000e+03   3.8853935e+02   2.3104766e+00
   2.1650000e+03   3.8917490e+02   2.3128492e+00
   2.1660000e+03   3.9022090e+02   2.3152498e+00
   2.1670000e+03   3.9099188e+02   2.3176307e+00
   2.1680000e+03   3.9178713e+02   2.3200230e+00
   2.1690000e+03   3.9284990e+02   2.3224200e+00
   2.1700000e+03   3.9392300e+02   2.3273165e+00
   2.1710000e+03   3.9465150e+02   2.3296970e+00
   2.1720000e+03   3.9526889e+02   2.3320488e+00
   2.1730000e+03   3.9580702e+02   2.3344633e+00
   2.1740000e+03   3.9652482e+02   2.3397010e+00
   2.1750000e+03   3.9681438e+02   2.3420815e+00
   2.1760000e+03   3.9783125e+02   2.3444750e+00
   2.1770000e+03   3.9831171e+02   2.3468356e+00
   2.1780000e+03   3.9918213e+02   2.3492504e+00
   2.1790000e+03   4.0045817e+02   2.3582276e+00
   2.1800000e+03   4.0138144e+02   2.3606062e+00
   2.1810000e+03   4.0189686e+02   2.3629397e+00
   2.1820000e+03   4.0272904e+02   2.3652985e+00
   2.1830000e+03   4.0323388e+02   2.3676425e+00
   2.1840000e+03   4.0390632e+02   2.3699797e+00
   2.1850000e+03   4.0481142e+02   2.3723443e+00
   2.1860000e+03   4.0537103e+02   2.3747377e+00
   2.1870000e+03   4.0588359e+02   2.3770934e+00
   2.1880000e+03   4.0708728e+02   2.3837107e+00
   2.1890000e+03   4.0800834e+02   2.3900893e+00
   2.1900000e+03   4.0865534e+02   2.3924236e+00
   2.1910000e+03   4.0904610e+02   2.3947383e+00
   2.1920000e+03   4.0972004e+02   2.3970784e+00
   2.1930000e+03   4.1011636e+02   2.3993841e+00
   2.1940000e+03   4.1066646e+02   2.4017176e+00
   2.1950000e+03   4.1136156e+02   2.4040667e+00
   2.1960000e+03   4.1197897e+02   2.4064006e+00
   2.1970000e+03   4.1242795e+02   2.4086994e+00
   2.1980000e+03   4.1297730e+02   2.4110186e+00
   2.1990000e+03   4.1357519e+02   2.4133859e+00
   2.2000000e+03   4.1402967e+02   2.4157178e+00
   2.2010000e+03   4.1438851e+02   2.4180237e+00
   2.2020000e+03   4.1523992e+02   2.4253299e+00
   2.2030000e+03   4.1607475e+02   2.4276986e+00
   2.2040000e+03   4.1664987e+02   2.4300306e+00
   2.2050000e+03   4.1731471e+02   2.4323614e+00
   2.2060000e+03   4.1792595e+02   2.4346678e+00
   2.2070000e+03   4.1872325e+02   2.4370058e+00
   2.2080000e+03   4.1943327e+02   2.4393918e+00
   2.2090000e+03   4.2027314e+02   2.4417507e+00
   2.2100000e+03   4.2073769e+02   2.4440634e+00
   2.2110000e+03   4.2124376e+02   2.4465349e+00
   2.2120000e+03   4.2199896e+02   2.4489339e+00
   2.2130000e+03   4.2270579e+02   2.4512756e+00
   2.2140000e+03   4.2350171e+02   2.4536698e+00
   2.2150000e+03   4.2420160e+02   2.4560157e+00
   2.2160000e+03   4.2468426e+02   2.4583992e+00
   2.2170000e+03   4.2509971e+02   2.4607017e+00
   2.2180000e+03   4.2564187e+02   2.4630471e+00
   2.2190000e+03   4.2629005e+02   2.4654078e+00
   2.2200000e+03   4.2650118e+02   2.4677121e+00
   2.2210000e+03   4.2697644e+02   2.4700290e+00
   2.2220000e+03   4.2725167e+02   2.4723881e+00
   2.2230000e+03   4.2801380e+02   2.4747851e+00
   2.2240000e+03   4.2849843e+02   2.4771372e+00
   2.2250000e+03   4.2928507e+02   2.4795116e+00
   2.2260000e+03   4.2979129e+02   2.4817997e+00
   2.2270000e+03   4.3044020e+02   2.4841770e+00
   2.2280000e+03   4.3067605e+02   2.4865247e+00
   2.2290000e+03   4.3106362e+02   2.4889326e+00
   2.2300000e+03   4.3139654e+02   2.4908267e+00
   2.2310000e+03   4.3195915e+02   2.4932087e+00
   2.2320000e+03   4.3237068e+02   2.4956522e+00
   2.2330000e+03   4.3274590e+02   2.4980457e+00
   2.2340000e+03   4.3314764e+02   2.5004384e+00
   2.2350000e+03   4.3337854e+02   2.5027706e+00
   2.2360000e+03   4.3358293e+02   2.5051225e+00
   2.2370000e+03   4.3384648e+02   2.5074658e+00
   2.2380000e+03   4.3418203e+02   2.5098140e+00
   2.2390000e+03   4.3446234e+02   2.5121414e+00
   2.2400000e+03   4.3500772e+02   2.5145823e+00
   2.2410000e+03   4.3555002e+02   2.5170599e+00
   2.2420000e+03   4.3602590e+02   2.5194687e+00
   2.2430000e+03   4.3640706e+02   2.5218438e+00
   2.2440000e+03   4.3721875e+02   2.5243134e+00
   2.2450000e+03   4.3776993e+02   2.5267874e+00
   2.2460000e+03   4.3853770e+02   2.5362304e+00
   2.2470000e+03   4.3903529e+02   2.5387526e+00
   2.2480000e+03   4.3950073e+02   2.5411292e+00
   2.2490000e+03   4.3981979e+02   2.5435338e+00
   2.2500000e+03   4.4045887e+02   2.5459940e+00
   2.2510000e+03   4.4083153e+02   2.5484892e+00
   2.2520000e+03   4.4129375e+02   2.5508654e+00
   2.2530000e+03   4.4140271e+02   2.5532420e+00
   2.2540000e+03   4.4188182e+02   2.5556627e+00
   2.2550000e+03   4.4221147e+02   2.5581387e+00
   2.2560000e+03   4.4267807e+02   2.5605917e+00
   2.2570000e+03   4.4286076e+02   2.5630121e+00
   2.2580000e+03   4.4333354e+02   2.5654260e+00
   2.2590000e+03   4.4380008e+02   2.5678696e+00
   2.2600000e+03   4.4461174e+02   2.5704044e+00
   2.2610000e+03   4.4540909e+02   2.5875364e+00
   2.2620000e+03   4.4597554e+02   2.5900980e+00
   2.2630000e+03   4.4630751e+02   2.5925684e+00
   2.2640000e+03   4.4698733e+02   2.5950582e+00
   2.2650000e+03   4.4751138e+02   2.5975349e+00
   2.2660000e+03   4.4803849e+02   2.6000518e+00
   2.2670000e+03   4.4835964e+02   2.6025623e+00
   2.2680000e+03   4.4879596e+02   2.6050651e+00
   2.2690000e+03   4.4940881e+02   2.6076004e+00
   2.2700000e+03   4.4998418e+02   2.6102041e+00
   2.2710000e+03   4.5055726e+02   2.6127755e+00
   2.2720000e+03   4.5096613e+02   2.6152938e+00
   2.2730000e+03   4.5132490e+02   2.6179145e+00
   2.2740000e+03   4.5164990e+02   2.6204850e+00
   2.2750000e+03   4.5194827e+02   2.6229262e+00
   2.2760000e+03   4.5230071e+02   2.6251763e+00
   2.2770000e+03   4.5257849e+02   2.6276571e+00
   2.2780000e+03   4.5280691e+02   2.6301384e+00
   2.2790000e+03   4.5306529e+02   2.6326290e+00
   2.2800000e+03   4.5330210e+02   2.6351239e+00
   2.2810000e+03   4.5368727e+02   2.6377172e+00
   2.2820000e+03   4.5397878e+02   2.6403475e+00
   2.2830000e+03   4.5435515e+02   2.6428875e+00
   2.2840000e+03   4.5464535e+02   2.6454068e+00
   2.2850000e+03   4.5480465e+02   2.6480605e+00
   2.2860000e+03   4.5528875e+02   2.6506557e+00
   2.2870000e+03   4.5609800e+02   2.6534190e+00
   2.2880000e+03   4.5642913e+02   2.6560658e+00
   2.2890000e+03   4.5681909e+02   2.6587005e+00
   2.2900000e+03   4.5734819e+02   2.6613070e+00
   2.2910000e+03   4.5760645e+02   2.6639054e+00
   2.2920000e+03   4.5780073e+02   2.6663209e+00
   2.2930000e+03   4.5810126e+02   2.6689906e+00
   2.2940000e+03   4.5845006e+02   2.6716686e+00
   2.2950000e+03   4.5877438e+02   2.6742255e+00
   2.2960000e+03   4.5901894e+02   2.6768437e+00
   2.2970000e+03   4.5906660e+02   2.6792534e+00
   2.2980000e+03   4.5954302e+02   2.6820790e+00
   2.2990000e+03   4.6011300e+02   2.6848932e+00
   2.3000000e+03   4.6061967e+02   2.6874965e+00
