   1.8500000e+03             NaN             NaN
   1.8510000e+03   5.5023669e-01   2.2528475e+00
   1.8520000e+03   1.1153478e+00   2.2242643e+00
   1.8530000e+03   1.6436899e+00   2.2028473e+00
   1.8540000e+03   2.3314369e+00   2.1820634e+00
   1.8550000e+03   2.8813302e+00   2.0955786e+00
   1.8560000e+03   3.9998929e+00   2.0577079e+00
   1.8570000e+03   4.4226411e+00   2.0338229e+00
   1.8580000e+03   4.4306564e+00   2.0261347e+00
   1.8590000e+03   4.6253167e+00   2.0229704e+00
   1.8600000e+03   4.5867531e+00   2.0197136e+00
   1.8610000e+03   4.8265827e+00   2.0165417e+00
   1.8620000e+03   5.6975282e+00   2.0099688e+00
   1.8630000e+03   5.6513540e+00   1.9975245e+00
   1.8640000e+03   6.2298138e+00   1.9908313e+00
   1.8650000e+03   6.8806451e+00   1.9620493e+00
   1.8660000e+03   8.2510090e+00   1.9547572e+00
   1.8670000e+03   8.6068893e+00   1.9395521e+00
   1.8680000e+03   9.1614492e+00   1.9360831e+00
   1.8690000e+03   9.9898174e+00   1.9289094e+00
   1.8700000e+03   1.0283696e+01   1.9149996e+00
   1.8710000e+03   1.0589155e+01   1.9113164e+00
   1.8720000e+03   1.0890164e+01   1.9076669e+00
   1.8730000e+03   1.1147779e+01   1.9042825e+00
   1.8740000e+03   1.1674132e+01   1.9002503e+00
   1.8750000e+03   1.2037256e+01   1.8935957e+00
   1.8760000e+03   1.2244013e+01   1.8870804e+00
   1.8770000e+03   1.2916140e+01   1.8782984e+00
   1.8780000e+03   1.3186410e+01   1.8572880e+00
   1.8790000e+03   1.3983691e+01   1.8517781e+00
   1.8800000e+03   1.4352032e+01   1.8292496e+00
   1.8810000e+03   1.5631369e+01   1.8257543e+00
   1.8820000e+03   1.6305779e+01   1.7501578e+00
   1.8830000e+03   1.6299796e+01   1.7290867e+00
   1.8840000e+03   1.5764771e+01   1.7152639e+00
   1.8850000e+03   1.5875817e+01   1.7115348e+00
   1.8860000e+03   1.6395438e+01   1.7040467e+00
   1.8870000e+03   1.6505831e+01   1.6687208e+00
   1.8880000e+03   1.6843547e+01   1.6383900e+00
   1.8890000e+03   1.7256846e+01   1.6252781e+00
   1.8900000e+03   1.8076293e+01   1.5930786e+00
   1.8910000e+03   1.8024168e+01   1.5821626e+00
   1.8920000e+03   1.8451005e+01   1.5781313e+00
   1.8930000e+03   1.8529859e+01   1.5704342e+00
   1.8940000e+03   1.9171240e+01   1.5662764e+00
   1.8950000e+03   1.9238400e+01   1.5408302e+00
   1.8960000e+03   1.9727337e+01   1.5366654e+00
   1.8970000e+03   2.0649618e+01   1.5227149e+00
   1.8980000e+03   2.0783233e+01   1.4945256e+00
   1.8990000e+03   2.0938336e+01   1.4901406e+00
   1.9000000e+03   2.1134602e+01   1.4789879e+00
   1.9010000e+03   2.1310007e+01   1.4746149e+00
   1.9020000e+03   2.1502014e+01   1.4575733e+00
   1.9030000e+03   2.1908365e+01   1.4450290e+00
   1.9040000e+03   2.2607350e+01   1.4332002e+00
   1.9050000e+03   2.3228423e+01   1.4170277e+00
   1.9060000e+03   2.3797793e+01   1.3954555e+00
   1.9070000e+03   2.3758740e+01   1.3846475e+00
   1.9080000e+03   2.3483138e+01   1.3805762e+00
   1.9090000e+03   2.3330476e+01   1.3759743e+00
   1.9100000e+03   2.3425489e+01   1.3687132e+00
   1.9110000e+03   2.3990415e+01   1.3640046e+00
   1.9120000e+03   2.4360811e+01   1.3590590e+00
   1.9130000e+03   2.4741683e+01   1.3473391e+00
   1.9140000e+03   2.4972407e+01   1.3426376e+00
   1.9150000e+03   2.5561381e+01   1.3313120e+00
   1.9160000e+03   2.6135445e+01   1.3263322e+00
   1.9170000e+03   2.6278801e+01   1.3182036e+00
   1.9180000e+03   2.6703905e+01   1.3131765e+00
   1.9190000e+03   2.7341621e+01   1.3051198e+00
   1.9200000e+03   2.8019966e+01   1.2651631e+00
   1.9210000e+03   2.8436948e+01   1.2580978e+00
   1.9220000e+03   2.8919702e+01   1.2373405e+00
   1.9230000e+03   2.9437985e+01   1.2322120e+00
   1.9240000e+03   2.9545807e+01   1.2168968e+00
   1.9250000e+03   3.0216185e+01   1.2114289e+00
   1.9260000e+03   3.0659156e+01   1.2060020e+00
   1.9270000e+03   3.0876867e+01   1.1975032e+00
   1.9280000e+03   3.1075760e+01   1.1920934e+00
   1.9290000e+03   3.1545736e+01   1.1789107e+00
   1.9300000e+03   3.1903895e+01   1.1719205e+00
   1.9310000e+03   3.2046270e+01   1.1663754e+00
   1.9320000e+03   3.2686361e+01   1.1608318e+00
   1.9330000e+03   3.3019949e+01   1.1558649e+00
   1.9340000e+03   3.3230338e+01   1.1505512e+00
   1.9350000e+03   3.4373331e+01   1.1448663e+00
   1.9360000e+03   3.5461952e+01   1.1298990e+00
   1.9370000e+03   3.6002937e+01   1.1240307e+00
   1.9380000e+03   3.6440932e+01   1.1183684e+00
   1.9390000e+03   3.6478165e+01   1.1032254e+00
   1.9400000e+03   3.6747409e+01   1.0962176e+00
   1.9410000e+03   3.7222129e+01   1.0589269e+00
   1.9420000e+03   3.7699642e+01   1.0515193e+00
   1.9430000e+03   3.7923139e+01   1.0443690e+00
   1.9440000e+03   3.8150751e+01   1.0311445e+00
   1.9450000e+03   3.8483596e+01   1.0232564e+00
   1.9460000e+03   3.8555823e+01   1.0007932e+00
   1.9470000e+03   3.9244946e+01   9.9445053e-01
   1.9480000e+03   3.9507279e+01   9.8804510e-01
   1.9490000e+03   3.9899455e+01   9.8166157e-01
   1.9500000e+03   4.0408350e+01   9.6235216e-01
   1.9510000e+03   4.0756797e+01   9.5569594e-01
   1.9520000e+03   4.0745968e+01   9.4477520e-01
   1.9530000e+03   4.0953461e+01   9.3437508e-01
   1.9540000e+03   4.1599483e+01   9.2761971e-01
   1.9550000e+03   4.2206766e+01   9.1615225e-01
   1.9560000e+03   4.2690428e+01   9.0914002e-01
   1.9570000e+03   4.2719500e+01   8.9376733e-01
   1.9580000e+03   4.3046030e+01   8.8790085e-01
   1.9590000e+03   4.3563754e+01   8.8069921e-01
   1.9600000e+03   4.3703502e+01   8.7136627e-01
   1.9610000e+03   4.4499994e+01   8.6415973e-01
   1.9620000e+03   4.5207104e+01   8.3585133e-01
   1.9630000e+03   4.5960660e+01   8.1685996e-01
   1.9640000e+03   4.6446868e+01   7.9966162e-01
   1.9650000e+03   4.7007280e+01   7.9182934e-01
   1.9660000e+03   4.7270047e+01   7.8054162e-01
   1.9670000e+03   4.7837212e+01   7.6959421e-01
   1.9680000e+03   4.8966443e+01   7.6131890e-01
   1.9690000e+03   4.9566546e+01   7.2407406e-01
   1.9700000e+03   4.9793629e+01   7.1542323e-01
   1.9710000e+03   5.0257342e+01   7.0661592e-01
   1.9720000e+03   5.1020109e+01   6.9764042e-01
   1.9730000e+03   5.1807168e+01   6.8841922e-01
   1.9740000e+03   5.2735704e+01   6.7928920e-01
   1.9750000e+03   5.3702860e+01   6.7108382e-01
   1.9760000e+03   5.4519697e+01   6.6159535e-01
   1.9770000e+03   5.5249576e+01   6.5112186e-01
   1.9780000e+03   5.5820173e+01   6.3574427e-01
   1.9790000e+03   5.6693852e+01   6.2561836e-01
   1.9800000e+03   5.7321961e+01   6.1330536e-01
   1.9810000e+03   5.9058947e+01   6.0269243e-01
   1.9820000e+03   6.0278435e+01   5.8652365e-01
   1.9830000e+03   6.1307643e+01   5.7421053e-01
   1.9840000e+03   6.2377018e+01   5.6107481e-01
   1.9850000e+03   6.3414635e+01   5.4942322e-01
   1.9860000e+03   6.4915379e+01   5.2784489e-01
   1.9870000e+03   6.6328568e+01   5.1301543e-01
   1.9880000e+03   6.7230892e+01   4.7309192e-01
   1.9890000e+03   6.8505564e+01   4.5322731e-01
   1.9900000e+03   6.9706304e+01   4.3924026e-01
   1.9910000e+03   7.0713422e+01   4.2487008e-01
   1.9920000e+03   7.1221632e+01   4.0997245e-01
   1.9930000e+03   7.1464984e+01   3.9458153e-01
   1.9940000e+03   7.2669738e+01   3.7893823e-01
   1.9950000e+03   7.3023713e+01   3.6219915e-01
   1.9960000e+03   7.4206780e+01   3.4493166e-01
   1.9970000e+03   7.5037483e+01   3.2471933e-01
   1.9980000e+03   7.5686089e+01   3.0518684e-01
   1.9990000e+03   7.6425806e+01   2.8426103e-01
   2.0000000e+03   7.7282982e+01   2.5892017e-01
   2.0010000e+03   7.7993863e+01   2.3421611e-01
   2.0020000e+03   7.9101721e+01   2.0365923e-01
   2.0030000e+03   8.0010035e+01   2.0220723e-01
   2.0040000e+03   8.1438544e+01   1.9790485e-01
   2.0050000e+03   8.2184119e+01   1.9852481e-01
   2.0060000e+03   8.3297875e+01   1.9956110e-01
   2.0070000e+03   8.3837181e+01   2.2342613e-01
   2.0080000e+03   8.5047465e+01   2.4500647e-01
   2.0090000e+03   8.6006596e+01   2.6872167e-01
   2.0100000e+03   8.7772291e+01   2.9084849e-01
   2.0110000e+03   8.9226703e+01   3.1794662e-01
   2.0120000e+03   9.0162031e+01   3.3673382e-01
   2.0130000e+03   9.1308825e+01   3.5453530e-01
   2.0140000e+03   9.3210785e+01   3.7292433e-01
   2.0150000e+03   9.5291724e+01   3.8927007e-01
   2.0160000e+03   9.6360991e+01   4.0477646e-01
   2.0170000e+03   9.8367369e+01   4.2845871e-01
   2.0180000e+03   1.0007233e+02   5.7148035e-01
   2.0190000e+03   1.0136027e+02   5.8224591e-01
   2.0200000e+03   1.0290429e+02   5.9281748e-01
   2.0210000e+03   1.0408752e+02   6.0520875e-01
   2.0220000e+03   1.0564840e+02   6.1599028e-01
   2.0230000e+03   1.0702412e+02   6.2679142e-01
   2.0240000e+03   1.0826639e+02   6.3714090e-01
   2.0250000e+03   1.0974895e+02   7.8783060e-01
   2.0260000e+03   1.1144530e+02   7.9569237e-01
   2.0270000e+03   1.1306653e+02   8.0376075e-01
   2.0280000e+03   1.1466355e+02   8.6041120e-01
   2.0290000e+03   1.1580679e+02   9.0569813e-01
   2.0300000e+03   1.1706237e+02   9.1274813e-01
   2.0310000e+03   1.1849302e+02   1.0118964e+00
   2.0320000e+03   1.2020330e+02   1.1181709e+00
   2.0330000e+03   1.2191657e+02   1.1318769e+00
   2.0340000e+03   1.2325258e+02   1.1373553e+00
   2.0350000e+03   1.2444426e+02   1.1431667e+00
   2.0360000e+03   1.2554823e+02   1.1955503e+00
   2.0370000e+03   1.2737503e+02   1.2008471e+00
   2.0380000e+03   1.2918240e+02   1.4984723e+00
   2.0390000e+03   1.3076476e+02   1.5026543e+00
   2.0400000e+03   1.3230591e+02   1.5085307e+00
   2.0410000e+03   1.3365860e+02   1.5126874e+00
   2.0420000e+03   1.3520322e+02   1.5169491e+00
   2.0430000e+03   1.3771964e+02   1.5213384e+00
   2.0440000e+03   1.3965313e+02   1.5271791e+00
   2.0450000e+03   1.4145450e+02   1.5312735e+00
   2.0460000e+03   1.4331647e+02   1.5360058e+00
   2.0470000e+03   1.4500326e+02   1.5411477e+00
   2.0480000e+03   1.4715723e+02   1.5464930e+00
   2.0490000e+03   1.4896732e+02   1.5512812e+00
   2.0500000e+03   1.5097441e+02   1.5554216e+00
   2.0510000e+03   1.5289388e+02   1.6180934e+00
   2.0520000e+03   1.5477577e+02   1.6639636e+00
   2.0530000e+03   1.5695704e+02   1.6728375e+00
   2.0540000e+03   1.5846285e+02   1.6797879e+00
   2.0550000e+03   1.6078874e+02   1.7296724e+00
   2.0560000e+03   1.6272136e+02   1.7339868e+00
   2.0570000e+03   1.6455619e+02   1.7406054e+00
   2.0580000e+03   1.6639676e+02   1.7559562e+00
   2.0590000e+03   1.6806062e+02   1.7669070e+00
   2.0600000e+03   1.6993405e+02   1.7783756e+00
   2.0610000e+03   1.7238181e+02   1.7835191e+00
   2.0620000e+03   1.7440218e+02   1.7902779e+00
   2.0630000e+03   1.7635536e+02   1.7984302e+00
   2.0640000e+03   1.7854103e+02   1.8166136e+00
   2.0650000e+03   1.8039290e+02   1.8217434e+00
   2.0660000e+03   1.8238090e+02   1.8307236e+00
   2.0670000e+03   1.8480439e+02   1.8812659e+00
   2.0680000e+03   1.8742909e+02   1.9114008e+00
   2.0690000e+03   1.8988112e+02   1.9481107e+00
   2.0700000e+03   1.9204667e+02   1.9757010e+00
   2.0710000e+03   1.9438433e+02   1.9878393e+00
   2.0720000e+03   1.9650561e+02   2.0213091e+00
   2.0730000e+03   1.9864576e+02   2.0329182e+00
   2.0740000e+03   2.0096792e+02   2.0459493e+00
   2.0750000e+03   2.0341998e+02   2.0951385e+00
   2.0760000e+03   2.0620179e+02   2.2001137e+00
   2.0770000e+03   2.0842142e+02   2.2135711e+00
   2.0780000e+03   2.1097993e+02   2.2478682e+00
   2.0790000e+03   2.1339103e+02   2.2731699e+00
   2.0800000e+03   2.1541493e+02   2.2798550e+00
   2.0810000e+03   2.1774722e+02   2.3656406e+00
   2.0820000e+03   2.2005399e+02   2.5525791e+00
   2.0830000e+03   2.2277279e+02   2.6493880e+00
   2.0840000e+03   2.2568816e+02   2.8206714e+00
   2.0850000e+03   2.2781690e+02   2.8887349e+00
   2.0860000e+03   2.3021088e+02   3.0159226e+00
   2.0870000e+03   2.3301360e+02   3.1134835e+00
   2.0880000e+03   2.3557902e+02   3.1545418e+00
   2.0890000e+03   2.3801525e+02   3.2138938e+00
   2.0900000e+03   2.4030294e+02   3.3295333e+00
   2.0910000e+03   2.4293618e+02   3.4525920e+00
   2.0920000e+03   2.4516659e+02   3.5256721e+00
   2.0930000e+03   2.4751672e+02   3.5648896e+00
   2.0940000e+03   2.5015748e+02   3.7827771e+00
   2.0950000e+03   2.5274795e+02   4.0447463e+00
   2.0960000e+03   2.5487538e+02   4.1717761e+00
   2.0970000e+03   2.5689273e+02   4.2097274e+00
   2.0980000e+03   2.5913779e+02   4.2896559e+00
   2.0990000e+03   2.6128650e+02   4.3518617e+00
   2.1000000e+03   2.6331913e+02   4.4143468e+00
   2.1010000e+03   2.6513993e+02   4.4319260e+00
   2.1020000e+03   2.6741667e+02   4.4769671e+00
   2.1030000e+03   2.6930606e+02   4.4784670e+00
   2.1040000e+03   2.7115451e+02   4.4798978e+00
   2.1050000e+03   2.7322138e+02   4.4814078e+00
   2.1060000e+03   2.7542811e+02   4.4829889e+00
   2.1070000e+03   2.7757299e+02   4.4848314e+00
   2.1080000e+03   2.7929955e+02   4.4863143e+00
   2.1090000e+03   2.8124469e+02   4.4879012e+00
   2.1100000e+03   2.8336169e+02   4.4896259e+00
   2.1110000e+03   2.8534697e+02   4.4912619e+00
   2.1120000e+03   2.8767479e+02   4.4931765e+00
   2.1130000e+03   2.8968971e+02   4.4948949e+00
   2.1140000e+03   2.9169087e+02   4.4966047e+00
   2.1150000e+03   2.9358263e+02   4.4983882e+00
   2.1160000e+03   2.9550238e+02   4.5004872e+00
   2.1170000e+03   2.9729957e+02   4.5022542e+00
   2.1180000e+03   2.9918458e+02   4.5041757e+00
   2.1190000e+03   3.0122952e+02   4.5060903e+00
   2.1200000e+03   3.0306244e+02   4.5079091e+00
   2.1210000e+03   3.0499205e+02   4.5097648e+00
   2.1220000e+03   3.0691879e+02   4.5118165e+00
   2.1230000e+03   3.0874516e+02   4.5134913e+00
   2.1240000e+03   3.1055423e+02   4.5153520e+00
   2.1250000e+03   3.1239758e+02   4.5173103e+00
   2.1260000e+03   3.1433219e+02   4.5189778e+00
   2.1270000e+03   3.1627195e+02   4.5212606e+00
   2.1280000e+03   3.1814528e+02   4.5232889e+00
   2.1290000e+03   3.2015728e+02   4.5253914e+00
   2.1300000e+03   3.2210514e+02   4.5281846e+00
   2.1310000e+03   3.2382156e+02   4.5301915e+00
   2.1320000e+03   3.2556327e+02   4.5320787e+00
   2.1330000e+03   3.2761589e+02   4.5351698e+00
   2.1340000e+03   3.2922207e+02   4.5372562e+00
   2.1350000e+03   3.3075333e+02   4.5393180e+00
   2.1360000e+03   3.3272828e+02   4.5417142e+00
   2.1370000e+03   3.3458703e+02   4.5444845e+00
   2.1380000e+03   3.3626130e+02   4.5470416e+00
   2.1390000e+03   3.3821927e+02   4.5499572e+00
   2.1400000e+03   3.4018958e+02   4.5540078e+00
   2.1410000e+03   3.4177813e+02   4.5565817e+00
   2.1420000e+03   3.4367037e+02   4.5603594e+00
   2.1430000e+03   3.4546748e+02   4.5641359e+00
   2.1440000e+03   3.4714997e+02   4.5672413e+00
   2.1450000e+03   3.4890116e+02   4.5709311e+00
   2.1460000e+03   3.5054602e+02   4.5761560e+00
   2.1470000e+03   3.5233696e+02   4.5799541e+00
   2.1480000e+03   3.5397683e+02   4.5835776e+00
   2.1490000e+03   3.5547381e+02   4.5873182e+00
   2.1500000e+03   3.5709034e+02   4.5902884e+00
   2.1510000e+03   3.5867911e+02   4.5942344e+00
   2.1520000e+03   3.6029218e+02   4.5983762e+00
   2.1530000e+03   3.6183664e+02   4.6019295e+00
   2.1540000e+03   3.6348824e+02   4.6078746e+00
   2.1550000e+03   3.6500742e+02   4.6127204e+00
   2.1560000e+03   3.6657678e+02   4.6167957e+00
   2.1570000e+03   3.6817578e+02   4.6217285e+00
   2.1580000e+03   3.6988517e+02   4.6297070e+00
   2.1590000e+03   3.7138826e+02   4.6350278e+00
   2.1600000e+03   3.7286738e+02   4.6412207e+00
   2.1610000e+03   3.7446438e+02   4.6468229e+00
   2.1620000e+03   3.7597104e+02   4.6541817e+00
   2.1630000e+03   3.7734856e+02   4.6591862e+00
   2.1640000e+03   3.7886072e+02   4.6650091e+00
   2.1650000e+03   3.8039422e+02   4.6721986e+00
   2.1660000e+03   3.8169219e+02   4.6769201e+00
   2.1670000e+03   3.8323675e+02   4.6834407e+00
   2.1680000e+03   3.8469251e+02   4.6911775e+00
   2.1690000e+03   3.8611114e+02   4.6987364e+00
   2.1700000e+03   3.8731468e+02   4.7051483e+00
   2.1710000e+03   3.8856467e+02   4.7091834e+00
   2.1720000e+03   3.8987910e+02   4.7169887e+00
   2.1730000e+03   3.9109037e+02   4.7236407e+00
   2.1740000e+03   3.9219921e+02   4.7286854e+00
   2.1750000e+03   3.9354877e+02   4.7371307e+00
   2.1760000e+03   3.9476334e+02   4.7416366e+00
   2.1770000e+03   3.9604815e+02   4.7534462e+00
   2.1780000e+03   3.9736042e+02   4.7611212e+00
   2.1790000e+03   3.9852459e+02   4.7671100e+00
   2.1800000e+03   3.9976079e+02   4.7720433e+00
   2.1810000e+03   4.0093536e+02   4.7779628e+00
   2.1820000e+03   4.0204425e+02   4.7860686e+00
   2.1830000e+03   4.0315282e+02   4.7919243e+00
   2.1840000e+03   4.0425583e+02   4.7980026e+00
   2.1850000e+03   4.0539534e+02   4.8063389e+00
   2.1860000e+03   4.0654733e+02   4.8132558e+00
   2.1870000e+03   4.0765164e+02   4.8213883e+00
   2.1880000e+03   4.0859719e+02   4.8272606e+00
   2.1890000e+03   4.0964537e+02   4.8345184e+00
   2.1900000e+03   4.1073290e+02   4.8393541e+00
   2.1910000e+03   4.1168563e+02   4.8412189e+00
   2.1920000e+03   4.1261067e+02   4.8430481e+00
   2.1930000e+03   4.1354198e+02   4.8452737e+00
   2.1940000e+03   4.1444601e+02   4.8474182e+00
   2.1950000e+03   4.1529620e+02   4.8495689e+00
   2.1960000e+03   4.1621657e+02   4.8519065e+00
   2.1970000e+03   4.1700526e+02   4.8543513e+00
   2.1980000e+03   4.1768722e+02   4.8565709e+00
   2.1990000e+03   4.1849847e+02   4.8594744e+00
   2.2000000e+03   4.1926524e+02   4.8625979e+00
   2.2010000e+03   4.2002523e+02   4.8659929e+00
   2.2020000e+03   4.2081115e+02   4.8698107e+00
   2.2030000e+03   4.2154486e+02   4.8732850e+00
   2.2040000e+03   4.2229594e+02   4.8771093e+00
   2.2050000e+03   4.2297922e+02   4.8813634e+00
   2.2060000e+03   4.2361557e+02   4.8859842e+00
   2.2070000e+03   4.2425337e+02   4.8911780e+00
   2.2080000e+03   4.2481825e+02   4.8968935e+00
   2.2090000e+03   4.2535175e+02   4.9031126e+00
   2.2100000e+03   4.2585927e+02   4.9099526e+00
   2.2110000e+03   4.2649634e+02   4.9175168e+00
   2.2120000e+03   4.2708182e+02   4.9256118e+00
   2.2130000e+03   4.2754034e+02   4.9316611e+00
   2.2140000e+03   4.2804292e+02   4.9408078e+00
   2.2150000e+03   4.2856241e+02   4.9475429e+00
   2.2160000e+03   4.2905480e+02   4.9545806e+00
   2.2170000e+03   4.2952127e+02   4.9619146e+00
   2.2180000e+03   4.2997947e+02   4.9694929e+00
   2.2190000e+03   4.3049644e+02   4.9773684e+00
   2.2200000e+03   4.3095998e+02   4.9853330e+00
   2.2210000e+03   4.3140822e+02   4.9898722e+00
   2.2220000e+03   4.3188042e+02   4.9909144e+00
   2.2230000e+03   4.3230950e+02   4.9919033e+00
   2.2240000e+03   4.3275457e+02   4.9929121e+00
   2.2250000e+03   4.3323399e+02   4.9939877e+00
   2.2260000e+03   4.3365182e+02   4.9949470e+00
   2.2270000e+03   4.3409678e+02   4.9960234e+00
   2.2280000e+03   4.3455081e+02   4.9970771e+00
   2.2290000e+03   4.3491781e+02   4.9980396e+00
   2.2300000e+03   4.3534399e+02   4.9991445e+00
   2.2310000e+03   4.3575319e+02   5.0001898e+00
   2.2320000e+03   4.3612148e+02   5.0011850e+00
   2.2330000e+03   4.3654022e+02   5.0062090e+00
   2.2340000e+03   4.3693747e+02   5.0072935e+00
   2.2350000e+03   4.3736102e+02   5.0083638e+00
   2.2360000e+03   4.3776871e+02   5.0093879e+00
   2.2370000e+03   4.3819708e+02   5.0104702e+00
   2.2380000e+03   4.3857480e+02   5.0115052e+00
   2.2390000e+03   4.3896847e+02   5.0125512e+00
   2.2400000e+03   4.3933116e+02   5.0135324e+00
   2.2410000e+03   4.3966553e+02   5.0145159e+00
   2.2420000e+03   4.3999518e+02   5.0155218e+00
   2.2430000e+03   4.4035466e+02   5.0165472e+00
   2.2440000e+03   4.4070452e+02   5.0175188e+00
   2.2450000e+03   4.4100604e+02   5.0184466e+00
   2.2460000e+03   4.4129340e+02   5.0193530e+00
   2.2470000e+03   4.4165291e+02   5.0204137e+00
   2.2480000e+03   4.4194486e+02   5.0213526e+00
   2.2490000e+03   4.4225237e+02   5.0223104e+00
   2.2500000e+03   4.4259266e+02   5.0233793e+00
   2.2510000e+03   4.4285762e+02   5.0243117e+00
   2.2520000e+03   4.4313660e+02   5.0251153e+00
   2.2530000e+03   4.4343999e+02   5.0261576e+00
   2.2540000e+03   4.4375714e+02   5.0271694e+00
   2.2550000e+03   4.4402431e+02   5.0281362e+00
   2.2560000e+03   4.4425321e+02   5.0290384e+00
   2.2570000e+03   4.4449483e+02   5.0299548e+00
   2.2580000e+03   4.4473817e+02   5.0308683e+00
   2.2590000e+03   4.4501710e+02   5.0317051e+00
   2.2600000e+03   4.4526217e+02   5.0326479e+00
   2.2610000e+03   4.4549467e+02   5.0336007e+00
   2.2620000e+03   4.4576932e+02   5.0346035e+00
   2.2630000e+03   4.4599951e+02   5.0355350e+00
   2.2640000e+03   4.4622055e+02   5.0364434e+00
   2.2650000e+03   4.4644814e+02   5.0373936e+00
   2.2660000e+03   4.4672522e+02   5.0383477e+00
   2.2670000e+03   4.4696515e+02   5.0393058e+00
   2.2680000e+03   4.4719883e+02   5.0402643e+00
   2.2690000e+03   4.4741219e+02   5.0412671e+00
   2.2700000e+03   4.4766459e+02   5.0421285e+00
   2.2710000e+03   4.4792480e+02   5.0431097e+00
   2.2720000e+03   4.4810045e+02   5.0439867e+00
   2.2730000e+03   4.4830035e+02   5.0449108e+00
   2.2740000e+03   4.4847150e+02   5.0458241e+00
   2.2750000e+03   4.4868923e+02   5.0468361e+00
   2.2760000e+03   4.4886028e+02   5.0477469e+00
   2.2770000e+03   4.4903254e+02   5.0486974e+00
   2.2780000e+03   4.4919362e+02   5.0495812e+00
   2.2790000e+03   4.4936465e+02   5.0505378e+00
   2.2800000e+03   4.4955433e+02   5.0512945e+00
   2.2810000e+03   4.4968024e+02   5.0521513e+00
   2.2820000e+03   4.4983163e+02   5.0530800e+00
   2.2830000e+03   4.4997442e+02   5.0539739e+00
   2.2840000e+03   4.5015075e+02   5.0548699e+00
   2.2850000e+03   4.5027175e+02   5.0557218e+00
   2.2860000e+03   4.5040227e+02   5.0565987e+00
   2.2870000e+03   4.5056255e+02   5.0575554e+00
   2.2880000e+03   4.5071293e+02   5.0584849e+00
   2.2890000e+03   4.5085283e+02   5.0593796e+00
   2.2900000e+03   4.5098874e+02   5.0603037e+00
   2.2910000e+03   4.5109556e+02   5.0612371e+00
   2.2920000e+03   4.5126943e+02   5.0621594e+00
   2.2930000e+03   4.5138863e+02   5.0630684e+00
   2.2940000e+03   4.5150268e+02   5.0666560e+00
   2.2950000e+03   4.5162169e+02   5.0675618e+00
   2.2960000e+03   4.5179691e+02   5.0711779e+00
   2.2970000e+03   4.5193479e+02   5.0720959e+00
   2.2980000e+03   4.5206151e+02   5.0729860e+00
   2.2990000e+03   4.5216306e+02   5.0739102e+00
   2.3000000e+03   4.5228136e+02   5.0748012e+00
