   1.8500000e+03             NaN             NaN
   1.8510000e+03   7.2232705e-01   1.5526032e+01
   1.8520000e+03   1.2065303e+00   1.5396190e+01
   1.8530000e+03   2.8969355e+00   1.5395489e+01
   1.8540000e+03   5.0485163e+00   1.5126701e+01
   1.8550000e+03   7.9776078e+00   1.4853806e+01
   1.8560000e+03   8.5538290e+00   1.4710568e+01
   1.8570000e+03   8.5071595e+00   1.4709903e+01
   1.8580000e+03   8.9338975e+00   1.4709263e+01
   1.8590000e+03   1.0104590e+01   1.4565315e+01
   1.8600000e+03   1.0742345e+01   1.4449567e+01
   1.8610000e+03   1.1615572e+01   1.4448885e+01
   1.8620000e+03   1.2801922e+01   1.4447852e+01
   1.8630000e+03   1.3448975e+01   1.4433992e+01
   1.8640000e+03   1.4200289e+01   1.4433337e+01
   1.8650000e+03   1.5964703e+01   1.4432578e+01
   1.8660000e+03   2.1778095e+01   1.4286350e+01
   1.8670000e+03   2.2230042e+01   1.4138520e+01
   1.8680000e+03   2.4463620e+01   1.4137856e+01
   1.8690000e+03   2.8130387e+01   1.3989125e+01
   1.8700000e+03   2.9016781e+01   1.3838962e+01
   1.8710000e+03   3.0352274e+01   1.3838252e+01
   1.8720000e+03   3.7198082e+01   1.3687220e+01
   1.8730000e+03   3.6867236e+01   1.3534541e+01
   1.8740000e+03   3.7747047e+01   1.3533850e+01
   1.8750000e+03   3.8086894e+01   1.3533112e+01
   1.8760000e+03   3.8218233e+01   1.3532423e+01
   1.8770000e+03   4.0933510e+01   1.3531715e+01
   1.8780000e+03   4.3670207e+01   1.3380271e+01
   1.8790000e+03   4.4062515e+01   1.3227728e+01
   1.8800000e+03   4.4546738e+01   1.3213048e+01
   1.8810000e+03   4.4884927e+01   1.3212291e+01
   1.8820000e+03   4.5718865e+01   1.3211589e+01
   1.8830000e+03   4.6137177e+01   1.3073878e+01
   1.8840000e+03   4.6397535e+01   1.3073166e+01
   1.8850000e+03   4.6617242e+01   1.3072408e+01
   1.8860000e+03   4.6890372e+01   1.3071608e+01
   1.8870000e+03   4.7095407e+01   1.3070904e+01
   1.8880000e+03   4.7657891e+01   1.3070202e+01
   1.8890000e+03   4.7711725e+01   1.3069436e+01
   1.8900000e+03   4.8266232e+01   1.3068739e+01
   1.8910000e+03   4.8982277e+01   1.2919939e+01
   1.8920000e+03   5.1094332e+01   1.2919149e+01
   1.8930000e+03   5.1973496e+01   1.2769607e+01
   1.8940000e+03   5.6445985e+01   1.2768868e+01
   1.8950000e+03   5.9601781e+01   1.2467395e+01
   1.8960000e+03   6.6309735e+01   1.2159919e+01
   1.8970000e+03   7.0709942e+01   1.2003129e+01
   1.8980000e+03   7.0837463e+01   1.1845682e+01
   1.8990000e+03   7.1943494e+01   1.1844921e+01
   1.9000000e+03   7.2556640e+01   1.1688062e+01
   1.9010000e+03   7.4989487e+01   1.1530349e+01
   1.9020000e+03   7.6462845e+01   1.1371651e+01
   1.9030000e+03   7.7044721e+01   1.1212154e+01
   1.9040000e+03   7.7154823e+01   1.1051724e+01
   1.9050000e+03   7.7436436e+01   1.1050855e+01
   1.9060000e+03   7.9402199e+01   1.1049978e+01
   1.9070000e+03   7.9584428e+01   1.0891374e+01
   1.9080000e+03   8.7773062e+01   1.0873804e+01
   1.9090000e+03   9.2553561e+01   1.0554911e+01
   1.9100000e+03   9.4224850e+01   1.0393123e+01
   1.9110000e+03   9.6777871e+01   1.0085441e+01
   1.9120000e+03   9.7714727e+01   9.9206777e+00
   1.9130000e+03   9.7950221e+01   9.7554744e+00
   1.9140000e+03   1.0104015e+02   9.7545887e+00
   1.9150000e+03   1.0246760e+02   9.4448878e+00
   1.9160000e+03   1.0286400e+02   9.2783202e+00
   1.9170000e+03   1.0347756e+02   9.2773742e+00
   1.9180000e+03   1.0519905e+02   9.1127217e+00
   1.9190000e+03   1.0578440e+02   8.9273350e+00
   1.9200000e+03   1.0652846e+02   8.9263261e+00
   1.9210000e+03   1.0763266e+02   8.7826535e+00
   1.9220000e+03   1.0839015e+02   8.4726133e+00
   1.9230000e+03   1.0857216e+02   8.3257937e+00
   1.9240000e+03   1.0876888e+02   8.3247642e+00
   1.9250000e+03   1.1275676e+02   8.3237663e+00
   1.9260000e+03   1.1454379e+02   8.1590241e+00
   1.9270000e+03   1.1695145e+02   7.9934720e+00
   1.9280000e+03   1.1837577e+02   7.8043426e+00
   1.9290000e+03   1.2229221e+02   7.6364496e+00
   1.9300000e+03   1.2352812e+02   7.4675476e+00
   1.9310000e+03   1.2524644e+02   7.2982726e+00
   1.9320000e+03   1.2613085e+02   7.1279384e+00
   1.9330000e+03   1.2771949e+02   6.9569731e+00
   1.9340000e+03   1.2976336e+02   6.7594285e+00
   1.9350000e+03   1.3135264e+02   6.5858786e+00
   1.9360000e+03   1.3202297e+02   6.2609514e+00
   1.9370000e+03   1.3338665e+02   6.1093249e+00
   1.9380000e+03   1.3414614e+02   5.9286136e+00
   1.9390000e+03   1.3495698e+02   5.9272629e+00
   1.9400000e+03   1.3573168e+02   5.9259106e+00
   1.9410000e+03   1.3994784e+02   5.7506823e+00
   1.9420000e+03   1.4105636e+02   5.3913679e+00
   1.9430000e+03   1.4149730e+02   5.2060777e+00
   1.9440000e+03   1.4407203e+02   5.2046480e+00
   1.9450000e+03   1.4902108e+02   5.0214117e+00
   1.9460000e+03   1.4950865e+02   4.8347408e+00
   1.9470000e+03   1.5129302e+02   4.8331669e+00
   1.9480000e+03   1.5408368e+02   4.6513273e+00
   1.9490000e+03   1.5594297e+02   4.2785369e+00
   1.9500000e+03   1.5758971e+02   4.0850760e+00
   1.9510000e+03   1.6039993e+02   3.8892450e+00
   1.9520000e+03   1.6090890e+02   3.4825966e+00
   1.9530000e+03   1.6134238e+02   3.3163112e+00
   1.9540000e+03   1.6325442e+02   3.3140783e+00
   1.9550000e+03   1.6549250e+02   3.1059045e+00
   1.9560000e+03   1.6584678e+02   2.8921137e+00
   1.9570000e+03   1.6783262e+02   2.8896285e+00
   1.9580000e+03   1.7039674e+02   2.6784395e+00
   1.9590000e+03   1.7362653e+02   2.2878158e+00
   1.9600000e+03   1.7714761e+02   2.0398420e+00
   1.9610000e+03   1.7771189e+02   1.7734356e+00
   1.9620000e+03   1.7900612e+02   1.7693139e+00
   1.9630000e+03   1.8089115e+02   1.5983767e+00
   1.9640000e+03   1.8169603e+02   1.4305419e+00
   1.9650000e+03   1.8296307e+02   1.4257008e+00
   1.9660000e+03   1.8408300e+02   1.2813725e+00
   1.9670000e+03   1.8431744e+02   1.1390646e+00
   1.9680000e+03   1.8448860e+02   1.1331929e+00
   1.9690000e+03   1.8500819e+02   1.1274806e+00
   1.9700000e+03   1.8666904e+02   1.1216710e+00
   1.9710000e+03   1.8807252e+02   1.0324749e+00
   1.9720000e+03   1.8892358e+02   9.4785730e-01
   1.9730000e+03   1.9003560e+02   8.7086000e-01
   1.9740000e+03   1.9090071e+02   7.3154599e-01
   1.9750000e+03   1.9136111e+02   6.6045074e-01
   1.9760000e+03   1.9180556e+02   6.5080364e-01
   1.9770000e+03   1.9274671e+02   6.4106647e-01
   1.9780000e+03   1.9294746e+02   5.9579250e-01
   1.9790000e+03   1.9335170e+02   5.8573160e-01
   1.9800000e+03   1.9325395e+02   5.7495509e-01
   1.9810000e+03   1.9371899e+02   5.6400195e-01
   1.9820000e+03   1.9418739e+02   5.5300197e-01
   1.9830000e+03   1.9485359e+02   5.4164186e-01
   1.9840000e+03   1.9588134e+02   5.3000992e-01
   1.9850000e+03   1.9706961e+02   5.0875172e-01
   1.9860000e+03   1.9811431e+02   4.8829369e-01
   1.9870000e+03   1.9903795e+02   4.7821780e-01
   1.9880000e+03   2.0007490e+02   4.6500891e-01
   1.9890000e+03   2.0065568e+02   4.4654307e-01
   1.9900000e+03   2.0093995e+02   4.3246172e-01
   1.9910000e+03   2.0151930e+02   4.1799338e-01
   1.9920000e+03   2.0188410e+02   4.0301370e-01
   1.9930000e+03   2.0189788e+02   3.8506316e-01
   1.9940000e+03   2.0169531e+02   3.6909352e-01
   1.9950000e+03   2.0224885e+02   3.5202849e-01
   1.9960000e+03   2.0316552e+02   3.3417985e-01
   1.9970000e+03   2.0384583e+02   3.1511459e-01
   1.9980000e+03   2.0485645e+02   2.9477235e-01
   1.9990000e+03   2.0577714e+02   2.7310665e-01
   2.0000000e+03   2.0672677e+02   2.4956961e-01
   2.0010000e+03   2.0776393e+02   2.2345122e-01
   2.0020000e+03   2.0844626e+02   1.9445786e-01
   2.0030000e+03   2.0887586e+02   1.9502394e-01
   2.0040000e+03   2.0997072e+02   1.9595486e-01
   2.0050000e+03   2.1054670e+02   1.9659834e-01
   2.0060000e+03   2.1184087e+02   1.9762265e-01
   2.0070000e+03   2.1246255e+02   2.2164070e-01
   2.0080000e+03   2.1311217e+02   2.4308954e-01
   2.0090000e+03   2.1357354e+02   2.6689817e-01
   2.0100000e+03   2.1485687e+02   2.8893694e-01
   2.0110000e+03   2.1583147e+02   3.0942558e-01
   2.0120000e+03   2.1614668e+02   3.2858279e-01
   2.0130000e+03   2.1686656e+02   3.4723180e-01
   2.0140000e+03   2.1782902e+02   3.6444637e-01
   2.0150000e+03   2.1822059e+02   3.8083178e-01
   2.0160000e+03   2.1929135e+02   3.9664830e-01
   2.0170000e+03   2.1989149e+02   4.1160459e-01
   2.0180000e+03   2.2049963e+02   4.2615044e-01
   2.0190000e+03   2.2143700e+02   4.4115490e-01
   2.0200000e+03   2.2255636e+02   4.5487272e-01
   2.0210000e+03   2.2377280e+02   4.6810168e-01
   2.0220000e+03   2.2416092e+02   4.8165952e-01
   2.0230000e+03   2.2485267e+02   4.9429267e-01
   2.0240000e+03   2.2536431e+02   5.0645081e-01
   2.0250000e+03   2.2573272e+02   5.1820898e-01
   2.0260000e+03   2.2668962e+02   5.2993465e-01
   2.0270000e+03   2.2817022e+02   5.4239989e-01
   2.0280000e+03   2.2886090e+02   5.5356532e-01
   2.0290000e+03   2.3025654e+02   5.6661746e-01
   2.0300000e+03   2.3115346e+02   5.7796572e-01
   2.0310000e+03   2.3148469e+02   5.8871823e-01
   2.0320000e+03   2.3238086e+02   5.9956747e-01
   2.0330000e+03   2.3337916e+02   6.0963589e-01
   2.0340000e+03   2.3419264e+02   6.1978964e-01
   2.0350000e+03   2.3502689e+02   6.2951981e-01
   2.0360000e+03   2.3595303e+02   6.3923442e-01
   2.0370000e+03   2.3652670e+02   6.4872903e-01
   2.0380000e+03   2.3730926e+02   6.5810049e-01
   2.0390000e+03   2.3816555e+02   6.6729204e-01
   2.0400000e+03   2.3878474e+02   6.7630265e-01
   2.0410000e+03   2.3917112e+02   6.8489755e-01
   2.0420000e+03   2.3967810e+02   6.9438990e-01
   2.0430000e+03   2.4088334e+02   7.0510227e-01
   2.0440000e+03   2.4168693e+02   7.1429999e-01
   2.0450000e+03   2.4247570e+02   7.2320498e-01
   2.0460000e+03   2.4285122e+02   7.3152830e-01
   2.0470000e+03   2.4330082e+02   7.3979630e-01
   2.0480000e+03   2.4407213e+02   7.4816331e-01
   2.0490000e+03   2.4475777e+02   7.5619371e-01
   2.0500000e+03   2.4543168e+02   7.6412761e-01
   2.0510000e+03   2.4654319e+02   7.7205637e-01
   2.0520000e+03   2.4801866e+02   7.8001437e-01
   2.0530000e+03   2.4930721e+02   7.9103062e-01
   2.0540000e+03   2.5015833e+02   7.9859410e-01
   2.0550000e+03   2.5122946e+02   8.0629347e-01
   2.0560000e+03   2.5200395e+02   8.1372658e-01
   2.0570000e+03   2.5318462e+02   8.2237543e-01
   2.0580000e+03   2.5430663e+02   8.2972286e-01
   2.0590000e+03   2.5508922e+02   8.3692835e-01
   2.0600000e+03   2.5633626e+02   8.4413757e-01
   2.0610000e+03   2.5815188e+02   8.5557009e-01
   2.0620000e+03   2.5987343e+02   8.7088895e-01
   2.0630000e+03   2.6166029e+02   8.7794137e-01
   2.0640000e+03   2.6292683e+02   8.8547054e-01
   2.0650000e+03   2.6376571e+02   8.9339208e-01
   2.0660000e+03   2.6563540e+02   9.0686673e-01
   2.0670000e+03   2.6741354e+02   9.1394565e-01
   2.0680000e+03   2.6854508e+02   9.2227166e-01
   2.0690000e+03   2.6983167e+02   9.3045924e-01
   2.0700000e+03   2.7110953e+02   9.3999253e-01
   2.0710000e+03   2.7324443e+02   9.5371023e-01
   2.0720000e+03   2.7564934e+02   9.6888817e-01
   2.0730000e+03   2.7716932e+02   9.7608802e-01
   2.0740000e+03   2.7859054e+02   9.8369772e-01
   2.0750000e+03   2.7954997e+02   9.8974417e-01
   2.0760000e+03   2.8134847e+02   1.0003878e+00
   2.0770000e+03   2.8327346e+02   1.0098057e+00
   2.0780000e+03   2.8533227e+02   1.0184379e+00
   2.0790000e+03   2.8719648e+02   1.0272304e+00
   2.0800000e+03   2.8863570e+02   1.0336372e+00
   2.0810000e+03   2.8973404e+02   1.0376044e+00
   2.0820000e+03   2.9131410e+02   1.0443726e+00
   2.0830000e+03   2.9319967e+02   1.0517201e+00
   2.0840000e+03   2.9480268e+02   1.0590782e+00
   2.0850000e+03   2.9655479e+02   1.0655743e+00
   2.0860000e+03   2.9833641e+02   1.0742423e+00
   2.0870000e+03   3.0069752e+02   1.0815371e+00
   2.0880000e+03   3.0263162e+02   1.0966201e+00
   2.0890000e+03   3.0481126e+02   1.1059700e+00
   2.0900000e+03   3.0647406e+02   1.1127507e+00
   2.0910000e+03   3.0823546e+02   1.1188850e+00
   2.0920000e+03   3.1008847e+02   1.1283547e+00
   2.0930000e+03   3.1256102e+02   1.1392582e+00
   2.0940000e+03   3.1411855e+02   1.1462081e+00
   2.0950000e+03   3.1587489e+02   1.1534155e+00
   2.0960000e+03   3.1807568e+02   1.1647706e+00
   2.0970000e+03   3.1990429e+02   1.1728005e+00
   2.0980000e+03   3.2194830e+02   1.1794636e+00
   2.0990000e+03   3.2372334e+02   1.1867284e+00
   2.1000000e+03   3.2571546e+02   1.1967135e+00
   2.1010000e+03             NaN             NaN
   2.1020000e+03             NaN             NaN
   2.1030000e+03             NaN             NaN
   2.1040000e+03             NaN             NaN
   2.1050000e+03             NaN             NaN
   2.1060000e+03             NaN             NaN
   2.1070000e+03             NaN             NaN
   2.1080000e+03             NaN             NaN
   2.1090000e+03             NaN             NaN
   2.1100000e+03             NaN             NaN
   2.1110000e+03             NaN             NaN
   2.1120000e+03             NaN             NaN
   2.1130000e+03             NaN             NaN
   2.1140000e+03             NaN             NaN
   2.1150000e+03             NaN             NaN
   2.1160000e+03             NaN             NaN
   2.1170000e+03             NaN             NaN
   2.1180000e+03             NaN             NaN
   2.1190000e+03             NaN             NaN
   2.1200000e+03             NaN             NaN
   2.1210000e+03             NaN             NaN
   2.1220000e+03             NaN             NaN
   2.1230000e+03             NaN             NaN
   2.1240000e+03             NaN             NaN
   2.1250000e+03             NaN             NaN
   2.1260000e+03             NaN             NaN
   2.1270000e+03             NaN             NaN
   2.1280000e+03             NaN             NaN
   2.1290000e+03             NaN             NaN
   2.1300000e+03             NaN             NaN
   2.1310000e+03             NaN             NaN
   2.1320000e+03             NaN             NaN
   2.1330000e+03             NaN             NaN
   2.1340000e+03             NaN             NaN
   2.1350000e+03             NaN             NaN
   2.1360000e+03             NaN             NaN
   2.1370000e+03             NaN             NaN
   2.1380000e+03             NaN             NaN
   2.1390000e+03             NaN             NaN
   2.1400000e+03             NaN             NaN
   2.1410000e+03             NaN             NaN
   2.1420000e+03             NaN             NaN
   2.1430000e+03             NaN             NaN
   2.1440000e+03             NaN             NaN
   2.1450000e+03             NaN             NaN
   2.1460000e+03             NaN             NaN
   2.1470000e+03             NaN             NaN
   2.1480000e+03             NaN             NaN
   2.1490000e+03             NaN             NaN
   2.1500000e+03             NaN             NaN
   2.1510000e+03             NaN             NaN
   2.1520000e+03             NaN             NaN
   2.1530000e+03             NaN             NaN
   2.1540000e+03             NaN             NaN
   2.1550000e+03             NaN             NaN
   2.1560000e+03             NaN             NaN
   2.1570000e+03             NaN             NaN
   2.1580000e+03             NaN             NaN
   2.1590000e+03             NaN             NaN
   2.1600000e+03             NaN             NaN
   2.1610000e+03             NaN             NaN
   2.1620000e+03             NaN             NaN
   2.1630000e+03             NaN             NaN
   2.1640000e+03             NaN             NaN
   2.1650000e+03             NaN             NaN
   2.1660000e+03             NaN             NaN
   2.1670000e+03             NaN             NaN
   2.1680000e+03             NaN             NaN
   2.1690000e+03             NaN             NaN
   2.1700000e+03             NaN             NaN
   2.1710000e+03             NaN             NaN
   2.1720000e+03             NaN             NaN
   2.1730000e+03             NaN             NaN
   2.1740000e+03             NaN             NaN
   2.1750000e+03             NaN             NaN
   2.1760000e+03             NaN             NaN
   2.1770000e+03             NaN             NaN
   2.1780000e+03             NaN             NaN
   2.1790000e+03             NaN             NaN
   2.1800000e+03             NaN             NaN
   2.1810000e+03             NaN             NaN
   2.1820000e+03             NaN             NaN
   2.1830000e+03             NaN             NaN
   2.1840000e+03             NaN             NaN
   2.1850000e+03             NaN             NaN
   2.1860000e+03             NaN             NaN
   2.1870000e+03             NaN             NaN
   2.1880000e+03             NaN             NaN
   2.1890000e+03             NaN             NaN
   2.1900000e+03             NaN             NaN
   2.1910000e+03             NaN             NaN
   2.1920000e+03             NaN             NaN
   2.1930000e+03             NaN             NaN
   2.1940000e+03             NaN             NaN
   2.1950000e+03             NaN             NaN
   2.1960000e+03             NaN             NaN
   2.1970000e+03             NaN             NaN
   2.1980000e+03             NaN             NaN
   2.1990000e+03             NaN             NaN
   2.2000000e+03             NaN             NaN
   2.2010000e+03             NaN             NaN
   2.2020000e+03             NaN             NaN
   2.2030000e+03             NaN             NaN
   2.2040000e+03             NaN             NaN
   2.2050000e+03             NaN             NaN
   2.2060000e+03             NaN             NaN
   2.2070000e+03             NaN             NaN
   2.2080000e+03             NaN             NaN
   2.2090000e+03             NaN             NaN
   2.2100000e+03             NaN             NaN
   2.2110000e+03             NaN             NaN
   2.2120000e+03             NaN             NaN
   2.2130000e+03             NaN             NaN
   2.2140000e+03             NaN             NaN
   2.2150000e+03             NaN             NaN
   2.2160000e+03             NaN             NaN
   2.2170000e+03             NaN             NaN
   2.2180000e+03             NaN             NaN
   2.2190000e+03             NaN             NaN
   2.2200000e+03             NaN             NaN
   2.2210000e+03             NaN             NaN
   2.2220000e+03             NaN             NaN
   2.2230000e+03             NaN             NaN
   2.2240000e+03             NaN             NaN
   2.2250000e+03             NaN             NaN
   2.2260000e+03             NaN             NaN
   2.2270000e+03             NaN             NaN
   2.2280000e+03             NaN             NaN
   2.2290000e+03             NaN             NaN
   2.2300000e+03             NaN             NaN
   2.2310000e+03             NaN             NaN
   2.2320000e+03             NaN             NaN
   2.2330000e+03             NaN             NaN
   2.2340000e+03             NaN             NaN
   2.2350000e+03             NaN             NaN
   2.2360000e+03             NaN             NaN
   2.2370000e+03             NaN             NaN
   2.2380000e+03             NaN             NaN
   2.2390000e+03             NaN             NaN
   2.2400000e+03             NaN             NaN
   2.2410000e+03             NaN             NaN
   2.2420000e+03             NaN             NaN
   2.2430000e+03             NaN             NaN
   2.2440000e+03             NaN             NaN
   2.2450000e+03             NaN             NaN
   2.2460000e+03             NaN             NaN
   2.2470000e+03             NaN             NaN
   2.2480000e+03             NaN             NaN
   2.2490000e+03             NaN             NaN
   2.2500000e+03             NaN             NaN
   2.2510000e+03             NaN             NaN
   2.2520000e+03             NaN             NaN
   2.2530000e+03             NaN             NaN
   2.2540000e+03             NaN             NaN
   2.2550000e+03             NaN             NaN
   2.2560000e+03             NaN             NaN
   2.2570000e+03             NaN             NaN
   2.2580000e+03             NaN             NaN
   2.2590000e+03             NaN             NaN
   2.2600000e+03             NaN             NaN
   2.2610000e+03             NaN             NaN
   2.2620000e+03             NaN             NaN
   2.2630000e+03             NaN             NaN
   2.2640000e+03             NaN             NaN
   2.2650000e+03             NaN             NaN
   2.2660000e+03             NaN             NaN
   2.2670000e+03             NaN             NaN
   2.2680000e+03             NaN             NaN
   2.2690000e+03             NaN             NaN
   2.2700000e+03             NaN             NaN
   2.2710000e+03             NaN             NaN
   2.2720000e+03             NaN             NaN
   2.2730000e+03             NaN             NaN
   2.2740000e+03             NaN             NaN
   2.2750000e+03             NaN             NaN
   2.2760000e+03             NaN             NaN
   2.2770000e+03             NaN             NaN
   2.2780000e+03             NaN             NaN
   2.2790000e+03             NaN             NaN
   2.2800000e+03             NaN             NaN
   2.2810000e+03             NaN             NaN
   2.2820000e+03             NaN             NaN
   2.2830000e+03             NaN             NaN
   2.2840000e+03             NaN             NaN
   2.2850000e+03             NaN             NaN
   2.2860000e+03             NaN             NaN
   2.2870000e+03             NaN             NaN
   2.2880000e+03             NaN             NaN
   2.2890000e+03             NaN             NaN
   2.2900000e+03             NaN             NaN
   2.2910000e+03             NaN             NaN
   2.2920000e+03             NaN             NaN
   2.2930000e+03             NaN             NaN
   2.2940000e+03             NaN             NaN
   2.2950000e+03             NaN             NaN
   2.2960000e+03             NaN             NaN
   2.2970000e+03             NaN             NaN
   2.2980000e+03             NaN             NaN
   2.2990000e+03             NaN             NaN
   2.3000000e+03             NaN             NaN
