   1.8500000e+03             NaN             NaN
   1.8510000e+03             NaN             NaN
   1.8520000e+03             NaN             NaN
   1.8530000e+03             NaN             NaN
   1.8540000e+03             NaN             NaN
   1.8550000e+03             NaN             NaN
   1.8560000e+03             NaN             NaN
   1.8570000e+03             NaN             NaN
   1.8580000e+03             NaN             NaN
   1.8590000e+03             NaN             NaN
   1.8600000e+03             NaN             NaN
   1.8610000e+03   2.3497275e+00   4.1647633e+00
   1.8620000e+03   3.3204940e+00   4.1034601e+00
   1.8630000e+03   4.9994137e+00   4.0664853e+00
   1.8640000e+03   6.7044116e+00   4.0163484e+00
   1.8650000e+03   8.2414195e+00   3.9247771e+00
   1.8660000e+03   9.4207106e+00   3.8818221e+00
   1.8670000e+03   1.0166566e+01   3.8017872e+00
   1.8680000e+03   1.0803227e+01   3.7603620e+00
   1.8690000e+03   1.2576941e+01   3.7584008e+00
   1.8700000e+03   1.3772935e+01   3.7058676e+00
   1.8710000e+03   1.5122387e+01   3.6689324e+00
   1.8720000e+03   1.6529811e+01   3.6318748e+00
   1.8730000e+03   1.7918786e+01   3.6298584e+00
   1.8740000e+03   1.9090838e+01   3.5857648e+00
   1.8750000e+03   2.1235100e+01   3.5837991e+00
   1.8760000e+03   2.2999483e+01   3.4917232e+00
   1.8770000e+03   2.4688745e+01   3.4231758e+00
   1.8780000e+03   2.6502321e+01   3.3486341e+00
   1.8790000e+03   2.7967697e+01   3.2470623e+00
   1.8800000e+03   2.9807638e+01   3.2077533e+00
   1.8810000e+03   3.1192888e+01   3.1703772e+00
   1.8820000e+03   3.2689801e+01   3.1675349e+00
   1.8830000e+03   3.4359937e+01   3.1120210e+00
   1.8840000e+03   3.4982355e+01   3.0670986e+00
   1.8850000e+03   3.6221201e+01   3.0382448e+00
   1.8860000e+03   3.7189248e+01   2.9703312e+00
   1.8870000e+03   3.8043751e+01   2.9310353e+00
   1.8880000e+03   3.8941038e+01   2.9020010e+00
   1.8890000e+03   4.0257345e+01   2.8996137e+00
   1.8900000e+03   4.1820961e+01   2.8660589e+00
   1.8910000e+03   4.3214665e+01   2.8337499e+00
   1.8920000e+03   4.4464502e+01   2.7996294e+00
   1.8930000e+03   4.5748544e+01   2.7412344e+00
   1.8940000e+03   4.6717783e+01   2.7376722e+00
   1.8950000e+03   4.7997151e+01   2.6901112e+00
   1.8960000e+03   4.9023735e+01   2.6605641e+00
   1.8970000e+03   5.0057775e+01   2.6164719e+00
   1.8980000e+03   5.1219935e+01   2.6125356e+00
   1.8990000e+03   5.3300859e+01   2.6088099e+00
   1.9000000e+03   5.4562412e+01   2.5565929e+00
   1.9010000e+03   5.5234685e+01   2.5215301e+00
   1.9020000e+03   5.6616636e+01   2.5188707e+00
   1.9030000e+03   5.7793536e+01   2.4915939e+00
   1.9040000e+03   5.8857975e+01   2.4529268e+00
   1.9050000e+03   6.0502884e+01   2.4266853e+00
   1.9060000e+03   6.2007286e+01   2.3780574e+00
   1.9070000e+03   6.2585649e+01   2.3507604e+00
   1.9080000e+03   6.3044076e+01   2.3470227e+00
   1.9090000e+03   6.3673641e+01   2.3119743e+00
   1.9100000e+03   6.3869754e+01   2.2864231e+00
   1.9110000e+03   6.4347390e+01   2.2831371e+00
   1.9120000e+03   6.5073085e+01   2.2583020e+00
   1.9130000e+03   6.5450137e+01   2.2089828e+00
   1.9140000e+03   6.6137635e+01   2.1843285e+00
   1.9150000e+03   6.7305253e+01   2.1583725e+00
   1.9160000e+03   6.8371312e+01   2.1057858e+00
   1.9170000e+03   6.9611689e+01   2.0773281e+00
   1.9180000e+03   7.0884813e+01   2.0313306e+00
   1.9190000e+03   7.1873060e+01   2.0025317e+00
   1.9200000e+03   7.3143259e+01   1.9580019e+00
   1.9210000e+03   7.3923149e+01   1.9318216e+00
   1.9220000e+03   7.4785993e+01   1.9020885e+00
   1.9230000e+03   7.5681217e+01   1.8725432e+00
   1.9240000e+03   7.6519709e+01   1.8682878e+00
   1.9250000e+03   7.7758375e+01   1.8129659e+00
   1.9260000e+03   7.9684232e+01   1.7673386e+00
   1.9270000e+03   8.1111910e+01   1.7283508e+00
   1.9280000e+03   8.2445430e+01   1.7247364e+00
   1.9290000e+03   8.3316049e+01   1.7026570e+00
   1.9300000e+03   8.4155096e+01   1.6987099e+00
   1.9310000e+03   8.4495600e+01   1.6651349e+00
   1.9320000e+03   8.4981720e+01   1.6600982e+00
   1.9330000e+03   8.6089497e+01   1.6384759e+00
   1.9340000e+03   8.7840505e+01   1.5694750e+00
   1.9350000e+03   8.9372675e+01   1.4961895e+00
   1.9360000e+03   9.1118756e+01   1.4241879e+00
   1.9370000e+03   9.2494979e+01   1.3642597e+00
   1.9380000e+03   9.3760840e+01   1.3593476e+00
   1.9390000e+03   9.4791094e+01   1.3531773e+00
   1.9400000e+03   9.6331013e+01   1.3476238e+00
   1.9410000e+03   9.7557425e+01   1.3226678e+00
   1.9420000e+03   9.8866475e+01   1.2719696e+00
   1.9430000e+03   1.0035108e+02   1.2529320e+00
   1.9440000e+03   1.0191790e+02   1.2290119e+00
   1.9450000e+03   1.0311772e+02   1.2032677e+00
   1.9460000e+03   1.0555725e+02   1.1976856e+00
   1.9470000e+03   1.0716755e+02   1.1680704e+00
   1.9480000e+03   1.0892241e+02   1.1607514e+00
   1.9490000e+03   1.0998928e+02   1.1347942e+00
   1.9500000e+03   1.1055200e+02   1.1278094e+00
   1.9510000e+03   1.1176799e+02   1.1127681e+00
   1.9520000e+03   1.1292777e+02   1.0859422e+00
   1.9530000e+03   1.1362079e+02   1.0799032e+00
   1.9540000e+03   1.1509395e+02   1.0739413e+00
   1.9550000e+03   1.1594756e+02   1.0250537e+00
   1.9560000e+03   1.1679346e+02   9.8913948e-01
   1.9570000e+03   1.1731589e+02   9.2615713e-01
   1.9580000e+03   1.1782706e+02   8.9678806e-01
   1.9590000e+03   1.1828911e+02   8.8965537e-01
   1.9600000e+03   1.1896095e+02   8.5197739e-01
   1.9610000e+03   1.1875591e+02   8.3807085e-01
   1.9620000e+03   1.1883085e+02   8.3040273e-01
   1.9630000e+03   1.1927512e+02   8.2366558e-01
   1.9640000e+03   1.1989773e+02   8.0997617e-01
   1.9650000e+03   1.2107439e+02   7.9760865e-01
   1.9660000e+03   1.2142225e+02   7.8936865e-01
   1.9670000e+03   1.2220246e+02   7.6478949e-01
   1.9680000e+03   1.2277729e+02   7.3601929e-01
   1.9690000e+03   1.2421610e+02   7.2736935e-01
   1.9700000e+03   1.2557559e+02   7.1804622e-01
   1.9710000e+03   1.2614465e+02   7.0693634e-01
   1.9720000e+03   1.2694369e+02   6.9786974e-01
   1.9730000e+03   1.2731313e+02   6.8874858e-01
   1.9740000e+03   1.2753607e+02   6.7951032e-01
   1.9750000e+03   1.2764186e+02   6.6222989e-01
   1.9760000e+03   1.2830793e+02   6.5263276e-01
   1.9770000e+03   1.2914990e+02   6.4085504e-01
   1.9780000e+03   1.2959574e+02   6.0677204e-01
   1.9790000e+03   1.3023947e+02   5.9643643e-01
   1.9800000e+03   1.3058487e+02   5.8583009e-01
   1.9810000e+03   1.3094495e+02   5.7506535e-01
   1.9820000e+03   1.3088080e+02   5.6405941e-01
   1.9830000e+03   1.3085196e+02   5.5257621e-01
   1.9840000e+03   1.3118866e+02   5.4119521e-01
   1.9850000e+03   1.3195522e+02   5.2951935e-01
   1.9860000e+03   1.3321635e+02   5.1782433e-01
   1.9870000e+03   1.3458662e+02   5.0370194e-01
   1.9880000e+03   1.3608319e+02   4.9123614e-01
   1.9890000e+03   1.3694096e+02   4.6199096e-01
   1.9900000e+03   1.3759473e+02   4.4827257e-01
   1.9910000e+03   1.3812191e+02   4.1869005e-01
   1.9920000e+03   1.3887345e+02   4.0357211e-01
   1.9930000e+03   1.3946461e+02   3.8793432e-01
   1.9940000e+03   1.4060227e+02   3.7245224e-01
   1.9950000e+03   1.4191730e+02   3.5598158e-01
   1.9960000e+03   1.4362396e+02   3.3811047e-01
   1.9970000e+03   1.4495183e+02   3.1906291e-01
   1.9980000e+03   1.4615135e+02   2.9907065e-01
   1.9990000e+03   1.4754736e+02   2.7762880e-01
   2.0000000e+03   1.4895937e+02   2.5432454e-01
   2.0010000e+03   1.5043196e+02   2.2518644e-01
   2.0020000e+03   1.5171235e+02   1.9636084e-01
   2.0030000e+03   1.5292962e+02   1.9691621e-01
   2.0040000e+03   1.5449709e+02   1.9779782e-01
   2.0050000e+03   1.5591902e+02   1.9891259e-01
   2.0060000e+03   1.5764144e+02   1.9967756e-01
   2.0070000e+03   1.5910743e+02   2.2347289e-01
   2.0080000e+03   1.6025121e+02   2.4495460e-01
   2.0090000e+03   1.6137684e+02   2.6852742e-01
   2.0100000e+03   1.6273505e+02   2.9049307e-01
   2.0110000e+03   1.6415558e+02   3.1100857e-01
   2.0120000e+03   1.6589709e+02   3.3068321e-01
   2.0130000e+03   1.6775033e+02   3.4880763e-01
   2.0140000e+03   1.6998964e+02   3.6613191e-01
   2.0150000e+03   1.7165358e+02   3.8266150e-01
   2.0160000e+03   1.7304012e+02   4.0323372e-01
   2.0170000e+03   1.7452271e+02   4.2118913e-01
   2.0180000e+03   1.7634179e+02   4.3561139e-01
   2.0190000e+03   1.7845107e+02   4.4961882e-01
   2.0200000e+03   1.8082789e+02   4.6339577e-01
   2.0210000e+03   1.8312460e+02   4.7678365e-01
   2.0220000e+03   1.8565682e+02   4.8963719e-01
   2.0230000e+03   1.8998923e+02   7.6220490e-01
   2.0240000e+03   1.9190794e+02   7.7033990e-01
   2.0250000e+03   1.9471263e+02   2.1485050e+00
   2.0260000e+03   1.9745151e+02   2.1613531e+00
   2.0270000e+03   1.9988292e+02   2.1642306e+00
   2.0280000e+03   2.0197941e+02   2.1670511e+00
   2.0290000e+03   2.0448271e+02   2.1699043e+00
   2.0300000e+03   2.0679673e+02   2.1727120e+00
   2.0310000e+03   2.0893082e+02   2.1755291e+00
   2.0320000e+03   2.1128915e+02   2.1783398e+00
   2.0330000e+03   2.1377943e+02   2.1811467e+00
   2.0340000e+03   2.1603652e+02   2.1839422e+00
   2.0350000e+03   2.1840446e+02   2.1867471e+00
   2.0360000e+03   2.2028920e+02   2.1895435e+00
   2.0370000e+03   2.2214044e+02   2.1923165e+00
   2.0380000e+03   2.2406624e+02   2.1951044e+00
   2.0390000e+03   2.2589153e+02   2.1978619e+00
   2.0400000e+03   2.2774776e+02   2.2006592e+00
   2.0410000e+03   2.2983242e+02   2.2034364e+00
   2.0420000e+03   2.3171090e+02   2.2062177e+00
   2.0430000e+03   2.3379282e+02   2.2090035e+00
   2.0440000e+03   2.3611667e+02   2.2118391e+00
   2.0450000e+03   2.3830273e+02   2.2146473e+00
   2.0460000e+03   2.4061124e+02   2.2174368e+00
   2.0470000e+03   2.4291457e+02   2.2202541e+00
   2.0480000e+03   2.4539326e+02   2.2230593e+00
   2.0490000e+03   2.4779623e+02   2.2258594e+00
   2.0500000e+03   2.4968292e+02   2.2286184e+00
   2.0510000e+03   2.5150646e+02   2.2313824e+00
   2.0520000e+03   2.5372373e+02   2.2341499e+00
   2.0530000e+03   2.5577835e+02   2.2369666e+00
   2.0540000e+03   2.5799880e+02   2.2397076e+00
   2.0550000e+03   2.5990592e+02   2.2424661e+00
   2.0560000e+03   2.6201809e+02   2.2452404e+00
   2.0570000e+03   2.6359319e+02   2.2480150e+00
   2.0580000e+03   2.6564444e+02   2.2508468e+00
   2.0590000e+03   2.6714226e+02   2.2535295e+00
   2.0600000e+03   2.6891034e+02   2.2563309e+00
   2.0610000e+03   2.7062541e+02   2.2591407e+00
   2.0620000e+03   2.7229955e+02   2.2619233e+00
   2.0630000e+03   2.7403471e+02   2.2646555e+00
   2.0640000e+03   2.7624695e+02   2.2674726e+00
   2.0650000e+03   2.7819000e+02   2.2702317e+00
   2.0660000e+03   2.7981586e+02   2.2729334e+00
   2.0670000e+03   2.8161872e+02   2.2756931e+00
   2.0680000e+03   2.8293209e+02   2.2784629e+00
   2.0690000e+03   2.8475868e+02   2.2813035e+00
   2.0700000e+03   2.8623700e+02   2.2840511e+00
   2.0710000e+03   2.8783104e+02   2.2867910e+00
   2.0720000e+03   2.8972251e+02   2.2896268e+00
   2.0730000e+03   2.9204663e+02   2.2928448e+00
   2.0740000e+03   2.9356010e+02   2.2955600e+00
   2.0750000e+03   2.9487213e+02   2.2983349e+00
   2.0760000e+03   2.9656698e+02   2.3013980e+00
   2.0770000e+03   2.9770662e+02   2.3041458e+00
   2.0780000e+03   2.9922517e+02   2.3072906e+00
   2.0790000e+03   3.0111415e+02   2.3106251e+00
   2.0800000e+03   3.0324477e+02   2.3136193e+00
   2.0810000e+03   3.0456340e+02   2.3165665e+00
   2.0820000e+03   3.0611776e+02   2.3196024e+00
   2.0830000e+03   3.0766923e+02   2.3227592e+00
   2.0840000e+03   3.0916936e+02   2.3257793e+00
   2.0850000e+03   3.1052420e+02   2.3289586e+00
   2.0860000e+03   3.1227018e+02   2.3323740e+00
   2.0870000e+03   3.1369589e+02   2.3352369e+00
   2.0880000e+03   3.1566378e+02   2.3391178e+00
   2.0890000e+03   3.1711109e+02   2.3426858e+00
   2.0900000e+03   3.1843301e+02   2.3461174e+00
   2.0910000e+03   3.2027703e+02   2.3497525e+00
   2.0920000e+03   3.2200664e+02   2.3545261e+00
   2.0930000e+03   3.2354842e+02   2.3584670e+00
   2.0940000e+03   3.2503154e+02   2.3619586e+00
   2.0950000e+03   3.2650182e+02   2.3660599e+00
   2.0960000e+03   3.2815980e+02   2.3701522e+00
   2.0970000e+03   3.2944557e+02   2.3739497e+00
   2.0980000e+03   3.3124495e+02   2.3767816e+00
   2.0990000e+03   3.3343871e+02   2.3798877e+00
   2.1000000e+03   3.3560051e+02   2.3830738e+00
   2.1010000e+03   3.3787295e+02   2.3861426e+00
   2.1020000e+03   3.3992248e+02   2.3891442e+00
   2.1030000e+03   3.4182901e+02   2.3926909e+00
   2.1040000e+03   3.4410867e+02   2.3956722e+00
   2.1050000e+03   3.4663018e+02   2.4002385e+00
   2.1060000e+03   3.4870770e+02   2.4034194e+00
   2.1070000e+03   3.5060561e+02   2.4063529e+00
   2.1080000e+03   3.5228740e+02   2.4093088e+00
   2.1090000e+03   3.5414130e+02   2.4119964e+00
   2.1100000e+03   3.5588523e+02   2.4147117e+00
   2.1110000e+03   3.5769633e+02   2.4174667e+00
   2.1120000e+03   3.5932066e+02   2.4203075e+00
   2.1130000e+03   3.6126454e+02   2.4233815e+00
   2.1140000e+03   3.6300752e+02   2.4263772e+00
   2.1150000e+03   3.6463375e+02   2.4293559e+00
   2.1160000e+03   3.6634429e+02   2.4322233e+00
   2.1170000e+03   3.6802122e+02   2.4351029e+00
   2.1180000e+03   3.6968683e+02   2.4383378e+00
   2.1190000e+03   3.7143140e+02   2.4414276e+00
   2.1200000e+03   3.7309690e+02   2.4443303e+00
   2.1210000e+03   3.7474702e+02   2.4470837e+00
   2.1220000e+03   3.7638177e+02   2.4498384e+00
   2.1230000e+03   3.7808551e+02   2.4527723e+00
   2.1240000e+03   3.7969349e+02   2.4556832e+00
   2.1250000e+03   3.8150372e+02   2.4585263e+00
   2.1260000e+03   3.8312909e+02   2.4609519e+00
   2.1270000e+03   3.8466048e+02   2.4633685e+00
   2.1280000e+03   3.8601165e+02   2.4658013e+00
   2.1290000e+03   3.8732324e+02   2.4682773e+00
   2.1300000e+03   3.8871491e+02   2.4706581e+00
   2.1310000e+03   3.8998380e+02   2.4730566e+00
   2.1320000e+03   3.9128455e+02   2.4754605e+00
   2.1330000e+03   3.9278654e+02   2.4779686e+00
   2.1340000e+03   3.9422124e+02   2.4804082e+00
   2.1350000e+03   3.9579481e+02   2.4829601e+00
   2.1360000e+03   3.9732643e+02   2.4854591e+00
   2.1370000e+03   3.9889444e+02   2.4879565e+00
   2.1380000e+03   4.0029165e+02   2.4904326e+00
   2.1390000e+03   4.0154395e+02   2.4929675e+00
   2.1400000e+03   4.0273542e+02   2.4955741e+00
   2.1410000e+03   4.0374547e+02   2.4980590e+00
   2.1420000e+03   4.0499565e+02   2.5005364e+00
   2.1430000e+03   4.0622784e+02   2.5029976e+00
   2.1440000e+03   4.0783756e+02   2.5057082e+00
   2.1450000e+03   4.0927298e+02   2.5082702e+00
   2.1460000e+03   4.1057400e+02   2.5110168e+00
   2.1470000e+03   4.1189778e+02   2.5138680e+00
   2.1480000e+03   4.1319527e+02   2.5166370e+00
   2.1490000e+03   4.1439928e+02   2.5193029e+00
   2.1500000e+03   4.1548198e+02   2.5218301e+00
   2.1510000e+03   4.1658324e+02   2.5245448e+00
   2.1520000e+03   4.1759688e+02   2.5272811e+00
   2.1530000e+03   4.1851157e+02   2.5298119e+00
   2.1540000e+03   4.1955202e+02   2.5324099e+00
   2.1550000e+03   4.2074936e+02   2.5349420e+00
   2.1560000e+03   4.2204029e+02   2.5375966e+00
   2.1570000e+03   4.2334637e+02   2.5406154e+00
   2.1580000e+03   4.2440173e+02   2.5435555e+00
   2.1590000e+03   4.2552473e+02   2.5462434e+00
   2.1600000e+03   4.2671257e+02   2.5490057e+00
   2.1610000e+03   4.2784448e+02   2.5518100e+00
   2.1620000e+03   4.2886453e+02   2.5545906e+00
   2.1630000e+03   4.2966513e+02   2.5573473e+00
   2.1640000e+03   4.3050727e+02   2.5602709e+00
   2.1650000e+03   4.3132333e+02   2.5631790e+00
   2.1660000e+03   4.3212369e+02   2.5660597e+00
   2.1670000e+03   4.3305731e+02   2.5690323e+00
   2.1680000e+03   4.3400324e+02   2.5720522e+00
   2.1690000e+03   4.3490109e+02   2.5751674e+00
   2.1700000e+03   4.3583728e+02   2.5781203e+00
   2.1710000e+03   4.3659795e+02   2.5810580e+00
   2.1720000e+03   4.3754808e+02   2.5841658e+00
   2.1730000e+03   4.3828055e+02   2.5871960e+00
   2.1740000e+03   4.3904900e+02   2.5903314e+00
   2.1750000e+03   4.3975851e+02   2.5924696e+00
   2.1760000e+03   4.4063023e+02   2.5956358e+00
   2.1770000e+03   4.4136974e+02   2.5987956e+00
   2.1780000e+03   4.4207067e+02   2.6008415e+00
   2.1790000e+03   4.4282417e+02   2.6042202e+00
   2.1800000e+03   4.4353901e+02   2.6076694e+00
   2.1810000e+03   4.4454345e+02   2.6112409e+00
   2.1820000e+03   4.4531899e+02   2.6149058e+00
   2.1830000e+03   4.4589636e+02   2.6182563e+00
   2.1840000e+03   4.4680280e+02   2.6216996e+00
   2.1850000e+03   4.4736681e+02   2.6251586e+00
   2.1860000e+03   4.4795890e+02   2.6286815e+00
   2.1870000e+03   4.4855542e+02   2.6316133e+00
   2.1880000e+03   4.4922508e+02   2.6352547e+00
   2.1890000e+03   4.4997526e+02   2.6389757e+00
   2.1900000e+03   4.5070088e+02   2.6429573e+00
   2.1910000e+03   4.5136365e+02   2.6467378e+00
   2.1920000e+03   4.5209637e+02   2.6491262e+00
   2.1930000e+03   4.5286628e+02   2.6522629e+00
   2.1940000e+03   4.5349219e+02   2.6562636e+00
   2.1950000e+03   4.5424089e+02   2.6603193e+00
   2.1960000e+03   4.5482721e+02   2.6628025e+00
   2.1970000e+03   4.5555439e+02   2.6670843e+00
   2.1980000e+03   4.5621198e+02   2.6695034e+00
   2.1990000e+03   4.5676382e+02   2.6737979e+00
   2.2000000e+03   4.5734427e+02   2.6773147e+00
   2.2010000e+03   4.5800178e+02   2.6799620e+00
   2.2020000e+03   4.5851196e+02   2.6843986e+00
   2.2030000e+03   4.5917313e+02   2.6879226e+00
   2.2040000e+03   4.5972490e+02   2.6915027e+00
   2.2050000e+03   4.6031724e+02   2.6944504e+00
   2.2060000e+03   4.6100791e+02   2.6991342e+00
   2.2070000e+03   4.6153263e+02   2.7028687e+00
   2.2080000e+03   4.6192788e+02   2.7055612e+00
   2.2090000e+03   4.6216495e+02   2.7083214e+00
   2.2100000e+03   4.6265957e+02   2.7099476e+00
   2.2110000e+03   4.6312301e+02   2.7128410e+00
   2.2120000e+03   4.6361196e+02   2.7150991e+00
   2.2130000e+03   4.6391859e+02   2.7179481e+00
   2.2140000e+03   4.6426017e+02   2.7201662e+00
   2.2150000e+03   4.6475246e+02   2.7242229e+00
   2.2160000e+03   4.6524370e+02   2.7275299e+00
   2.2170000e+03   4.6565568e+02   2.7290801e+00
   2.2180000e+03   4.6611389e+02   2.7307068e+00
   2.2190000e+03   4.6655791e+02   2.7323056e+00
   2.2200000e+03   4.6708015e+02   2.7346807e+00
   2.2210000e+03   4.6750299e+02   2.7362624e+00
   2.2220000e+03   4.6793170e+02   2.7377929e+00
   2.2230000e+03   4.6843963e+02   2.7413527e+00
   2.2240000e+03   4.6892651e+02   2.7437167e+00
   2.2250000e+03   4.6932496e+02   2.7469941e+00
   2.2260000e+03   4.6981336e+02   2.7514560e+00
   2.2270000e+03   4.7037493e+02   2.7538706e+00
   2.2280000e+03   4.7067610e+02   2.7554660e+00
   2.2290000e+03   4.7107814e+02   2.7570714e+00
   2.2300000e+03   4.7150395e+02   2.7594911e+00
   2.2310000e+03   4.7205782e+02   2.7611197e+00
   2.2320000e+03   4.7241783e+02   2.7630571e+00
   2.2330000e+03   4.7279244e+02   2.7667524e+00
   2.2340000e+03   4.7310262e+02   2.7683416e+00
   2.2350000e+03   4.7349849e+02   2.7699135e+00
   2.2360000e+03   4.7387409e+02   2.7733105e+00
   2.2370000e+03   4.7414804e+02   2.7748240e+00
   2.2380000e+03   4.7459903e+02   2.7764369e+00
   2.2390000e+03   4.7502241e+02   2.7779536e+00
   2.2400000e+03   4.7539607e+02   2.7795572e+00
   2.2410000e+03   4.7576311e+02   2.7811962e+00
   2.2420000e+03   4.7607810e+02   2.7847538e+00
   2.2430000e+03   4.7656575e+02   2.7873782e+00
   2.2440000e+03   4.7687150e+02   2.7911465e+00
   2.2450000e+03   4.7720876e+02   2.7927779e+00
   2.2460000e+03   4.7765377e+02   2.7952947e+00
   2.2470000e+03   4.7811773e+02   2.7968348e+00
   2.2480000e+03   4.7858465e+02   2.7986256e+00
   2.2490000e+03   4.7896058e+02   2.8002626e+00
   2.2500000e+03   4.7929519e+02   2.8037896e+00
   2.2510000e+03   4.7951948e+02   2.8064075e+00
   2.2520000e+03   4.7988445e+02   2.8080594e+00
   2.2530000e+03   4.8023318e+02   2.8095730e+00
   2.2540000e+03   4.8054333e+02   2.8131021e+00
   2.2550000e+03   4.8089140e+02   2.8157317e+00
   2.2560000e+03   4.8115134e+02   2.8172528e+00
   2.2570000e+03   4.8143761e+02   2.8189046e+00
   2.2580000e+03   4.8172972e+02   2.8204307e+00
   2.2590000e+03   4.8202565e+02   2.8220882e+00
   2.2600000e+03   4.8243579e+02   2.8237595e+00
   2.2610000e+03   4.8264356e+02   2.8252754e+00
   2.2620000e+03   4.8291277e+02   2.8277959e+00
   2.2630000e+03   4.8310699e+02   2.8293239e+00
   2.2640000e+03   4.8324794e+02   2.8306268e+00
   2.2650000e+03   4.8358456e+02   2.8321927e+00
   2.2660000e+03   4.8389588e+02   2.8347405e+00
   2.2670000e+03   4.8432902e+02   2.8374441e+00
   2.2680000e+03   4.8455857e+02   2.8399847e+00
   2.2690000e+03   4.8490568e+02   2.8426974e+00
   2.2700000e+03   4.8514453e+02   2.8453094e+00
   2.2710000e+03   4.8531747e+02   2.8468593e+00
   2.2720000e+03   4.8553821e+02   2.8494005e+00
   2.2730000e+03   4.8580632e+02   2.8521579e+00
   2.2740000e+03   4.8593983e+02   2.8537054e+00
   2.2750000e+03   4.8616210e+02   2.8554654e+00
   2.2760000e+03   4.8652527e+02   2.8572122e+00
   2.2770000e+03   4.8689273e+02   2.8589948e+00
   2.2780000e+03   4.8709843e+02   2.8615321e+00
   2.2790000e+03   4.8733873e+02   2.8631209e+00
   2.2800000e+03   4.8755724e+02   2.8648961e+00
   2.2810000e+03   4.8779618e+02   2.8666776e+00
   2.2820000e+03   4.8816323e+02   2.8682721e+00
   2.2830000e+03   4.8838985e+02   2.8698655e+00
   2.2840000e+03   4.8868181e+02   2.8724469e+00
   2.2850000e+03   4.8889758e+02   2.8749963e+00
   2.2860000e+03   4.8928051e+02   2.8766300e+00
   2.2870000e+03   4.8952660e+02   2.8782403e+00
   2.2880000e+03   4.8972026e+02   2.8789959e+00
   2.2890000e+03   4.8995777e+02   2.8806111e+00
   2.2900000e+03   4.9015541e+02   2.8824673e+00
   2.2910000e+03   4.9045226e+02   2.8841108e+00
   2.2920000e+03   4.9063023e+02   2.8854966e+00
   2.2930000e+03   4.9070859e+02   2.8871248e+00
   2.2940000e+03   4.9089283e+02   2.8887767e+00
   2.2950000e+03   4.9103088e+02   2.8901688e+00
   2.2960000e+03   4.9114972e+02   2.8917898e+00
   2.2970000e+03   4.9137559e+02   2.8931527e+00
   2.2980000e+03   4.9145841e+02   2.8945010e+00
   2.2990000e+03   4.9162636e+02   2.8958914e+00
   2.3000000e+03             NaN             NaN
