   1.8500000e+03             NaN             NaN
   1.8510000e+03   7.4091616e-01   5.9723610e+00
   1.8520000e+03   4.4519266e-01   5.9700417e+00
   1.8530000e+03   9.8527216e-01   5.9689099e+00
   1.8540000e+03   1.8691366e-01   5.9669433e+00
   1.8550000e+03  -1.5903288e-01   5.9656869e+00
   1.8560000e+03   4.8994696e-02   5.9645418e+00
   1.8570000e+03   9.7036868e-01   5.9627385e+00
   1.8580000e+03   1.7769573e+00   5.8629064e+00
   1.8590000e+03   2.2895777e+00   5.7478728e+00
   1.8600000e+03   2.0313537e+00   5.7312498e+00
   1.8610000e+03   2.3645528e+00   5.7295556e+00
   1.8620000e+03   3.5439956e+00   5.7281018e+00
   1.8630000e+03   3.6364063e+00   5.6247698e+00
   1.8640000e+03   3.9845162e+00   5.6235684e+00
   1.8650000e+03   4.5708416e+00   5.6218544e+00
   1.8660000e+03   5.1256259e+00   5.6197299e+00
   1.8670000e+03   5.4237329e+00   5.5153959e+00
   1.8680000e+03   6.0254984e+00   5.5135625e+00
   1.8690000e+03   7.3436146e+00   5.5115101e+00
   1.8700000e+03   8.4865874e+00   5.4485262e+00
   1.8710000e+03   1.0171210e+01   5.4453318e+00
   1.8720000e+03   1.0683063e+01   5.3386255e+00
   1.8730000e+03   1.1025531e+01   5.3203940e+00
   1.8740000e+03   1.2368077e+01   5.3032417e+00
   1.8750000e+03   1.3464410e+01   5.1960999e+00
   1.8760000e+03   1.4948583e+01   5.0659414e+00
   1.8770000e+03   1.5583970e+01   5.0480056e+00
   1.8780000e+03   1.6067114e+01   5.0461492e+00
   1.8790000e+03   1.7307688e+01   5.0298093e+00
   1.8800000e+03   1.8088235e+01   5.0023883e+00
   1.8810000e+03   1.8555188e+01   4.9532751e+00
   1.8820000e+03   1.9156270e+01   4.9365773e+00
   1.8830000e+03   2.1904741e+01   4.9202184e+00
   1.8840000e+03   2.1249669e+01   4.7472505e+00
   1.8850000e+03   2.1542300e+01   4.7456252e+00
   1.8860000e+03   2.2483044e+01   4.7432967e+00
   1.8870000e+03   2.2038758e+01   4.6186836e+00
   1.8880000e+03   2.3041328e+01   4.6172181e+00
   1.8890000e+03   2.3418473e+01   4.6156552e+00
   1.8900000e+03   2.3696150e+01   4.6141334e+00
   1.8910000e+03   2.3791129e+01   4.6124849e+00
   1.8920000e+03   2.4550834e+01   4.6110250e+00
   1.8930000e+03   2.6294537e+01   4.5942665e+00
   1.8940000e+03   2.7144619e+01   4.4427577e+00
   1.8950000e+03   2.7362203e+01   4.3393912e+00
   1.8960000e+03   2.7968135e+01   4.3221320e+00
   1.8970000e+03   2.8859383e+01   4.3040542e+00
   1.8980000e+03   2.9841398e+01   4.2017531e+00
   1.8990000e+03   3.0696766e+01   4.0985322e+00
   1.9000000e+03   3.1713898e+01   4.0968747e+00
   1.9010000e+03   3.1958915e+01   4.0463151e+00
   1.9020000e+03   3.2976673e+01   4.0447654e+00
   1.9030000e+03   3.2933648e+01   3.9446669e+00
   1.9040000e+03   3.3078472e+01   3.8440194e+00
   1.9050000e+03   3.3081561e+01   3.8418530e+00
   1.9060000e+03   3.2848918e+01   3.8401014e+00
   1.9070000e+03   3.2661168e+01   3.8383632e+00
   1.9080000e+03   3.2642778e+01   3.8366160e+00
   1.9090000e+03   3.4577237e+01   3.8348530e+00
   1.9100000e+03   3.4889038e+01   3.7414606e+00
   1.9110000e+03   3.5104465e+01   3.7396431e+00
   1.9120000e+03   3.5429942e+01   3.6473322e+00
   1.9130000e+03   3.6142791e+01   3.6182409e+00
   1.9140000e+03   3.7227778e+01   3.6160498e+00
   1.9150000e+03   3.7717848e+01   3.6138655e+00
   1.9160000e+03   3.8543821e+01   3.5100025e+00
   1.9170000e+03   3.9828494e+01   3.4216277e+00
   1.9180000e+03   4.0699703e+01   3.4192732e+00
   1.9190000e+03   4.0732912e+01   3.3618941e+00
   1.9200000e+03   4.2319894e+01   3.3409649e+00
   1.9210000e+03   4.4501972e+01   3.3140533e+00
   1.9220000e+03   4.5959134e+01   3.2098640e+00
   1.9230000e+03   4.8127368e+01   3.1252119e+00
   1.9240000e+03   4.9638307e+01   3.0905910e+00
   1.9250000e+03   5.0837283e+01   3.0871350e+00
   1.9260000e+03   5.2806911e+01   2.9879633e+00
   1.9270000e+03   5.3584457e+01   2.9855768e+00
   1.9280000e+03   5.5380707e+01   2.9832785e+00
   1.9290000e+03   5.5868619e+01   2.8869047e+00
   1.9300000e+03   5.7665715e+01   2.8845880e+00
   1.9310000e+03   5.8011423e+01   2.8135391e+00
   1.9320000e+03   5.8837763e+01   2.7920125e+00
   1.9330000e+03   5.9692311e+01   2.7896240e+00
   1.9340000e+03   6.1112144e+01   2.7872093e+00
   1.9350000e+03   6.1471495e+01   2.7117819e+00
   1.9360000e+03   6.2329874e+01   2.7093333e+00
   1.9370000e+03   6.3352579e+01   2.6435981e+00
   1.9380000e+03   6.5715087e+01   2.5977353e+00
   1.9390000e+03   6.7923251e+01   2.4829079e+00
   1.9400000e+03   7.0182770e+01   2.3571195e+00
   1.9410000e+03   7.2350422e+01   2.2670819e+00
   1.9420000e+03   7.3618118e+01   2.1646079e+00
   1.9430000e+03   7.5253246e+01   2.1232249e+00
   1.9440000e+03   7.6215330e+01   2.0072722e+00
   1.9450000e+03   7.6445731e+01   1.9544418e+00
   1.9460000e+03   7.6668164e+01   1.9510552e+00
   1.9470000e+03   7.7189600e+01   1.9292733e+00
   1.9480000e+03   7.7605014e+01   1.9258664e+00
   1.9490000e+03   7.9274041e+01   1.9228951e+00
   1.9500000e+03   7.9870630e+01   1.7828614e+00
   1.9510000e+03   8.0689142e+01   1.7606324e+00
   1.9520000e+03   8.2362151e+01   1.7568589e+00
   1.9530000e+03   8.4162856e+01   1.6692024e+00
   1.9540000e+03   8.4972841e+01   1.4776617e+00
   1.9550000e+03   8.5671450e+01   1.4732753e+00
   1.9560000e+03   8.6654420e+01   1.4685422e+00
   1.9570000e+03   8.8215305e+01   1.4637428e+00
   1.9580000e+03   8.8725167e+01   1.4254612e+00
   1.9590000e+03   8.9313873e+01   1.4209500e+00
   1.9600000e+03   8.9368025e+01   1.4046688e+00
   1.9610000e+03   9.0603079e+01   1.4000418e+00
   1.9620000e+03   9.1200990e+01   1.3820840e+00
   1.9630000e+03   9.1277238e+01   1.3774109e+00
   1.9640000e+03   9.1484249e+01   1.3727331e+00
   1.9650000e+03   9.2232261e+01   1.3681013e+00
   1.9660000e+03   9.2410901e+01   1.3634132e+00
   1.9670000e+03   9.2696021e+01   1.3582362e+00
   1.9680000e+03   9.3729768e+01   1.3516315e+00
   1.9690000e+03   9.4095550e+01   1.3394342e+00
   1.9700000e+03   9.4613351e+01   1.3269772e+00
   1.9710000e+03   9.4917666e+01   1.3220017e+00
   1.9720000e+03   9.5360081e+01   1.3171734e+00
   1.9730000e+03   9.6463044e+01   1.3123129e+00
   1.9740000e+03   9.7318320e+01   1.2041328e+00
   1.9750000e+03   9.8203530e+01   1.1924761e+00
   1.9760000e+03   9.8954645e+01   1.1369092e+00
   1.9770000e+03   1.0009763e+02   1.1309886e+00
   1.9780000e+03   1.0133921e+02   9.7188702e-01
   1.9790000e+03   1.0237203e+02   8.1758140e-01
   1.9800000e+03   1.0374762e+02   7.9547914e-01
   1.9810000e+03   1.0518470e+02   7.8687235e-01
   1.9820000e+03   1.0658744e+02   7.7401625e-01
   1.9830000e+03   1.0767921e+02   7.6457681e-01
   1.9840000e+03   1.0917897e+02   6.8923507e-01
   1.9850000e+03   1.1007440e+02   6.3049022e-01
   1.9860000e+03   1.1112725e+02   5.9480081e-01
   1.9870000e+03   1.1217937e+02   5.8350912e-01
   1.9880000e+03   1.1329753e+02   5.5999780e-01
   1.9890000e+03   1.1457385e+02   5.4567811e-01
   1.9900000e+03   1.1673348e+02   5.2951092e-01
   1.9910000e+03   1.1897048e+02   5.1591706e-01
   1.9920000e+03   1.1988448e+02   4.6527719e-01
   1.9930000e+03   1.2087889e+02   4.5166101e-01
   1.9940000e+03   1.2146761e+02   4.3670832e-01
   1.9950000e+03   1.2234786e+02   4.2117721e-01
   1.9960000e+03   1.2325462e+02   4.0503609e-01
   1.9970000e+03   1.2485168e+02   3.8866192e-01
   1.9980000e+03   1.2640363e+02   3.7336299e-01
   1.9990000e+03   1.2801798e+02   3.3274559e-01
   2.0000000e+03   1.2990554e+02   3.1322396e-01
   2.0010000e+03   1.3231064e+02   2.3167439e-01
   2.0020000e+03   1.3526748e+02   2.0378698e-01
   2.0030000e+03   1.3675485e+02   2.0421077e-01
   2.0040000e+03   1.3841761e+02   1.9872351e-01
   2.0050000e+03   1.3957934e+02   1.9903808e-01
   2.0060000e+03   1.4148298e+02   2.0002042e-01
   2.0070000e+03   1.4345638e+02   2.2687875e-01
   2.0080000e+03   1.4459953e+02   2.4882667e-01
   2.0090000e+03   1.4619722e+02   2.7363493e-01
   2.0100000e+03   1.4781979e+02   2.9532885e-01
   2.0110000e+03   1.4910256e+02   3.1545280e-01
   2.0120000e+03   1.5047486e+02   3.3446020e-01
   2.0130000e+03   1.5181166e+02   3.5279634e-01
   2.0140000e+03   1.5430898e+02   5.5130143e-01
   2.0150000e+03   1.5615153e+02   5.6669849e-01
   2.0160000e+03   1.5785042e+02   7.0685808e-01
   2.0170000e+03   1.6033639e+02   8.3073716e-01
   2.0180000e+03   1.6306576e+02   8.5310403e-01
   2.0190000e+03   1.6576146e+02   8.6315783e-01
   2.0200000e+03   1.6726373e+02   8.7219847e-01
   2.0210000e+03   1.6934391e+02   8.8813980e-01
   2.0220000e+03   1.7039602e+02   8.9519683e-01
   2.0230000e+03   1.7217344e+02   9.0221641e-01
   2.0240000e+03   1.7415220e+02   9.1217856e-01
   2.0250000e+03   1.7607463e+02   9.2349343e-01
   2.0260000e+03   1.7798787e+02   9.3007533e-01
   2.0270000e+03   1.7963389e+02   9.3668820e-01
   2.0280000e+03   1.8151255e+02   9.4355515e-01
   2.0290000e+03   1.8329758e+02   9.5037056e-01
   2.0300000e+03   1.8505228e+02   9.5832739e-01
   2.0310000e+03   1.8660207e+02   9.6716400e-01
   2.0320000e+03   1.8886347e+02   9.7645280e-01
   2.0330000e+03   1.9036928e+02   9.8277391e-01
   2.0340000e+03   1.9270394e+02   9.8955446e-01
   2.0350000e+03   1.9444572e+02   9.9745693e-01
   2.0360000e+03   1.9684190e+02   1.0082242e+00
   2.0370000e+03   1.9909417e+02   1.0142146e+00
   2.0380000e+03   2.0096295e+02   1.0208089e+00
   2.0390000e+03   2.0268539e+02   1.0268215e+00
   2.0400000e+03   2.0392269e+02   1.0326314e+00
   2.0410000e+03   2.0580290e+02   1.0445326e+00
   2.0420000e+03   2.0784592e+02   1.0506075e+00
   2.0430000e+03   2.0976371e+02   1.0571385e+00
   2.0440000e+03   2.1223817e+02   1.0781182e+00
   2.0450000e+03   2.1389275e+02   1.0865508e+00
   2.0460000e+03   2.1609048e+02   1.0944030e+00
   2.0470000e+03   2.1839435e+02   1.1122795e+00
   2.0480000e+03   2.2048170e+02   1.1181219e+00
   2.0490000e+03   2.2199240e+02   1.1234805e+00
   2.0500000e+03   2.2401260e+02   1.1312479e+00
   2.0510000e+03   2.2694538e+02   1.2079274e+00
   2.0520000e+03   2.2942421e+02   1.2216495e+00
   2.0530000e+03   2.3186784e+02   1.2332645e+00
   2.0540000e+03   2.3370561e+02   1.2475185e+00
   2.0550000e+03   2.3553272e+02   1.2531819e+00
   2.0560000e+03   2.3807847e+02   1.2981059e+00
   2.0570000e+03   2.4048126e+02   1.3273490e+00
   2.0580000e+03   2.4297284e+02   1.3607694e+00
   2.0590000e+03   2.4531612e+02   1.3886101e+00
   2.0600000e+03   2.4747243e+02   1.3949403e+00
   2.0610000e+03   2.4984249e+02   1.3996149e+00
   2.0620000e+03   2.5271695e+02   1.4376445e+00
   2.0630000e+03   2.5569260e+02   1.4460211e+00
   2.0640000e+03   2.5885317e+02   1.5596158e+00
   2.0650000e+03   2.6175166e+02   1.6888780e+00
   2.0660000e+03   2.6415542e+02   1.8093607e+00
   2.0670000e+03   2.6641116e+02   1.8194401e+00
   2.0680000e+03   2.6923790e+02   1.8625513e+00
   2.0690000e+03   2.7161467e+02   1.8768338e+00
   2.0700000e+03   2.7421837e+02   1.8876504e+00
   2.0710000e+03   2.7676383e+02   1.9082569e+00
   2.0720000e+03   2.7943436e+02   2.0457813e+00
   2.0730000e+03   2.8166067e+02   2.0655536e+00
   2.0740000e+03   2.8403871e+02   2.0885963e+00
   2.0750000e+03   2.8687361e+02   2.2170766e+00
   2.0760000e+03   2.8935573e+02   2.2779575e+00
   2.0770000e+03   2.9194978e+02   2.3628008e+00
   2.0780000e+03   2.9480866e+02   2.4471700e+00
   2.0790000e+03   2.9811641e+02   2.5696474e+00
   2.0800000e+03   3.0059353e+02   2.7538153e+00
   2.0810000e+03   3.0356767e+02   3.0206374e+00
   2.0820000e+03   3.0618563e+02   3.1278756e+00
   2.0830000e+03   3.0896840e+02   3.5496132e+00
   2.0840000e+03   3.1146889e+02   3.6111684e+00
   2.0850000e+03   3.1386619e+02   3.6304014e+00
   2.0860000e+03   3.1665160e+02   3.7068406e+00
   2.0870000e+03   3.1985423e+02   3.8605296e+00
   2.0880000e+03   3.2286650e+02   3.9865178e+00
   2.0890000e+03   3.2610845e+02   4.1025744e+00
   2.0900000e+03   3.2939265e+02   4.2378034e+00
   2.0910000e+03   3.3245299e+02   4.6847893e+00
   2.0920000e+03   3.3534580e+02   5.1719788e+00
   2.0930000e+03   3.3837329e+02   5.1834789e+00
   2.0940000e+03   3.4078448e+02   5.1849062e+00
   2.0950000e+03   3.4362067e+02   5.1862857e+00
   2.0960000e+03   3.4612780e+02   5.1877729e+00
   2.0970000e+03   3.4831947e+02   5.1890430e+00
   2.0980000e+03   3.5118691e+02   5.1906972e+00
   2.0990000e+03   3.5368047e+02   5.1922887e+00
   2.1000000e+03   3.5608306e+02   5.1934696e+00
   2.1010000e+03             NaN             NaN
   2.1020000e+03             NaN             NaN
   2.1030000e+03             NaN             NaN
   2.1040000e+03             NaN             NaN
   2.1050000e+03             NaN             NaN
   2.1060000e+03             NaN             NaN
   2.1070000e+03             NaN             NaN
   2.1080000e+03             NaN             NaN
   2.1090000e+03             NaN             NaN
   2.1100000e+03             NaN             NaN
   2.1110000e+03             NaN             NaN
   2.1120000e+03             NaN             NaN
   2.1130000e+03             NaN             NaN
   2.1140000e+03             NaN             NaN
   2.1150000e+03             NaN             NaN
   2.1160000e+03             NaN             NaN
   2.1170000e+03             NaN             NaN
   2.1180000e+03             NaN             NaN
   2.1190000e+03             NaN             NaN
   2.1200000e+03             NaN             NaN
   2.1210000e+03             NaN             NaN
   2.1220000e+03             NaN             NaN
   2.1230000e+03             NaN             NaN
   2.1240000e+03             NaN             NaN
   2.1250000e+03             NaN             NaN
   2.1260000e+03             NaN             NaN
   2.1270000e+03             NaN             NaN
   2.1280000e+03             NaN             NaN
   2.1290000e+03             NaN             NaN
   2.1300000e+03             NaN             NaN
   2.1310000e+03             NaN             NaN
   2.1320000e+03             NaN             NaN
   2.1330000e+03             NaN             NaN
   2.1340000e+03             NaN             NaN
   2.1350000e+03             NaN             NaN
   2.1360000e+03             NaN             NaN
   2.1370000e+03             NaN             NaN
   2.1380000e+03             NaN             NaN
   2.1390000e+03             NaN             NaN
   2.1400000e+03             NaN             NaN
   2.1410000e+03             NaN             NaN
   2.1420000e+03             NaN             NaN
   2.1430000e+03             NaN             NaN
   2.1440000e+03             NaN             NaN
   2.1450000e+03             NaN             NaN
   2.1460000e+03             NaN             NaN
   2.1470000e+03             NaN             NaN
   2.1480000e+03             NaN             NaN
   2.1490000e+03             NaN             NaN
   2.1500000e+03             NaN             NaN
   2.1510000e+03             NaN             NaN
   2.1520000e+03             NaN             NaN
   2.1530000e+03             NaN             NaN
   2.1540000e+03             NaN             NaN
   2.1550000e+03             NaN             NaN
   2.1560000e+03             NaN             NaN
   2.1570000e+03             NaN             NaN
   2.1580000e+03             NaN             NaN
   2.1590000e+03             NaN             NaN
   2.1600000e+03             NaN             NaN
   2.1610000e+03             NaN             NaN
   2.1620000e+03             NaN             NaN
   2.1630000e+03             NaN             NaN
   2.1640000e+03             NaN             NaN
   2.1650000e+03             NaN             NaN
   2.1660000e+03             NaN             NaN
   2.1670000e+03             NaN             NaN
   2.1680000e+03             NaN             NaN
   2.1690000e+03             NaN             NaN
   2.1700000e+03             NaN             NaN
   2.1710000e+03             NaN             NaN
   2.1720000e+03             NaN             NaN
   2.1730000e+03             NaN             NaN
   2.1740000e+03             NaN             NaN
   2.1750000e+03             NaN             NaN
   2.1760000e+03             NaN             NaN
   2.1770000e+03             NaN             NaN
   2.1780000e+03             NaN             NaN
   2.1790000e+03             NaN             NaN
   2.1800000e+03             NaN             NaN
   2.1810000e+03             NaN             NaN
   2.1820000e+03             NaN             NaN
   2.1830000e+03             NaN             NaN
   2.1840000e+03             NaN             NaN
   2.1850000e+03             NaN             NaN
   2.1860000e+03             NaN             NaN
   2.1870000e+03             NaN             NaN
   2.1880000e+03             NaN             NaN
   2.1890000e+03             NaN             NaN
   2.1900000e+03             NaN             NaN
   2.1910000e+03             NaN             NaN
   2.1920000e+03             NaN             NaN
   2.1930000e+03             NaN             NaN
   2.1940000e+03             NaN             NaN
   2.1950000e+03             NaN             NaN
   2.1960000e+03             NaN             NaN
   2.1970000e+03             NaN             NaN
   2.1980000e+03             NaN             NaN
   2.1990000e+03             NaN             NaN
   2.2000000e+03             NaN             NaN
   2.2010000e+03             NaN             NaN
   2.2020000e+03             NaN             NaN
   2.2030000e+03             NaN             NaN
   2.2040000e+03             NaN             NaN
   2.2050000e+03             NaN             NaN
   2.2060000e+03             NaN             NaN
   2.2070000e+03             NaN             NaN
   2.2080000e+03             NaN             NaN
   2.2090000e+03             NaN             NaN
   2.2100000e+03             NaN             NaN
   2.2110000e+03             NaN             NaN
   2.2120000e+03             NaN             NaN
   2.2130000e+03             NaN             NaN
   2.2140000e+03             NaN             NaN
   2.2150000e+03             NaN             NaN
   2.2160000e+03             NaN             NaN
   2.2170000e+03             NaN             NaN
   2.2180000e+03             NaN             NaN
   2.2190000e+03             NaN             NaN
   2.2200000e+03             NaN             NaN
   2.2210000e+03             NaN             NaN
   2.2220000e+03             NaN             NaN
   2.2230000e+03             NaN             NaN
   2.2240000e+03             NaN             NaN
   2.2250000e+03             NaN             NaN
   2.2260000e+03             NaN             NaN
   2.2270000e+03             NaN             NaN
   2.2280000e+03             NaN             NaN
   2.2290000e+03             NaN             NaN
   2.2300000e+03             NaN             NaN
   2.2310000e+03             NaN             NaN
   2.2320000e+03             NaN             NaN
   2.2330000e+03             NaN             NaN
   2.2340000e+03             NaN             NaN
   2.2350000e+03             NaN             NaN
   2.2360000e+03             NaN             NaN
   2.2370000e+03             NaN             NaN
   2.2380000e+03             NaN             NaN
   2.2390000e+03             NaN             NaN
   2.2400000e+03             NaN             NaN
   2.2410000e+03             NaN             NaN
   2.2420000e+03             NaN             NaN
   2.2430000e+03             NaN             NaN
   2.2440000e+03             NaN             NaN
   2.2450000e+03             NaN             NaN
   2.2460000e+03             NaN             NaN
   2.2470000e+03             NaN             NaN
   2.2480000e+03             NaN             NaN
   2.2490000e+03             NaN             NaN
   2.2500000e+03             NaN             NaN
   2.2510000e+03             NaN             NaN
   2.2520000e+03             NaN             NaN
   2.2530000e+03             NaN             NaN
   2.2540000e+03             NaN             NaN
   2.2550000e+03             NaN             NaN
   2.2560000e+03             NaN             NaN
   2.2570000e+03             NaN             NaN
   2.2580000e+03             NaN             NaN
   2.2590000e+03             NaN             NaN
   2.2600000e+03             NaN             NaN
   2.2610000e+03             NaN             NaN
   2.2620000e+03             NaN             NaN
   2.2630000e+03             NaN             NaN
   2.2640000e+03             NaN             NaN
   2.2650000e+03             NaN             NaN
   2.2660000e+03             NaN             NaN
   2.2670000e+03             NaN             NaN
   2.2680000e+03             NaN             NaN
   2.2690000e+03             NaN             NaN
   2.2700000e+03             NaN             NaN
   2.2710000e+03             NaN             NaN
   2.2720000e+03             NaN             NaN
   2.2730000e+03             NaN             NaN
   2.2740000e+03             NaN             NaN
   2.2750000e+03             NaN             NaN
   2.2760000e+03             NaN             NaN
   2.2770000e+03             NaN             NaN
   2.2780000e+03             NaN             NaN
   2.2790000e+03             NaN             NaN
   2.2800000e+03             NaN             NaN
   2.2810000e+03             NaN             NaN
   2.2820000e+03             NaN             NaN
   2.2830000e+03             NaN             NaN
   2.2840000e+03             NaN             NaN
   2.2850000e+03             NaN             NaN
   2.2860000e+03             NaN             NaN
   2.2870000e+03             NaN             NaN
   2.2880000e+03             NaN             NaN
   2.2890000e+03             NaN             NaN
   2.2900000e+03             NaN             NaN
   2.2910000e+03             NaN             NaN
   2.2920000e+03             NaN             NaN
   2.2930000e+03             NaN             NaN
   2.2940000e+03             NaN             NaN
   2.2950000e+03             NaN             NaN
   2.2960000e+03             NaN             NaN
   2.2970000e+03             NaN             NaN
   2.2980000e+03             NaN             NaN
   2.2990000e+03             NaN             NaN
   2.3000000e+03             NaN             NaN
