   1.8500000e+03             NaN             NaN
   1.8510000e+03             NaN             NaN
   1.8520000e+03             NaN             NaN
   1.8530000e+03             NaN             NaN
   1.8540000e+03             NaN             NaN
   1.8550000e+03             NaN             NaN
   1.8560000e+03             NaN             NaN
   1.8570000e+03             NaN             NaN
   1.8580000e+03             NaN             NaN
   1.8590000e+03             NaN             NaN
   1.8600000e+03             NaN             NaN
   1.8610000e+03   1.5368291e+00   2.2148916e+00
   1.8620000e+03   2.8696611e+00   2.2021727e+00
   1.8630000e+03   4.9304770e+00   2.1899655e+00
   1.8640000e+03   6.8023896e+00   2.1761337e+00
   1.8650000e+03   8.6880132e+00   2.1650723e+00
   1.8660000e+03   1.1259981e+01   2.1430791e+00
   1.8670000e+03   1.3421434e+01   2.1305174e+00
   1.8680000e+03   1.5187828e+01   2.1114915e+00
   1.8690000e+03   1.7118049e+01   2.0972589e+00
   1.8700000e+03   1.8661747e+01   2.0746089e+00
   1.8710000e+03   2.0003736e+01   2.0554110e+00
   1.8720000e+03   2.1870537e+01   2.0436081e+00
   1.8730000e+03   2.4089345e+01   2.0258930e+00
   1.8740000e+03   2.6151756e+01   1.9991108e+00
   1.8750000e+03   2.7798010e+01   1.9825107e+00
   1.8760000e+03   2.9968665e+01   1.9682172e+00
   1.8770000e+03   3.0621830e+01   1.9388580e+00
   1.8780000e+03   3.1452702e+01   1.9353526e+00
   1.8790000e+03   3.3052040e+01   1.9243919e+00
   1.8800000e+03   3.5445771e+01   1.9118763e+00
   1.8810000e+03   3.7213320e+01   1.8836312e+00
   1.8820000e+03   3.9609020e+01   1.8426309e+00
   1.8830000e+03   4.1836019e+01   1.8205273e+00
   1.8840000e+03   4.3096045e+01   1.7941117e+00
   1.8850000e+03   4.4135095e+01   1.7903627e+00
   1.8860000e+03   4.5242831e+01   1.7666260e+00
   1.8870000e+03   4.5979241e+01   1.7503786e+00
   1.8880000e+03   4.6797436e+01   1.7321887e+00
   1.8890000e+03   4.7174072e+01   1.7095602e+00
   1.8900000e+03   4.8090120e+01   1.7059764e+00
   1.8910000e+03   4.8327156e+01   1.6955210e+00
   1.8920000e+03   4.8809472e+01   1.6837689e+00
   1.8930000e+03   5.0064050e+01   1.6728311e+00
   1.8940000e+03   5.0432204e+01   1.6300546e+00
   1.8950000e+03   5.1430430e+01   1.6255396e+00
   1.8960000e+03   5.2802927e+01   1.6123026e+00
   1.8970000e+03   5.3870874e+01   1.5907740e+00
   1.8980000e+03   5.5286091e+01   1.5702855e+00
   1.8990000e+03   5.7014611e+01   1.5286114e+00
   1.9000000e+03   5.8937795e+01   1.5047705e+00
   1.9010000e+03   6.0219549e+01   1.4837447e+00
   1.9020000e+03   6.1500989e+01   1.4722332e+00
   1.9030000e+03   6.2290153e+01   1.4563944e+00
   1.9040000e+03   6.3301219e+01   1.4439200e+00
   1.9050000e+03   6.4095816e+01   1.4319415e+00
   1.9060000e+03   6.4724449e+01   1.4216643e+00
   1.9070000e+03   6.5477129e+01   1.4086008e+00
   1.9080000e+03   6.6105665e+01   1.3777459e+00
   1.9090000e+03   6.7852663e+01   1.3676304e+00
   1.9100000e+03   6.8688874e+01   1.3623356e+00
   1.9110000e+03   6.9749937e+01   1.3472394e+00
   1.9120000e+03   7.0261595e+01   1.3360941e+00
   1.9130000e+03   7.0277376e+01   1.3227670e+00
   1.9140000e+03   7.0770679e+01   1.3053984e+00
   1.9150000e+03   7.1865152e+01   1.2953944e+00
   1.9160000e+03   7.2698512e+01   1.2727956e+00
   1.9170000e+03   7.3845409e+01   1.2632251e+00
   1.9180000e+03   7.4284571e+01   1.2369818e+00
   1.9190000e+03   7.5621789e+01   1.2317373e+00
   1.9200000e+03   7.7370590e+01   1.2179516e+00
   1.9210000e+03   7.8802272e+01   1.1888691e+00
   1.9220000e+03   7.9775090e+01   1.1659064e+00
   1.9230000e+03   8.1047969e+01   1.1504279e+00
   1.9240000e+03   8.2107611e+01   1.1414376e+00
   1.9250000e+03   8.3132873e+01   1.1313279e+00
   1.9260000e+03   8.4219659e+01   1.1225746e+00
   1.9270000e+03   8.5177071e+01   1.1168251e+00
   1.9280000e+03   8.6311681e+01   1.1058410e+00
   1.9290000e+03   8.7407640e+01   1.0906417e+00
   1.9300000e+03   8.8477906e+01   1.0796838e+00
   1.9310000e+03   8.9160430e+01   1.0708218e+00
   1.9320000e+03   8.9894227e+01   1.0617027e+00
   1.9330000e+03   9.0589804e+01   1.0506115e+00
   1.9340000e+03   9.1319221e+01   1.0387976e+00
   1.9350000e+03   9.2096842e+01   1.0324905e+00
   1.9360000e+03   9.2763288e+01   1.0262089e+00
   1.9370000e+03   9.3882753e+01   9.9978491e-01
   1.9380000e+03   9.4992115e+01   9.8868323e-01
   1.9390000e+03   9.6112889e+01   9.7239306e-01
   1.9400000e+03   9.7168161e+01   9.5619839e-01
   1.9410000e+03   9.7558309e+01   9.4924108e-01
   1.9420000e+03   9.8583218e+01   9.4254655e-01
   1.9430000e+03   9.9282308e+01   9.3311432e-01
   1.9440000e+03   9.9979153e+01   9.2620719e-01
   1.9450000e+03   1.0113656e+02   9.1929774e-01
   1.9460000e+03   1.0282650e+02   9.1211976e-01
   1.9470000e+03   1.0367857e+02   8.8700906e-01
   1.9480000e+03   1.0441832e+02   8.7095308e-01
   1.9490000e+03   1.0509504e+02   8.6373146e-01
   1.9500000e+03   1.0555424e+02   8.5646473e-01
   1.9510000e+03   1.0619654e+02   8.4840520e-01
   1.9520000e+03   1.0735053e+02   8.4054164e-01
   1.9530000e+03   1.0823690e+02   8.3050685e-01
   1.9540000e+03   1.0899793e+02   8.2278788e-01
   1.9550000e+03   1.0986311e+02   8.1287074e-01
   1.9560000e+03   1.1098331e+02   8.0504332e-01
   1.9570000e+03   1.1202013e+02   7.9602697e-01
   1.9580000e+03   1.1277796e+02   7.8402398e-01
   1.9590000e+03   1.1377691e+02   7.7596133e-01
   1.9600000e+03   1.1436224e+02   7.6348268e-01
   1.9610000e+03   1.1451420e+02   7.5369992e-01
   1.9620000e+03   1.1478441e+02   7.4566397e-01
   1.9630000e+03   1.1514489e+02   7.3717376e-01
   1.9640000e+03   1.1507873e+02   7.2862531e-01
   1.9650000e+03   1.1511733e+02   7.1612862e-01
   1.9660000e+03   1.1524237e+02   7.0620802e-01
   1.9670000e+03   1.1554191e+02   6.9733619e-01
   1.9680000e+03   1.1539413e+02   6.8781584e-01
   1.9690000e+03   1.1555142e+02   6.7906344e-01
   1.9700000e+03   1.1589444e+02   6.6869673e-01
   1.9710000e+03   1.1618551e+02   6.5914596e-01
   1.9720000e+03   1.1682629e+02   6.4964687e-01
   1.9730000e+03   1.1747632e+02   6.3988075e-01
   1.9740000e+03   1.1832719e+02   6.3008268e-01
   1.9750000e+03   1.1921585e+02   6.2154574e-01
   1.9760000e+03   1.1935567e+02   6.1142673e-01
   1.9770000e+03   1.1980461e+02   5.9829437e-01
   1.9780000e+03   1.2067981e+02   5.8793082e-01
   1.9790000e+03   1.2132099e+02   5.7732521e-01
   1.9800000e+03   1.2224658e+02   5.6647187e-01
   1.9810000e+03   1.2298376e+02   5.5542104e-01
   1.9820000e+03   1.2353288e+02   5.3447000e-01
   1.9830000e+03   1.2406573e+02   5.2272056e-01
   1.9840000e+03   1.2445265e+02   5.1018326e-01
   1.9850000e+03   1.2529478e+02   4.9796736e-01
   1.9860000e+03   1.2597289e+02   4.8540928e-01
   1.9870000e+03   1.2656444e+02   4.7247560e-01
   1.9880000e+03   1.2741952e+02   4.5918463e-01
   1.9890000e+03   1.2864382e+02   4.4549469e-01
   1.9900000e+03   1.2952042e+02   4.3115586e-01
   1.9910000e+03   1.3044460e+02   4.1653504e-01
   1.9920000e+03   1.3072481e+02   4.0146311e-01
   1.9930000e+03   1.3127232e+02   3.8618425e-01
   1.9940000e+03   1.3160878e+02   3.6995971e-01
   1.9950000e+03   1.3208303e+02   3.5290402e-01
   1.9960000e+03   1.3282166e+02   3.3552978e-01
   1.9970000e+03   1.3428824e+02   3.1667465e-01
   1.9980000e+03   1.3507446e+02   2.9528986e-01
   1.9990000e+03   1.3621628e+02   2.7372777e-01
   2.0000000e+03   1.3781214e+02   2.5032543e-01
   2.0010000e+03   1.3861095e+02   2.2446550e-01
   2.0020000e+03   1.3948083e+02   1.9574539e-01
   2.0030000e+03   1.4069176e+02   1.9644899e-01
   2.0040000e+03   1.4208788e+02   1.9737677e-01
   2.0050000e+03   1.4342703e+02   1.9841070e-01
   2.0060000e+03   1.4511461e+02   1.9948270e-01
   2.0070000e+03   1.4726316e+02   2.4049811e-01
   2.0080000e+03   1.4901097e+02   2.6263588e-01
   2.0090000e+03   1.5159235e+02   3.2576777e-01
   2.0100000e+03   1.5354576e+02   3.4960432e-01
   2.0110000e+03   1.5586069e+02   5.3828484e-01
   2.0120000e+03   1.5755387e+02   5.4971886e-01
   2.0130000e+03   1.5948131e+02   6.5975004e-01
   2.0140000e+03   1.6146369e+02   7.1552836e-01
   2.0150000e+03   1.6459773e+02   1.0375032e+00
   2.0160000e+03   1.6715738e+02   1.0578565e+00
   2.0170000e+03   1.6888653e+02   1.0639017e+00
   2.0180000e+03   1.7118647e+02   1.0700484e+00
   2.0190000e+03   1.7339957e+02   1.0759488e+00
   2.0200000e+03   1.7557361e+02   1.0817978e+00
   2.0210000e+03   1.7792959e+02   1.0880499e+00
   2.0220000e+03   1.8038775e+02   1.0944723e+00
   2.0230000e+03   1.8226471e+02   1.1006522e+00
   2.0240000e+03   1.8436418e+02   1.1067806e+00
   2.0250000e+03   1.8701197e+02   1.1134043e+00
   2.0260000e+03   1.8961149e+02   1.1241094e+00
   2.0270000e+03   1.9209809e+02   1.1320097e+00
   2.0280000e+03   1.9453676e+02   1.1387434e+00
   2.0290000e+03   1.9723183e+02   1.1487757e+00
   2.0300000e+03   1.9968584e+02   1.1560806e+00
   2.0310000e+03   2.0227883e+02   1.1642911e+00
   2.0320000e+03   2.0458024e+02   1.1713959e+00
   2.0330000e+03   2.0747803e+02   1.1821750e+00
   2.0340000e+03   2.1018029e+02   1.1965391e+00
   2.0350000e+03   2.1312507e+02   1.2072836e+00
   2.0360000e+03   2.1520938e+02   1.2133502e+00
   2.0370000e+03   2.1723405e+02   1.2199714e+00
   2.0380000e+03   2.1986230e+02   1.2318983e+00
   2.0390000e+03   2.2226436e+02   1.2415626e+00
   2.0400000e+03   2.2445920e+02   1.2497648e+00
   2.0410000e+03   2.2643937e+02   1.2601978e+00
   2.0420000e+03   2.2890357e+02   1.2724291e+00
   2.0430000e+03   2.3119958e+02   1.2846530e+00
   2.0440000e+03   2.3346901e+02   1.2963856e+00
   2.0450000e+03   2.3584123e+02   1.3206395e+00
   2.0460000e+03   2.3803214e+02   1.3372200e+00
   2.0470000e+03   2.4065114e+02   1.3870751e+00
   2.0480000e+03   2.4354225e+02   1.4375522e+00
   2.0490000e+03   2.4582204e+02   1.4733496e+00
   2.0500000e+03   2.4802579e+02   1.5007069e+00
   2.0510000e+03   2.5011211e+02   1.5321992e+00
   2.0520000e+03   2.5238754e+02   1.5421420e+00
   2.0530000e+03   2.5447295e+02   1.5532624e+00
   2.0540000e+03   2.5670358e+02   1.5749674e+00
   2.0550000e+03   2.5889648e+02   1.5875688e+00
   2.0560000e+03   2.6116955e+02   1.6203331e+00
   2.0570000e+03   2.6327575e+02   1.6324655e+00
   2.0580000e+03   2.6573043e+02   1.6516091e+00
   2.0590000e+03   2.6776166e+02   1.6659174e+00
   2.0600000e+03   2.7003202e+02   1.7082765e+00
   2.0610000e+03   2.7242511e+02   1.7887750e+00
   2.0620000e+03   2.7519147e+02   1.9020819e+00
   2.0630000e+03   2.7780257e+02   2.0199653e+00
   2.0640000e+03   2.8054431e+02   2.1983323e+00
   2.0650000e+03   2.8266343e+02   2.2719712e+00
   2.0660000e+03   2.8509274e+02   2.3491678e+00
   2.0670000e+03   2.8764454e+02   2.4109030e+00
   2.0680000e+03   2.8974428e+02   2.4763377e+00
   2.0690000e+03   2.9214234e+02   2.5360460e+00
   2.0700000e+03   2.9453353e+02   2.6630160e+00
   2.0710000e+03   2.9701285e+02   2.7723444e+00
   2.0720000e+03   2.9971787e+02   2.8577819e+00
   2.0730000e+03   3.0252640e+02   3.0059396e+00
   2.0740000e+03   3.0539458e+02   3.2112613e+00
   2.0750000e+03   3.0798547e+02   3.3476278e+00
   2.0760000e+03   3.1085399e+02   3.5630210e+00
   2.0770000e+03   3.1357310e+02   3.7045771e+00
   2.0780000e+03   3.1614881e+02   3.8671639e+00
   2.0790000e+03   3.1867634e+02   3.9918537e+00
   2.0800000e+03   3.2100994e+02   4.0460068e+00
   2.0810000e+03   3.2344063e+02   4.1334092e+00
   2.0820000e+03   3.2631837e+02   4.2640370e+00
   2.0830000e+03   3.2916073e+02   4.4975720e+00
   2.0840000e+03   3.3222432e+02   4.5969098e+00
   2.0850000e+03   3.3482251e+02   4.6141259e+00
   2.0860000e+03   3.3732924e+02   4.6228327e+00
   2.0870000e+03   3.3982967e+02   4.6318708e+00
   2.0880000e+03   3.4236563e+02   4.6406092e+00
   2.0890000e+03   3.4465341e+02   4.6449386e+00
   2.0900000e+03   3.4723579e+02   4.6500003e+00
   2.0910000e+03   3.4968566e+02   4.6563524e+00
   2.0920000e+03   3.5211851e+02   4.6637429e+00
   2.0930000e+03   3.5452750e+02   4.6673226e+00
   2.0940000e+03   3.5651291e+02   4.6704565e+00
   2.0950000e+03   3.5880589e+02   4.6748985e+00
   2.0960000e+03   3.6097222e+02   4.6774278e+00
   2.0970000e+03   3.6341471e+02   4.6797342e+00
   2.0980000e+03   3.6566360e+02   4.6813836e+00
   2.0990000e+03   3.6774025e+02   4.6828324e+00
   2.1000000e+03   3.6992552e+02   4.6841679e+00
   2.1010000e+03             NaN             NaN
   2.1020000e+03             NaN             NaN
   2.1030000e+03             NaN             NaN
   2.1040000e+03             NaN             NaN
   2.1050000e+03             NaN             NaN
   2.1060000e+03             NaN             NaN
   2.1070000e+03             NaN             NaN
   2.1080000e+03             NaN             NaN
   2.1090000e+03             NaN             NaN
   2.1100000e+03             NaN             NaN
   2.1110000e+03             NaN             NaN
   2.1120000e+03             NaN             NaN
   2.1130000e+03             NaN             NaN
   2.1140000e+03             NaN             NaN
   2.1150000e+03             NaN             NaN
   2.1160000e+03             NaN             NaN
   2.1170000e+03             NaN             NaN
   2.1180000e+03             NaN             NaN
   2.1190000e+03             NaN             NaN
   2.1200000e+03             NaN             NaN
   2.1210000e+03             NaN             NaN
   2.1220000e+03             NaN             NaN
   2.1230000e+03             NaN             NaN
   2.1240000e+03             NaN             NaN
   2.1250000e+03             NaN             NaN
   2.1260000e+03             NaN             NaN
   2.1270000e+03             NaN             NaN
   2.1280000e+03             NaN             NaN
   2.1290000e+03             NaN             NaN
   2.1300000e+03             NaN             NaN
   2.1310000e+03             NaN             NaN
   2.1320000e+03             NaN             NaN
   2.1330000e+03             NaN             NaN
   2.1340000e+03             NaN             NaN
   2.1350000e+03             NaN             NaN
   2.1360000e+03             NaN             NaN
   2.1370000e+03             NaN             NaN
   2.1380000e+03             NaN             NaN
   2.1390000e+03             NaN             NaN
   2.1400000e+03             NaN             NaN
   2.1410000e+03             NaN             NaN
   2.1420000e+03             NaN             NaN
   2.1430000e+03             NaN             NaN
   2.1440000e+03             NaN             NaN
   2.1450000e+03             NaN             NaN
   2.1460000e+03             NaN             NaN
   2.1470000e+03             NaN             NaN
   2.1480000e+03             NaN             NaN
   2.1490000e+03             NaN             NaN
   2.1500000e+03             NaN             NaN
   2.1510000e+03             NaN             NaN
   2.1520000e+03             NaN             NaN
   2.1530000e+03             NaN             NaN
   2.1540000e+03             NaN             NaN
   2.1550000e+03             NaN             NaN
   2.1560000e+03             NaN             NaN
   2.1570000e+03             NaN             NaN
   2.1580000e+03             NaN             NaN
   2.1590000e+03             NaN             NaN
   2.1600000e+03             NaN             NaN
   2.1610000e+03             NaN             NaN
   2.1620000e+03             NaN             NaN
   2.1630000e+03             NaN             NaN
   2.1640000e+03             NaN             NaN
   2.1650000e+03             NaN             NaN
   2.1660000e+03             NaN             NaN
   2.1670000e+03             NaN             NaN
   2.1680000e+03             NaN             NaN
   2.1690000e+03             NaN             NaN
   2.1700000e+03             NaN             NaN
   2.1710000e+03             NaN             NaN
   2.1720000e+03             NaN             NaN
   2.1730000e+03             NaN             NaN
   2.1740000e+03             NaN             NaN
   2.1750000e+03             NaN             NaN
   2.1760000e+03             NaN             NaN
   2.1770000e+03             NaN             NaN
   2.1780000e+03             NaN             NaN
   2.1790000e+03             NaN             NaN
   2.1800000e+03             NaN             NaN
   2.1810000e+03             NaN             NaN
   2.1820000e+03             NaN             NaN
   2.1830000e+03             NaN             NaN
   2.1840000e+03             NaN             NaN
   2.1850000e+03             NaN             NaN
   2.1860000e+03             NaN             NaN
   2.1870000e+03             NaN             NaN
   2.1880000e+03             NaN             NaN
   2.1890000e+03             NaN             NaN
   2.1900000e+03             NaN             NaN
   2.1910000e+03             NaN             NaN
   2.1920000e+03             NaN             NaN
   2.1930000e+03             NaN             NaN
   2.1940000e+03             NaN             NaN
   2.1950000e+03             NaN             NaN
   2.1960000e+03             NaN             NaN
   2.1970000e+03             NaN             NaN
   2.1980000e+03             NaN             NaN
   2.1990000e+03             NaN             NaN
   2.2000000e+03             NaN             NaN
   2.2010000e+03             NaN             NaN
   2.2020000e+03             NaN             NaN
   2.2030000e+03             NaN             NaN
   2.2040000e+03             NaN             NaN
   2.2050000e+03             NaN             NaN
   2.2060000e+03             NaN             NaN
   2.2070000e+03             NaN             NaN
   2.2080000e+03             NaN             NaN
   2.2090000e+03             NaN             NaN
   2.2100000e+03             NaN             NaN
   2.2110000e+03             NaN             NaN
   2.2120000e+03             NaN             NaN
   2.2130000e+03             NaN             NaN
   2.2140000e+03             NaN             NaN
   2.2150000e+03             NaN             NaN
   2.2160000e+03             NaN             NaN
   2.2170000e+03             NaN             NaN
   2.2180000e+03             NaN             NaN
   2.2190000e+03             NaN             NaN
   2.2200000e+03             NaN             NaN
   2.2210000e+03             NaN             NaN
   2.2220000e+03             NaN             NaN
   2.2230000e+03             NaN             NaN
   2.2240000e+03             NaN             NaN
   2.2250000e+03             NaN             NaN
   2.2260000e+03             NaN             NaN
   2.2270000e+03             NaN             NaN
   2.2280000e+03             NaN             NaN
   2.2290000e+03             NaN             NaN
   2.2300000e+03             NaN             NaN
   2.2310000e+03             NaN             NaN
   2.2320000e+03             NaN             NaN
   2.2330000e+03             NaN             NaN
   2.2340000e+03             NaN             NaN
   2.2350000e+03             NaN             NaN
   2.2360000e+03             NaN             NaN
   2.2370000e+03             NaN             NaN
   2.2380000e+03             NaN             NaN
   2.2390000e+03             NaN             NaN
   2.2400000e+03             NaN             NaN
   2.2410000e+03             NaN             NaN
   2.2420000e+03             NaN             NaN
   2.2430000e+03             NaN             NaN
   2.2440000e+03             NaN             NaN
   2.2450000e+03             NaN             NaN
   2.2460000e+03             NaN             NaN
   2.2470000e+03             NaN             NaN
   2.2480000e+03             NaN             NaN
   2.2490000e+03             NaN             NaN
   2.2500000e+03             NaN             NaN
   2.2510000e+03             NaN             NaN
   2.2520000e+03             NaN             NaN
   2.2530000e+03             NaN             NaN
   2.2540000e+03             NaN             NaN
   2.2550000e+03             NaN             NaN
   2.2560000e+03             NaN             NaN
   2.2570000e+03             NaN             NaN
   2.2580000e+03             NaN             NaN
   2.2590000e+03             NaN             NaN
   2.2600000e+03             NaN             NaN
   2.2610000e+03             NaN             NaN
   2.2620000e+03             NaN             NaN
   2.2630000e+03             NaN             NaN
   2.2640000e+03             NaN             NaN
   2.2650000e+03             NaN             NaN
   2.2660000e+03             NaN             NaN
   2.2670000e+03             NaN             NaN
   2.2680000e+03             NaN             NaN
   2.2690000e+03             NaN             NaN
   2.2700000e+03             NaN             NaN
   2.2710000e+03             NaN             NaN
   2.2720000e+03             NaN             NaN
   2.2730000e+03             NaN             NaN
   2.2740000e+03             NaN             NaN
   2.2750000e+03             NaN             NaN
   2.2760000e+03             NaN             NaN
   2.2770000e+03             NaN             NaN
   2.2780000e+03             NaN             NaN
   2.2790000e+03             NaN             NaN
   2.2800000e+03             NaN             NaN
   2.2810000e+03             NaN             NaN
   2.2820000e+03             NaN             NaN
   2.2830000e+03             NaN             NaN
   2.2840000e+03             NaN             NaN
   2.2850000e+03             NaN             NaN
   2.2860000e+03             NaN             NaN
   2.2870000e+03             NaN             NaN
   2.2880000e+03             NaN             NaN
   2.2890000e+03             NaN             NaN
   2.2900000e+03             NaN             NaN
   2.2910000e+03             NaN             NaN
   2.2920000e+03             NaN             NaN
   2.2930000e+03             NaN             NaN
   2.2940000e+03             NaN             NaN
   2.2950000e+03             NaN             NaN
   2.2960000e+03             NaN             NaN
   2.2970000e+03             NaN             NaN
   2.2980000e+03             NaN             NaN
   2.2990000e+03             NaN             NaN
   2.3000000e+03             NaN             NaN
