   1.8500000e+03             NaN             NaN
   1.8510000e+03   1.2878154e+00   2.2128539e+00
   1.8520000e+03   2.2805694e+00   2.1947933e+00
   1.8530000e+03   3.7054329e+00   2.1810581e+00
   1.8540000e+03   5.6751797e+00   2.1614475e+00
   1.8550000e+03   7.3223699e+00   2.1430575e+00
   1.8560000e+03   8.7043666e+00   2.1284549e+00
   1.8570000e+03   9.7861046e+00   2.1114025e+00
   1.8580000e+03   1.0446400e+01   2.1016701e+00
   1.8590000e+03   1.1276947e+01   2.0982831e+00
   1.8600000e+03   1.2356216e+01   2.0887526e+00
   1.8610000e+03   1.3872559e+01   2.0759262e+00
   1.8620000e+03   1.4991395e+01   2.0649335e+00
   1.8630000e+03   1.6285802e+01   2.0552529e+00
   1.8640000e+03   1.7557162e+01   2.0458800e+00
   1.8650000e+03   1.8029154e+01   2.0326501e+00
   1.8660000e+03   1.9057086e+01   2.0228402e+00
   1.8670000e+03   2.0080373e+01   2.0096428e+00
   1.8680000e+03   2.1708490e+01   1.9925294e+00
   1.8690000e+03   2.3581462e+01   1.9728431e+00
   1.8700000e+03   2.5045565e+01   1.9458224e+00
   1.8710000e+03   2.7270356e+01   1.9322244e+00
   1.8720000e+03   2.8812964e+01   1.8996993e+00
   1.8730000e+03   3.0782345e+01   1.8718109e+00
   1.8740000e+03   3.1540045e+01   1.8248853e+00
   1.8750000e+03   3.2133071e+01   1.8144248e+00
   1.8760000e+03   3.2904537e+01   1.7862130e+00
   1.8770000e+03   3.3945988e+01   1.7756939e+00
   1.8780000e+03   3.5306953e+01   1.7648665e+00
   1.8790000e+03   3.6223632e+01   1.7510361e+00
   1.8800000e+03   3.7623857e+01   1.7414081e+00
   1.8810000e+03   3.8992073e+01   1.7132708e+00
   1.8820000e+03   3.9730595e+01   1.6808282e+00
   1.8830000e+03   4.1365294e+01   1.6708306e+00
   1.8840000e+03   4.2654799e+01   1.6532484e+00
   1.8850000e+03   4.3323354e+01   1.6420536e+00
   1.8860000e+03   4.3794644e+01   1.6323104e+00
   1.8870000e+03   4.4620113e+01   1.6186882e+00
   1.8880000e+03   4.5265826e+01   1.6093514e+00
   1.8890000e+03   4.6434561e+01   1.6001871e+00
   1.8900000e+03   4.8078352e+01   1.5855826e+00
   1.8910000e+03   4.8829272e+01   1.5813208e+00
   1.8920000e+03   4.9862060e+01   1.5723683e+00
   1.8930000e+03   5.0500924e+01   1.5629381e+00
   1.8940000e+03   5.1617998e+01   1.5353443e+00
   1.8950000e+03   5.3448265e+01   1.5046951e+00
   1.8960000e+03   5.4884996e+01   1.4732501e+00
   1.8970000e+03   5.6364801e+01   1.4498062e+00
   1.8980000e+03   5.6925410e+01   1.4215356e+00
   1.8990000e+03   5.8292260e+01   1.4170734e+00
   1.9000000e+03   6.0828149e+01   1.3899240e+00
   1.9010000e+03   6.1923635e+01   1.3398822e+00
   1.9020000e+03   6.3008436e+01   1.3299641e+00
   1.9030000e+03   6.3742376e+01   1.2999843e+00
   1.9040000e+03   6.4364215e+01   1.2910504e+00
   1.9050000e+03   6.5515526e+01   1.2783807e+00
   1.9060000e+03   6.6382677e+01   1.2689859e+00
   1.9070000e+03   6.7050837e+01   1.2455909e+00
   1.9080000e+03   6.7890709e+01   1.2364447e+00
   1.9090000e+03   6.9100405e+01   1.2309161e+00
   1.9100000e+03   6.9384867e+01   1.2210731e+00
   1.9110000e+03   7.0494560e+01   1.2003801e+00
   1.9120000e+03   7.2375474e+01   1.1806584e+00
   1.9130000e+03   7.3211352e+01   1.1523531e+00
   1.9140000e+03   7.4014995e+01   1.1428549e+00
   1.9150000e+03   7.4554242e+01   1.1330627e+00
   1.9160000e+03   7.5042012e+01   1.1243223e+00
   1.9170000e+03   7.5491413e+01   1.1183374e+00
   1.9180000e+03   7.6561064e+01   1.1091233e+00
   1.9190000e+03   7.7590475e+01   1.1000477e+00
   1.9200000e+03   7.8415843e+01   1.0848749e+00
   1.9210000e+03   7.9826407e+01   1.0765826e+00
   1.9220000e+03   8.0990847e+01   1.0663844e+00
   1.9230000e+03   8.2643135e+01   1.0601108e+00
   1.9240000e+03   8.5003491e+01   1.0463455e+00
   1.9250000e+03   8.6929776e+01   1.0298357e+00
   1.9260000e+03   8.8127669e+01   1.0157871e+00
   1.9270000e+03   8.8980354e+01   1.0070724e+00
   1.9280000e+03   8.9650219e+01   9.9872716e-01
   1.9290000e+03   9.0799261e+01   9.9216950e-01
   1.9300000e+03   9.1479287e+01   9.8132999e-01
   1.9310000e+03   9.2751760e+01   9.7461509e-01
   1.9320000e+03   9.4084498e+01   9.6630585e-01
   1.9330000e+03   9.5082827e+01   9.5935430e-01
   1.9340000e+03   9.5617109e+01   9.5043768e-01
   1.9350000e+03   9.5693160e+01   9.4186601e-01
   1.9360000e+03   9.6426070e+01   9.3500380e-01
   1.9370000e+03   9.8088632e+01   9.2676310e-01
   1.9380000e+03   9.8686132e+01   9.1827033e-01
   1.9390000e+03   9.8935628e+01   9.1122475e-01
   1.9400000e+03   1.0009806e+02   9.0279810e-01
   1.9410000e+03   1.0123330e+02   8.9457038e-01
   1.9420000e+03   1.0138877e+02   8.8736453e-01
   1.9430000e+03   1.0258839e+02   8.8095390e-01
   1.9440000e+03   1.0360275e+02   8.7361385e-01
   1.9450000e+03   1.0487444e+02   8.6642821e-01
   1.9460000e+03   1.0558725e+02   8.5854689e-01
   1.9470000e+03   1.0625712e+02   8.5087426e-01
   1.9480000e+03   1.0686968e+02   8.4252850e-01
   1.9490000e+03   1.0741187e+02   8.3490385e-01
   1.9500000e+03   1.0828870e+02   8.2726740e-01
   1.9510000e+03   1.0952799e+02   8.1950872e-01
   1.9520000e+03   1.1118400e+02   8.1190430e-01
   1.9530000e+03   1.1200563e+02   8.0345749e-01
   1.9540000e+03   1.1265237e+02   7.9556339e-01
   1.9550000e+03   1.1375509e+02   7.8773775e-01
   1.9560000e+03   1.1453830e+02   7.7980805e-01
   1.9570000e+03   1.1570227e+02   7.7161040e-01
   1.9580000e+03   1.1569119e+02   7.6084026e-01
   1.9590000e+03   1.1647310e+02   7.5264170e-01
   1.9600000e+03   1.1769487e+02   7.4444030e-01
   1.9610000e+03   1.1901920e+02   7.3595381e-01
   1.9620000e+03   1.1915120e+02   7.2744581e-01
   1.9630000e+03   1.1927642e+02   7.1879874e-01
   1.9640000e+03   1.1937875e+02   7.1015576e-01
   1.9650000e+03   1.2007432e+02   7.0145208e-01
   1.9660000e+03   1.2119822e+02   6.9258894e-01
   1.9670000e+03   1.2164346e+02   6.8358120e-01
   1.9680000e+03   1.2162815e+02   6.7439703e-01
   1.9690000e+03   1.2197885e+02   6.6510672e-01
   1.9700000e+03   1.2231655e+02   6.5579057e-01
   1.9710000e+03   1.2273577e+02   6.4631519e-01
   1.9720000e+03   1.2296387e+02   6.3698685e-01
   1.9730000e+03   1.2308726e+02   6.2722562e-01
   1.9740000e+03   1.2319758e+02   6.1736268e-01
   1.9750000e+03   1.2405282e+02   6.0731077e-01
   1.9760000e+03   1.2506275e+02   5.9742710e-01
   1.9770000e+03   1.2569071e+02   5.8696056e-01
   1.9780000e+03   1.2607162e+02   5.7633255e-01
   1.9790000e+03   1.2635145e+02   5.6559975e-01
   1.9800000e+03   1.2729582e+02   5.5458508e-01
   1.9810000e+03   1.2843294e+02   5.4338725e-01
   1.9820000e+03   1.2932224e+02   5.3175670e-01
   1.9830000e+03   1.2911100e+02   5.2010676e-01
   1.9840000e+03   1.2931493e+02   5.0836527e-01
   1.9850000e+03   1.2947362e+02   4.9617618e-01
   1.9860000e+03   1.2994003e+02   4.8365734e-01
   1.9870000e+03   1.3066308e+02   4.7077500e-01
   1.9880000e+03   1.3132212e+02   4.5757766e-01
   1.9890000e+03   1.3168745e+02   4.4398535e-01
   1.9900000e+03   1.3246179e+02   4.2995665e-01
   1.9910000e+03   1.3301880e+02   4.1545388e-01
   1.9920000e+03   1.3355049e+02   4.0048727e-01
   1.9930000e+03   1.3444640e+02   3.8527988e-01
   1.9940000e+03   1.3487928e+02   3.6915264e-01
   1.9950000e+03   1.3535023e+02   3.5218503e-01
   1.9960000e+03   1.3595605e+02   3.3453222e-01
   1.9970000e+03   1.3666294e+02   3.1568930e-01
   1.9980000e+03   1.3812539e+02   2.9569845e-01
   1.9990000e+03   1.4007638e+02   2.7417451e-01
   2.0000000e+03   1.4158152e+02   2.5058090e-01
   2.0010000e+03   1.4268195e+02   2.2497980e-01
   2.0020000e+03   1.4372094e+02   1.9627928e-01
   2.0030000e+03   1.4576864e+02   1.9700464e-01
   2.0040000e+03   1.4842664e+02   1.9790716e-01
   2.0050000e+03   1.5081283e+02   1.9833485e-01
   2.0060000e+03   1.5246701e+02   1.9938362e-01
   2.0070000e+03   1.5436280e+02   2.2324840e-01
   2.0080000e+03   1.5582776e+02   2.4467375e-01
   2.0090000e+03   1.5832142e+02   2.6834071e-01
   2.0100000e+03   1.6023089e+02   2.9029044e-01
   2.0110000e+03   1.6144634e+02   3.1058465e-01
   2.0120000e+03   1.6272717e+02   3.2960833e-01
   2.0130000e+03   1.6395372e+02   3.4765027e-01
   2.0140000e+03   1.6555306e+02   3.6493584e-01
   2.0150000e+03   1.6794357e+02   3.8301612e-01
   2.0160000e+03   1.7089617e+02   3.9976321e-01
   2.0170000e+03   1.7307258e+02   4.1588674e-01
   2.0180000e+03   1.7392338e+02   4.3042876e-01
   2.0190000e+03   1.7505093e+02   4.4432326e-01
   2.0200000e+03   1.7583108e+02   4.5770097e-01
   2.0210000e+03   1.7739633e+02   4.7093780e-01
   2.0220000e+03   1.7937328e+02   4.8421980e-01
   2.0230000e+03   1.8129856e+02   4.9670336e-01
   2.0240000e+03   1.8268909e+02   5.0878487e-01
   2.0250000e+03   1.8322899e+02   5.2079950e-01
   2.0260000e+03   1.8411337e+02   5.3271757e-01
   2.0270000e+03   1.8537894e+02   5.4404673e-01
   2.0280000e+03   1.8795951e+02   5.5564748e-01
   2.0290000e+03   1.9061394e+02   5.6687909e-01
   2.0300000e+03   1.9230501e+02   5.7774356e-01
   2.0310000e+03   1.9307144e+02   5.8854840e-01
   2.0320000e+03   1.9414323e+02   5.9881746e-01
   2.0330000e+03   1.9573015e+02   6.0905972e-01
   2.0340000e+03   1.9725683e+02   6.1908263e-01
   2.0350000e+03   1.9962295e+02   6.2913866e-01
   2.0360000e+03   2.0095652e+02   6.3884955e-01
   2.0370000e+03   2.0260115e+02   6.4900853e-01
   2.0380000e+03   2.0404501e+02   6.5856728e-01
   2.0390000e+03   2.0656825e+02   6.9031987e-01
   2.0400000e+03   2.0911373e+02   7.0180643e-01
   2.0410000e+03   2.1197733e+02   7.1252943e-01
   2.0420000e+03   2.1406874e+02   7.2415925e-01
   2.0430000e+03   2.1572523e+02   7.3280247e-01
   2.0440000e+03   2.1751486e+02   7.4266246e-01
   2.0450000e+03   2.1941723e+02   7.5112032e-01
   2.0460000e+03   2.2120933e+02   7.5917351e-01
   2.0470000e+03   2.2318988e+02   7.6724096e-01
   2.0480000e+03   2.2567730e+02   7.7631280e-01
   2.0490000e+03   2.2740539e+02   8.0782677e-01
   2.0500000e+03   2.2866987e+02   8.1623408e-01
   2.0510000e+03   2.3030937e+02   8.2399795e-01
   2.0520000e+03   2.3218920e+02   8.3248141e-01
   2.0530000e+03   2.3372233e+02   8.4107529e-01
   2.0540000e+03   2.3555064e+02   8.4934079e-01
   2.0550000e+03   2.3766570e+02   8.5883981e-01
   2.0560000e+03   2.3953495e+02   8.6999659e-01
   2.0570000e+03   2.4173014e+02   8.7902412e-01
   2.0580000e+03   2.4276637e+02   8.8615013e-01
   2.0590000e+03   2.4411979e+02   8.9567453e-01
   2.0600000e+03   2.4570701e+02   9.0316847e-01
   2.0610000e+03   2.4786009e+02   9.1186543e-01
   2.0620000e+03   2.4902807e+02   9.1913034e-01
   2.0630000e+03   2.5030513e+02   9.2585122e-01
   2.0640000e+03   2.5190891e+02   9.3236457e-01
   2.0650000e+03   2.5317586e+02   9.3870659e-01
   2.0660000e+03   2.5497038e+02   9.4520384e-01
   2.0670000e+03   2.5633776e+02   9.5184910e-01
   2.0680000e+03   2.5745188e+02   9.5860981e-01
   2.0690000e+03   2.5860800e+02   9.6507606e-01
   2.0700000e+03   2.6045732e+02   9.7134443e-01
   2.0710000e+03   2.6176847e+02   9.8314012e-01
   2.0720000e+03   2.6286333e+02   9.8924411e-01
   2.0730000e+03   2.6427426e+02   9.9570583e-01
   2.0740000e+03   2.6510752e+02   1.0017749e+00
   2.0750000e+03   2.6619689e+02   1.0080158e+00
   2.0760000e+03   2.6783941e+02   1.0141983e+00
   2.0770000e+03   2.6944001e+02   1.0309054e+00
   2.0780000e+03   2.7006213e+02   1.0367538e+00
   2.0790000e+03   2.7135434e+02   1.0425432e+00
   2.0800000e+03   2.7292124e+02   1.0548014e+00
   2.0810000e+03   2.7375494e+02   1.0606822e+00
   2.0820000e+03   2.7466739e+02   1.0663135e+00
   2.0830000e+03   2.7572742e+02   1.0794138e+00
   2.0840000e+03   2.7692572e+02   1.0848810e+00
   2.0850000e+03   2.7778348e+02   1.0904453e+00
   2.0860000e+03   2.7884639e+02   1.0963356e+00
   2.0870000e+03   2.8005890e+02   1.1021391e+00
   2.0880000e+03   2.8133927e+02   1.1081232e+00
   2.0890000e+03   2.8237954e+02   1.1145867e+00
   2.0900000e+03   2.8334684e+02   1.1205544e+00
   2.0910000e+03   2.8447036e+02   1.1396349e+00
   2.0920000e+03   2.8549799e+02   1.1672905e+00
   2.0930000e+03   2.8631878e+02   1.1736457e+00
   2.0940000e+03   2.8788848e+02   1.1958729e+00
   2.0950000e+03   2.8906111e+02   1.2015984e+00
   2.0960000e+03   2.8996154e+02   1.2087727e+00
   2.0970000e+03   2.9092987e+02   1.2140455e+00
   2.0980000e+03   2.9162897e+02   1.2199405e+00
   2.0990000e+03   2.9244144e+02   1.2258007e+00
   2.1000000e+03   2.9346270e+02   1.2319279e+00
   2.1010000e+03             NaN             NaN
   2.1020000e+03             NaN             NaN
   2.1030000e+03             NaN             NaN
   2.1040000e+03             NaN             NaN
   2.1050000e+03             NaN             NaN
   2.1060000e+03             NaN             NaN
   2.1070000e+03             NaN             NaN
   2.1080000e+03             NaN             NaN
   2.1090000e+03             NaN             NaN
   2.1100000e+03             NaN             NaN
   2.1110000e+03             NaN             NaN
   2.1120000e+03             NaN             NaN
   2.1130000e+03             NaN             NaN
   2.1140000e+03             NaN             NaN
   2.1150000e+03             NaN             NaN
   2.1160000e+03             NaN             NaN
   2.1170000e+03             NaN             NaN
   2.1180000e+03             NaN             NaN
   2.1190000e+03             NaN             NaN
   2.1200000e+03             NaN             NaN
   2.1210000e+03             NaN             NaN
   2.1220000e+03             NaN             NaN
   2.1230000e+03             NaN             NaN
   2.1240000e+03             NaN             NaN
   2.1250000e+03             NaN             NaN
   2.1260000e+03             NaN             NaN
   2.1270000e+03             NaN             NaN
   2.1280000e+03             NaN             NaN
   2.1290000e+03             NaN             NaN
   2.1300000e+03             NaN             NaN
   2.1310000e+03             NaN             NaN
   2.1320000e+03             NaN             NaN
   2.1330000e+03             NaN             NaN
   2.1340000e+03             NaN             NaN
   2.1350000e+03             NaN             NaN
   2.1360000e+03             NaN             NaN
   2.1370000e+03             NaN             NaN
   2.1380000e+03             NaN             NaN
   2.1390000e+03             NaN             NaN
   2.1400000e+03             NaN             NaN
   2.1410000e+03             NaN             NaN
   2.1420000e+03             NaN             NaN
   2.1430000e+03             NaN             NaN
   2.1440000e+03             NaN             NaN
   2.1450000e+03             NaN             NaN
   2.1460000e+03             NaN             NaN
   2.1470000e+03             NaN             NaN
   2.1480000e+03             NaN             NaN
   2.1490000e+03             NaN             NaN
   2.1500000e+03             NaN             NaN
   2.1510000e+03             NaN             NaN
   2.1520000e+03             NaN             NaN
   2.1530000e+03             NaN             NaN
   2.1540000e+03             NaN             NaN
   2.1550000e+03             NaN             NaN
   2.1560000e+03             NaN             NaN
   2.1570000e+03             NaN             NaN
   2.1580000e+03             NaN             NaN
   2.1590000e+03             NaN             NaN
   2.1600000e+03             NaN             NaN
   2.1610000e+03             NaN             NaN
   2.1620000e+03             NaN             NaN
   2.1630000e+03             NaN             NaN
   2.1640000e+03             NaN             NaN
   2.1650000e+03             NaN             NaN
   2.1660000e+03             NaN             NaN
   2.1670000e+03             NaN             NaN
   2.1680000e+03             NaN             NaN
   2.1690000e+03             NaN             NaN
   2.1700000e+03             NaN             NaN
   2.1710000e+03             NaN             NaN
   2.1720000e+03             NaN             NaN
   2.1730000e+03             NaN             NaN
   2.1740000e+03             NaN             NaN
   2.1750000e+03             NaN             NaN
   2.1760000e+03             NaN             NaN
   2.1770000e+03             NaN             NaN
   2.1780000e+03             NaN             NaN
   2.1790000e+03             NaN             NaN
   2.1800000e+03             NaN             NaN
   2.1810000e+03             NaN             NaN
   2.1820000e+03             NaN             NaN
   2.1830000e+03             NaN             NaN
   2.1840000e+03             NaN             NaN
   2.1850000e+03             NaN             NaN
   2.1860000e+03             NaN             NaN
   2.1870000e+03             NaN             NaN
   2.1880000e+03             NaN             NaN
   2.1890000e+03             NaN             NaN
   2.1900000e+03             NaN             NaN
   2.1910000e+03             NaN             NaN
   2.1920000e+03             NaN             NaN
   2.1930000e+03             NaN             NaN
   2.1940000e+03             NaN             NaN
   2.1950000e+03             NaN             NaN
   2.1960000e+03             NaN             NaN
   2.1970000e+03             NaN             NaN
   2.1980000e+03             NaN             NaN
   2.1990000e+03             NaN             NaN
   2.2000000e+03             NaN             NaN
   2.2010000e+03             NaN             NaN
   2.2020000e+03             NaN             NaN
   2.2030000e+03             NaN             NaN
   2.2040000e+03             NaN             NaN
   2.2050000e+03             NaN             NaN
   2.2060000e+03             NaN             NaN
   2.2070000e+03             NaN             NaN
   2.2080000e+03             NaN             NaN
   2.2090000e+03             NaN             NaN
   2.2100000e+03             NaN             NaN
   2.2110000e+03             NaN             NaN
   2.2120000e+03             NaN             NaN
   2.2130000e+03             NaN             NaN
   2.2140000e+03             NaN             NaN
   2.2150000e+03             NaN             NaN
   2.2160000e+03             NaN             NaN
   2.2170000e+03             NaN             NaN
   2.2180000e+03             NaN             NaN
   2.2190000e+03             NaN             NaN
   2.2200000e+03             NaN             NaN
   2.2210000e+03             NaN             NaN
   2.2220000e+03             NaN             NaN
   2.2230000e+03             NaN             NaN
   2.2240000e+03             NaN             NaN
   2.2250000e+03             NaN             NaN
   2.2260000e+03             NaN             NaN
   2.2270000e+03             NaN             NaN
   2.2280000e+03             NaN             NaN
   2.2290000e+03             NaN             NaN
   2.2300000e+03             NaN             NaN
   2.2310000e+03             NaN             NaN
   2.2320000e+03             NaN             NaN
   2.2330000e+03             NaN             NaN
   2.2340000e+03             NaN             NaN
   2.2350000e+03             NaN             NaN
   2.2360000e+03             NaN             NaN
   2.2370000e+03             NaN             NaN
   2.2380000e+03             NaN             NaN
   2.2390000e+03             NaN             NaN
   2.2400000e+03             NaN             NaN
   2.2410000e+03             NaN             NaN
   2.2420000e+03             NaN             NaN
   2.2430000e+03             NaN             NaN
   2.2440000e+03             NaN             NaN
   2.2450000e+03             NaN             NaN
   2.2460000e+03             NaN             NaN
   2.2470000e+03             NaN             NaN
   2.2480000e+03             NaN             NaN
   2.2490000e+03             NaN             NaN
   2.2500000e+03             NaN             NaN
   2.2510000e+03             NaN             NaN
   2.2520000e+03             NaN             NaN
   2.2530000e+03             NaN             NaN
   2.2540000e+03             NaN             NaN
   2.2550000e+03             NaN             NaN
   2.2560000e+03             NaN             NaN
   2.2570000e+03             NaN             NaN
   2.2580000e+03             NaN             NaN
   2.2590000e+03             NaN             NaN
   2.2600000e+03             NaN             NaN
   2.2610000e+03             NaN             NaN
   2.2620000e+03             NaN             NaN
   2.2630000e+03             NaN             NaN
   2.2640000e+03             NaN             NaN
   2.2650000e+03             NaN             NaN
   2.2660000e+03             NaN             NaN
   2.2670000e+03             NaN             NaN
   2.2680000e+03             NaN             NaN
   2.2690000e+03             NaN             NaN
   2.2700000e+03             NaN             NaN
   2.2710000e+03             NaN             NaN
   2.2720000e+03             NaN             NaN
   2.2730000e+03             NaN             NaN
   2.2740000e+03             NaN             NaN
   2.2750000e+03             NaN             NaN
   2.2760000e+03             NaN             NaN
   2.2770000e+03             NaN             NaN
   2.2780000e+03             NaN             NaN
   2.2790000e+03             NaN             NaN
   2.2800000e+03             NaN             NaN
   2.2810000e+03             NaN             NaN
   2.2820000e+03             NaN             NaN
   2.2830000e+03             NaN             NaN
   2.2840000e+03             NaN             NaN
   2.2850000e+03             NaN             NaN
   2.2860000e+03             NaN             NaN
   2.2870000e+03             NaN             NaN
   2.2880000e+03             NaN             NaN
   2.2890000e+03             NaN             NaN
   2.2900000e+03             NaN             NaN
   2.2910000e+03             NaN             NaN
   2.2920000e+03             NaN             NaN
   2.2930000e+03             NaN             NaN
   2.2940000e+03             NaN             NaN
   2.2950000e+03             NaN             NaN
   2.2960000e+03             NaN             NaN
   2.2970000e+03             NaN             NaN
   2.2980000e+03             NaN             NaN
   2.2990000e+03             NaN             NaN
   2.3000000e+03             NaN             NaN
