   1.8500000e+03             NaN             NaN
   1.8510000e+03   1.1009454e+00   4.8231405e+00
   1.8520000e+03   2.7998003e+00   4.7978576e+00
   1.8530000e+03   4.5501851e+00   4.7756361e+00
   1.8540000e+03   6.0382303e+00   4.7553064e+00
   1.8550000e+03   7.5525576e+00   4.7285872e+00
   1.8560000e+03   8.7301372e+00   4.7261614e+00
   1.8570000e+03   9.3279173e+00   4.7044441e+00
   1.8580000e+03   1.0030930e+01   4.6867584e+00
   1.8590000e+03   1.1481877e+01   4.6670833e+00
   1.8600000e+03   1.3512900e+01   4.6364870e+00
   1.8610000e+03   1.4700533e+01   4.5590251e+00
   1.8620000e+03   1.6684310e+01   4.5398044e+00
   1.8630000e+03   1.7931371e+01   4.5112040e+00
   1.8640000e+03   2.0917416e+01   4.4800950e+00
   1.8650000e+03   2.2544676e+01   4.0880967e+00
   1.8660000e+03   2.4016144e+01   4.0562135e+00
   1.8670000e+03   2.4795772e+01   4.0326485e+00
   1.8680000e+03   2.5837977e+01   4.0308003e+00
   1.8690000e+03   2.7258630e+01   4.0102031e+00
   1.8700000e+03   2.8407841e+01   3.9830348e+00
   1.8710000e+03   2.9388994e+01   3.9577553e+00
   1.8720000e+03   3.0240018e+01   3.9378544e+00
   1.8730000e+03   3.1091093e+01   3.9172673e+00
   1.8740000e+03   3.2469386e+01   3.8976268e+00
   1.8750000e+03   3.3674131e+01   3.8111046e+00
   1.8760000e+03   3.4671765e+01   3.7491063e+00
   1.8770000e+03   3.6399427e+01   3.7266541e+00
   1.8780000e+03   3.8741617e+01   3.6397631e+00
   1.8790000e+03   4.0142098e+01   3.4933628e+00
   1.8800000e+03   4.1191569e+01   3.4729314e+00
   1.8810000e+03   4.2608587e+01   3.4503481e+00
   1.8820000e+03   4.3792912e+01   3.4199927e+00
   1.8830000e+03   4.5166742e+01   3.3956951e+00
   1.8840000e+03   4.5731033e+01   3.3702319e+00
   1.8850000e+03   4.5679536e+01   3.3500962e+00
   1.8860000e+03   4.6531213e+01   3.3313323e+00
   1.8870000e+03   4.7391696e+01   3.3112351e+00
   1.8880000e+03   4.8175841e+01   3.2914499e+00
   1.8890000e+03   4.9666207e+01   3.2892980e+00
   1.8900000e+03   5.1167195e+01   3.2111996e+00
   1.8910000e+03   5.2175457e+01   3.1343285e+00
   1.8920000e+03   5.4054730e+01   3.0788591e+00
   1.8930000e+03   5.5082065e+01   2.9679319e+00
   1.8940000e+03   5.7906625e+01   2.9651067e+00
   1.8950000e+03   5.9086583e+01   2.5544024e+00
   1.8960000e+03   6.0168878e+01   2.5028617e+00
   1.8970000e+03   6.0925503e+01   2.4818488e+00
   1.8980000e+03   6.2027225e+01   2.4311792e+00
   1.8990000e+03   6.3312374e+01   2.3977433e+00
   1.9000000e+03   6.5203894e+01   2.3695977e+00
   1.9010000e+03   6.5976140e+01   2.1783805e+00
   1.9020000e+03   6.7027027e+01   2.1584325e+00
   1.9030000e+03   6.7633579e+01   2.1391932e+00
   1.9040000e+03   6.8553781e+01   2.1336994e+00
   1.9050000e+03   7.0064019e+01   2.1079660e+00
   1.9060000e+03   7.1187282e+01   2.0902283e+00
   1.9070000e+03   7.1847726e+01   2.0737684e+00
   1.9080000e+03   7.2350207e+01   2.0703561e+00
   1.9090000e+03   7.2885011e+01   2.0661687e+00
   1.9100000e+03   7.3696713e+01   2.0517571e+00
   1.9110000e+03   7.4433203e+01   2.0482170e+00
   1.9120000e+03   7.5304672e+01   2.0344922e+00
   1.9130000e+03   7.6018061e+01   2.0310768e+00
   1.9140000e+03   7.6862098e+01   2.0275580e+00
   1.9150000e+03   7.7516663e+01   2.0113688e+00
   1.9160000e+03   7.8512053e+01   1.9996238e+00
   1.9170000e+03   7.9321436e+01   1.9872286e+00
   1.9180000e+03   8.0220732e+01   1.9754479e+00
   1.9190000e+03   8.0884108e+01   1.9471496e+00
   1.9200000e+03   8.1612593e+01   1.9293347e+00
   1.9210000e+03   8.2256100e+01   1.9252673e+00
   1.9220000e+03   8.3197825e+01   1.9110414e+00
   1.9230000e+03   8.4088851e+01   1.8971545e+00
   1.9240000e+03   8.4696254e+01   1.8930667e+00
   1.9250000e+03   8.5912805e+01   1.8892370e+00
   1.9260000e+03   8.6821396e+01   1.8777549e+00
   1.9270000e+03   8.8295835e+01   1.7835746e+00
   1.9280000e+03   8.9865783e+01   1.7797514e+00
   1.9290000e+03   9.1476942e+01   1.7361416e+00
   1.9300000e+03   9.2611319e+01   1.6624213e+00
   1.9310000e+03   9.3078105e+01   1.6418556e+00
   1.9320000e+03   9.3747034e+01   1.6377479e+00
   1.9330000e+03   9.4338342e+01   1.5775407e+00
   1.9340000e+03   9.4940213e+01   1.5733025e+00
   1.9350000e+03   9.5882630e+01   1.5581745e+00
   1.9360000e+03   9.6732084e+01   1.5494098e+00
   1.9370000e+03   9.8034246e+01   1.5397663e+00
   1.9380000e+03   9.9908992e+01   1.5175561e+00
   1.9390000e+03   1.0043617e+02   1.1835833e+00
   1.9400000e+03   1.0108579e+02   1.1780050e+00
   1.9410000e+03   1.0185655e+02   1.1724113e+00
   1.9420000e+03   1.0273872e+02   1.1666500e+00
   1.9430000e+03   1.0382764e+02   1.1539174e+00
   1.9440000e+03   1.0490575e+02   1.1478952e+00
   1.9450000e+03   1.0631496e+02   1.1419686e+00
   1.9460000e+03   1.0795391e+02   1.1299436e+00
   1.9470000e+03   1.0937652e+02   1.1216331e+00
   1.9480000e+03   1.1065463e+02   1.1155445e+00
   1.9490000e+03   1.1121610e+02   1.1094607e+00
   1.9500000e+03   1.1262711e+02   1.1032185e+00
   1.9510000e+03   1.1337121e+02   1.0042284e+00
   1.9520000e+03   1.1399914e+02   9.9760659e-01
   1.9530000e+03   1.1495901e+02   9.4305542e-01
   1.9540000e+03   1.1566205e+02   9.3598379e-01
   1.9550000e+03   1.1635800e+02   9.2902195e-01
   1.9560000e+03   1.1655705e+02   9.2154767e-01
   1.9570000e+03   1.1733249e+02   9.1442254e-01
   1.9580000e+03   1.1827323e+02   9.0478181e-01
   1.9590000e+03   1.1904907e+02   8.9754070e-01
   1.9600000e+03   1.1972942e+02   8.5901641e-01
   1.9610000e+03   1.2044747e+02   8.5142590e-01
   1.9620000e+03   1.2091723e+02   8.4214678e-01
   1.9630000e+03   1.2154312e+02   8.3454118e-01
   1.9640000e+03   1.2241139e+02   8.2686929e-01
   1.9650000e+03   1.2257966e+02   8.1900655e-01
   1.9660000e+03   1.2272567e+02   8.1217892e-01
   1.9670000e+03   1.2270812e+02   8.0425974e-01
   1.9680000e+03   1.2326602e+02   7.9700948e-01
   1.9690000e+03   1.2369261e+02   7.8895385e-01
   1.9700000e+03   1.2451735e+02   7.8064997e-01
   1.9710000e+03   1.2495738e+02   6.7538859e-01
   1.9720000e+03   1.2556322e+02   6.6569073e-01
   1.9730000e+03   1.2628591e+02   6.5603063e-01
   1.9740000e+03   1.2633069e+02   6.4464490e-01
   1.9750000e+03   1.2681239e+02   6.3483731e-01
   1.9760000e+03   1.2723838e+02   6.2459549e-01
   1.9770000e+03   1.2777454e+02   6.1116747e-01
   1.9780000e+03   1.2775155e+02   6.0110278e-01
   1.9790000e+03   1.2816859e+02   5.9051449e-01
   1.9800000e+03   1.2885151e+02   5.7970437e-01
   1.9810000e+03   1.2980265e+02   5.6859982e-01
   1.9820000e+03   1.3043489e+02   5.5883990e-01
   1.9830000e+03   1.3069539e+02   5.4750766e-01
   1.9840000e+03   1.3088536e+02   5.3600568e-01
   1.9850000e+03   1.3161071e+02   5.2390005e-01
   1.9860000e+03   1.3205135e+02   5.1161570e-01
   1.9870000e+03   1.3251695e+02   4.9913522e-01
   1.9880000e+03   1.3284454e+02   4.8632606e-01
   1.9890000e+03   1.3365272e+02   4.7326135e-01
   1.9900000e+03   1.3449287e+02   4.5981354e-01
   1.9910000e+03   1.3529068e+02   4.4604298e-01
   1.9920000e+03   1.3589993e+02   4.3117047e-01
   1.9930000e+03   1.3693402e+02   4.1569340e-01
   1.9940000e+03   1.3739136e+02   4.0048587e-01
   1.9950000e+03   1.3793762e+02   3.8464305e-01
   1.9960000e+03   1.3837110e+02   3.6823399e-01
   1.9970000e+03   1.3875999e+02   3.5103854e-01
   1.9980000e+03   1.4011567e+02   3.3290203e-01
   1.9990000e+03   1.4137416e+02   2.8783971e-01
   2.0000000e+03   1.4219270e+02   2.6040293e-01
   2.0010000e+03   1.4298894e+02   2.2617492e-01
   2.0020000e+03   1.4402455e+02   1.9643280e-01
   2.0030000e+03   1.4488441e+02   1.9702746e-01
   2.0040000e+03   1.4555992e+02   1.9783353e-01
   2.0050000e+03   1.4677463e+02   1.9875022e-01
   2.0060000e+03   1.4792435e+02   1.9968507e-01
   2.0070000e+03   1.4853009e+02   2.2345819e-01
   2.0080000e+03   1.4952003e+02   2.4497926e-01
   2.0090000e+03   1.5066563e+02   2.6869730e-01
   2.0100000e+03   1.5157849e+02   2.9087727e-01
   2.0110000e+03   1.5193769e+02   3.1134466e-01
   2.0120000e+03   1.5292299e+02   3.3051591e-01
   2.0130000e+03   1.5354068e+02   3.4863648e-01
   2.0140000e+03   1.5449475e+02   3.6592564e-01
   2.0150000e+03   1.5530735e+02   3.8261718e-01
   2.0160000e+03   1.5603945e+02   3.9861584e-01
   2.0170000e+03   1.5707901e+02   4.1414219e-01
   2.0180000e+03   1.5814260e+02   4.2923935e-01
   2.0190000e+03   1.5900486e+02   4.4336955e-01
   2.0200000e+03   1.6029028e+02   4.5791619e-01
   2.0210000e+03   1.6158258e+02   4.7120168e-01
   2.0220000e+03   1.6226837e+02   4.8460013e-01
   2.0230000e+03   1.6285740e+02   4.9863118e-01
   2.0240000e+03   1.6403912e+02   5.1153890e-01
   2.0250000e+03   1.6501093e+02   5.2382031e-01
   2.0260000e+03   1.6583069e+02   5.3571512e-01
   2.0270000e+03   1.6701785e+02   5.4750469e-01
   2.0280000e+03   1.6776772e+02   5.5902560e-01
   2.0290000e+03   1.6864032e+02   5.7073170e-01
   2.0300000e+03   1.6976374e+02   5.8470659e-01
   2.0310000e+03   1.7051525e+02   5.9540278e-01
   2.0320000e+03   1.7133820e+02   6.0589464e-01
   2.0330000e+03   1.7265647e+02   6.1666706e-01
   2.0340000e+03   1.7378286e+02   6.2682785e-01
   2.0350000e+03   1.7540876e+02   6.5209226e-01
   2.0360000e+03   1.7668754e+02   6.6227184e-01
   2.0370000e+03   1.7801319e+02   6.7308714e-01
   2.0380000e+03   1.7905255e+02   6.8248746e-01
   2.0390000e+03   1.8029695e+02   6.9193870e-01
   2.0400000e+03   1.8191215e+02   7.0248403e-01
   2.0410000e+03   1.8388257e+02   7.4613788e-01
   2.0420000e+03   1.8571327e+02   1.0306473e+00
   2.0430000e+03   1.8694867e+02   1.0377792e+00
   2.0440000e+03   1.8951896e+02   1.0442382e+00
   2.0450000e+03   1.9133278e+02   1.0527902e+00
   2.0460000e+03   1.9276846e+02   1.0613520e+00
   2.0470000e+03   1.9489505e+02   1.0721268e+00
   2.0480000e+03   1.9633224e+02   1.0841652e+00
   2.0490000e+03   1.9747316e+02   1.0926035e+00
   2.0500000e+03   1.9889999e+02   1.0994583e+00
   2.0510000e+03   2.0017147e+02   1.1081505e+00
   2.0520000e+03   2.0182935e+02   1.1199636e+00
   2.0530000e+03   2.0379551e+02   1.1269057e+00
   2.0540000e+03   2.0522422e+02   1.1557506e+00
   2.0550000e+03   2.0674684e+02   1.1656765e+00
   2.0560000e+03   2.0804464e+02   1.1719791e+00
   2.0570000e+03   2.0987533e+02   1.1861796e+00
   2.0580000e+03   2.1138330e+02   1.1936215e+00
   2.0590000e+03   2.1278382e+02   1.2024114e+00
   2.0600000e+03   2.1463077e+02   1.2174994e+00
   2.0610000e+03   2.1639963e+02   1.2283193e+00
   2.0620000e+03   2.1784109e+02   1.2345724e+00
   2.0630000e+03   2.1965604e+02   1.2585129e+00
   2.0640000e+03   2.2173308e+02   1.3037012e+00
   2.0650000e+03   2.2336760e+02   1.3114582e+00
   2.0660000e+03   2.2571978e+02   1.3292364e+00
   2.0670000e+03   2.2842280e+02   2.0473653e+00
   2.0680000e+03   2.3056450e+02   2.0539628e+00
   2.0690000e+03   2.3314346e+02   2.2243769e+00
   2.0700000e+03   2.3578063e+02   2.4646521e+00
   2.0710000e+03   2.3839267e+02   2.5099776e+00
   2.0720000e+03   2.4099804e+02   2.5228665e+00
   2.0730000e+03   2.4368898e+02   2.5450970e+00
   2.0740000e+03   2.4665544e+02   2.5674301e+00
   2.0750000e+03   2.4923588e+02   2.5959383e+00
   2.0760000e+03   2.5154040e+02   2.6041859e+00
   2.0770000e+03   2.5368814e+02   2.6160919e+00
   2.0780000e+03   2.5631731e+02   2.6211379e+00
   2.0790000e+03   2.5935608e+02   2.6393028e+00
   2.0800000e+03   2.6169972e+02   2.6610682e+00
   2.0810000e+03   2.6433100e+02   2.6726232e+00
   2.0820000e+03   2.6657391e+02   2.6926026e+00
   2.0830000e+03   2.6937226e+02   2.7069289e+00
   2.0840000e+03   2.7205808e+02   2.7153986e+00
   2.0850000e+03   2.7477467e+02   2.7365526e+00
   2.0860000e+03   2.7721792e+02   2.7612803e+00
   2.0870000e+03   2.7950516e+02   2.7860003e+00
   2.0880000e+03   2.8212725e+02   2.8230632e+00
   2.0890000e+03   2.8471654e+02   2.8406784e+00
   2.0900000e+03   2.8784021e+02   2.8923896e+00
   2.0910000e+03   2.9089572e+02   2.9154453e+00
   2.0920000e+03   2.9349602e+02   2.9297960e+00
   2.0930000e+03   2.9669352e+02   2.9619904e+00
   2.0940000e+03   2.9932675e+02   2.9781144e+00
   2.0950000e+03   3.0197983e+02   3.0007957e+00
   2.0960000e+03   3.0474000e+02   3.0260050e+00
   2.0970000e+03   3.0753323e+02   3.0720907e+00
   2.0980000e+03   3.0990203e+02   3.1462627e+00
   2.0990000e+03   3.1304766e+02   3.2607662e+00
   2.1000000e+03   3.1628591e+02   3.3388201e+00
   2.1010000e+03   3.1905791e+02   3.4128467e+00
   2.1020000e+03   3.2230398e+02   3.5075335e+00
   2.1030000e+03   3.2534923e+02   3.6103997e+00
   2.1040000e+03   3.2842116e+02   3.6873386e+00
   2.1050000e+03   3.3160386e+02   3.7637696e+00
   2.1060000e+03   3.3498985e+02   3.8543712e+00
   2.1070000e+03   3.3801599e+02   3.9587406e+00
   2.1080000e+03   3.4122767e+02   4.0381263e+00
   2.1090000e+03   3.4438477e+02   4.1298785e+00
   2.1100000e+03   3.4768903e+02   4.2615607e+00
   2.1110000e+03   3.5116291e+02   4.4103324e+00
   2.1120000e+03   3.5440350e+02   4.5528566e+00
   2.1130000e+03   3.5766373e+02   4.6840218e+00
   2.1140000e+03   3.6101030e+02   4.8339229e+00
   2.1150000e+03   3.6402823e+02   4.9822364e+00
   2.1160000e+03   3.6767630e+02   5.2713491e+00
   2.1170000e+03   3.7055691e+02   5.4422515e+00
   2.1180000e+03   3.7339750e+02   5.5614621e+00
   2.1190000e+03   3.7626660e+02   5.7290689e+00
   2.1200000e+03   3.7912228e+02   5.8520391e+00
   2.1210000e+03   3.8202508e+02   5.9247507e+00
   2.1220000e+03   3.8480812e+02   6.0233382e+00
   2.1230000e+03   3.8756001e+02   6.1111372e+00
   2.1240000e+03   3.9043484e+02   6.2263247e+00
   2.1250000e+03   3.9347451e+02   6.3560419e+00
   2.1260000e+03   3.9701419e+02   6.6027590e+00
   2.1270000e+03   3.9982309e+02   6.7374852e+00
   2.1280000e+03   4.0334599e+02   6.9045894e+00
   2.1290000e+03   4.0649669e+02   7.0366310e+00
   2.1300000e+03   4.0972167e+02   7.1778849e+00
   2.1310000e+03   4.1274815e+02   7.3408262e+00
   2.1320000e+03   4.1560042e+02   7.4937388e+00
   2.1330000e+03   4.1839256e+02   7.6482073e+00
   2.1340000e+03   4.2122843e+02   7.8112297e+00
   2.1350000e+03   4.2407543e+02   7.9565200e+00
   2.1360000e+03   4.2703092e+02   8.1335222e+00
   2.1370000e+03   4.3011733e+02   8.3104653e+00
   2.1380000e+03   4.3307528e+02   8.4914723e+00
   2.1390000e+03   4.3610406e+02   8.7380077e+00
   2.1400000e+03   4.3940415e+02   9.0424797e+00
   2.1410000e+03   4.4230359e+02   9.2912088e+00
   2.1420000e+03   4.4539367e+02   9.5248801e+00
   2.1430000e+03   4.4853615e+02   9.8603565e+00
   2.1440000e+03   4.5181052e+02   1.0152313e+01
   2.1450000e+03   4.5527664e+02   1.0567791e+01
   2.1460000e+03   4.5826414e+02   1.0922988e+01
   2.1470000e+03   4.6216067e+02   1.1645428e+01
   2.1480000e+03   4.6552429e+02   1.2105297e+01
   2.1490000e+03   4.6902692e+02   1.2623353e+01
   2.1500000e+03   4.7233443e+02   1.3115914e+01
   2.1510000e+03   4.7598261e+02   1.3846770e+01
   2.1520000e+03   4.8001987e+02   1.4732359e+01
   2.1530000e+03   4.8349043e+02   1.5209349e+01
   2.1540000e+03   4.8679695e+02   1.5668698e+01
   2.1550000e+03   4.8967537e+02   1.5922228e+01
   2.1560000e+03   4.9180645e+02   1.6003985e+01
   2.1570000e+03   4.9387156e+02   1.6100957e+01
   2.1580000e+03   4.9604760e+02   1.6195886e+01
   2.1590000e+03   4.9829866e+02   1.6335294e+01
   2.1600000e+03   5.0045628e+02   1.6470518e+01
   2.1610000e+03   5.0278622e+02   1.6641403e+01
   2.1620000e+03   5.0494505e+02   1.6789255e+01
   2.1630000e+03   5.0728087e+02   1.7023964e+01
   2.1640000e+03   5.0937508e+02   1.7174356e+01
   2.1650000e+03   5.1164799e+02   1.7381131e+01
   2.1660000e+03   5.1435268e+02   1.7780424e+01
   2.1670000e+03   5.1653274e+02   1.7995500e+01
   2.1680000e+03   5.1871175e+02   1.8230299e+01
   2.1690000e+03   5.2089342e+02   1.8434042e+01
   2.1700000e+03   5.2317994e+02   1.8764111e+01
   2.1710000e+03   5.2520266e+02   1.8994918e+01
   2.1720000e+03   5.2723543e+02   1.9234272e+01
   2.1730000e+03   5.2939506e+02   1.9554939e+01
   2.1740000e+03   5.3185576e+02   2.0072827e+01
   2.1750000e+03   5.3389988e+02   2.0390500e+01
   2.1760000e+03   5.3613323e+02   2.0750936e+01
   2.1770000e+03   5.3826545e+02   2.1149395e+01
   2.1780000e+03   5.4033970e+02   2.1252163e+01
   2.1790000e+03   5.4184513e+02   2.1264383e+01
   2.1800000e+03   5.4329483e+02   2.1276683e+01
   2.1810000e+03   5.4478356e+02   2.1289759e+01
   2.1820000e+03   5.4629162e+02   2.1302097e+01
   2.1830000e+03   5.4758940e+02   2.1313230e+01
   2.1840000e+03   5.4883259e+02   2.1328933e+01
   2.1850000e+03   5.5022461e+02   2.1343706e+01
   2.1860000e+03   5.5155259e+02   2.1359773e+01
   2.1870000e+03   5.5277737e+02   2.1376051e+01
   2.1880000e+03   5.5407101e+02   2.1390088e+01
   2.1890000e+03   5.5528600e+02   2.1405921e+01
   2.1900000e+03   5.5644121e+02   2.1420539e+01
   2.1910000e+03   5.5756345e+02   2.1436493e+01
   2.1920000e+03   5.5873108e+02   2.1452284e+01
   2.1930000e+03   5.5989756e+02   2.1469874e+01
   2.1940000e+03   5.6098202e+02   2.1489626e+01
   2.1950000e+03   5.6210405e+02   2.1511070e+01
   2.1960000e+03   5.6323338e+02   2.1528926e+01
   2.1970000e+03   5.6430713e+02   2.1541641e+01
   2.1980000e+03   5.6544357e+02   2.1561039e+01
   2.1990000e+03   5.6656399e+02   2.1576552e+01
   2.2000000e+03   5.6763213e+02   2.1593959e+01
   2.2010000e+03   5.6865857e+02   2.1612889e+01
   2.2020000e+03   5.6963920e+02   2.1630468e+01
   2.2030000e+03   5.7051803e+02   2.1645376e+01
   2.2040000e+03   5.7135112e+02   2.1661687e+01
   2.2050000e+03   5.7213167e+02   2.1672828e+01
   2.2060000e+03   5.7294744e+02   2.1681162e+01
   2.2070000e+03   5.7369855e+02   2.1685280e+01
   2.2080000e+03   5.7443883e+02   2.1691839e+01
   2.2090000e+03   5.7512452e+02   2.1696004e+01
   2.2100000e+03   5.7580202e+02   2.1699911e+01
   2.2110000e+03   5.7645878e+02   2.1700082e+01
   2.2120000e+03   5.7712674e+02   2.1700250e+01
   2.2130000e+03   5.7778875e+02   2.1700402e+01
   2.2140000e+03   5.7836260e+02   2.1700554e+01
   2.2150000e+03   5.7896300e+02   2.1700688e+01
   2.2160000e+03   5.7962818e+02   2.1700889e+01
   2.2170000e+03   5.8022146e+02   2.1701058e+01
   2.2180000e+03   5.8082505e+02   2.1701237e+01
   2.2190000e+03   5.8135009e+02   2.1701387e+01
   2.2200000e+03   5.8192230e+02   2.1701555e+01
   2.2210000e+03   5.8247399e+02   2.1701715e+01
   2.2220000e+03   5.8299605e+02   2.1701868e+01
   2.2230000e+03   5.8352658e+02   2.1702022e+01
   2.2240000e+03   5.8401271e+02   2.1702175e+01
   2.2250000e+03   5.8448136e+02   2.1702319e+01
   2.2260000e+03   5.8495936e+02   2.1702470e+01
   2.2270000e+03   5.8541849e+02   2.1702619e+01
   2.2280000e+03   5.8584767e+02   2.1702761e+01
   2.2290000e+03   5.8625263e+02   2.1702910e+01
   2.2300000e+03   5.8663809e+02   2.1703034e+01
   2.2310000e+03   5.8704197e+02   2.1703177e+01
   2.2320000e+03   5.8745878e+02   2.1703368e+01
   2.2330000e+03   5.8782979e+02   2.1703523e+01
   2.2340000e+03   5.8816359e+02   2.1703649e+01
   2.2350000e+03   5.8851258e+02   2.1703797e+01
   2.2360000e+03   5.8885797e+02   2.1703963e+01
   2.2370000e+03   5.8916086e+02   2.1704094e+01
   2.2380000e+03   5.8946995e+02   2.1704241e+01
   2.2390000e+03   5.8977474e+02   2.1704398e+01
   2.2400000e+03   5.9004985e+02   2.1704535e+01
   2.2410000e+03   5.9033780e+02   2.1704707e+01
   2.2420000e+03   5.9063766e+02   2.1704869e+01
   2.2430000e+03   5.9090753e+02   2.1705055e+01
   2.2440000e+03   5.9115965e+02   2.1705196e+01
   2.2450000e+03   5.9144734e+02   2.1705421e+01
   2.2460000e+03   5.9166661e+02   2.1705567e+01
   2.2470000e+03   5.9187441e+02   2.1705710e+01
   2.2480000e+03   5.9208313e+02   2.1705883e+01
   2.2490000e+03   5.9227630e+02   2.1706036e+01
   2.2500000e+03   5.9247131e+02   2.1706223e+01
   2.2510000e+03   5.9264293e+02   2.1706359e+01
   2.2520000e+03   5.9282166e+02   2.1706531e+01
   2.2530000e+03   5.9299237e+02   2.1706732e+01
   2.2540000e+03   5.9315986e+02   2.1706943e+01
   2.2550000e+03   5.9331443e+02   2.1707109e+01
   2.2560000e+03   5.9346035e+02   2.1707297e+01
   2.2570000e+03   5.9359947e+02   2.1707452e+01
   2.2580000e+03   5.9372210e+02   2.1707580e+01
   2.2590000e+03   5.9384444e+02   2.1707662e+01
   2.2600000e+03   5.9396001e+02   2.1707732e+01
   2.2610000e+03   5.9408279e+02   2.1707817e+01
   2.2620000e+03   5.9420829e+02   2.1707913e+01
   2.2630000e+03   5.9431341e+02   2.1707985e+01
   2.2640000e+03   5.9443416e+02   2.1708080e+01
   2.2650000e+03   5.9453804e+02   2.1708151e+01
   2.2660000e+03   5.9462783e+02   2.1708210e+01
   2.2670000e+03   5.9470891e+02   2.1708258e+01
   2.2680000e+03   5.9481005e+02   2.1708341e+01
   2.2690000e+03   5.9489998e+02   2.1708423e+01
   2.2700000e+03   5.9500324e+02   2.1708537e+01
   2.2710000e+03   5.9508051e+02   2.1708606e+01
   2.2720000e+03   5.9515729e+02   2.1708673e+01
   2.2730000e+03   5.9523603e+02   2.1708748e+01
   2.2740000e+03   5.9531124e+02   2.1708822e+01
   2.2750000e+03   5.9538747e+02   2.1708892e+01
   2.2760000e+03   5.9545458e+02   2.1708956e+01
   2.2770000e+03   5.9552922e+02   2.1709032e+01
   2.2780000e+03   5.9560209e+02   2.1709109e+01
   2.2790000e+03   5.9567873e+02   2.1709186e+01
   2.2800000e+03   5.9574641e+02   2.1709246e+01
   2.2810000e+03   5.9581264e+02   2.1709309e+01
   2.2820000e+03   5.9587775e+02   2.1709369e+01
   2.2830000e+03   5.9594147e+02   2.1709427e+01
   2.2840000e+03   5.9600655e+02   2.1709499e+01
   2.2850000e+03   5.9607552e+02   2.1709576e+01
   2.2860000e+03   5.9614205e+02   2.1709651e+01
   2.2870000e+03   5.9620902e+02   2.1709735e+01
   2.2880000e+03   5.9628010e+02   2.1709821e+01
   2.2890000e+03   5.9633268e+02   2.1709872e+01
   2.2900000e+03   5.9638501e+02   2.1709919e+01
   2.2910000e+03   5.9644997e+02   2.1709999e+01
   2.2920000e+03   5.9650296e+02   2.1710056e+01
   2.2930000e+03   5.9656841e+02   2.1710143e+01
   2.2940000e+03   5.9661773e+02   2.1710200e+01
   2.2950000e+03   5.9668187e+02   2.1710293e+01
   2.2960000e+03   5.9673105e+02   2.1710352e+01
   2.2970000e+03   5.9678744e+02   2.1710420e+01
   2.2980000e+03   5.9683774e+02   2.1710479e+01
   2.2990000e+03   5.9688589e+02   2.1710538e+01
   2.3000000e+03   5.9693767e+02   2.1710603e+01
