   1.8500000e+03             NaN             NaN
   1.8510000e+03             NaN             NaN
   1.8520000e+03             NaN             NaN
   1.8530000e+03             NaN             NaN
   1.8540000e+03             NaN             NaN
   1.8550000e+03             NaN             NaN
   1.8560000e+03             NaN             NaN
   1.8570000e+03             NaN             NaN
   1.8580000e+03             NaN             NaN
   1.8590000e+03             NaN             NaN
   1.8600000e+03             NaN             NaN
   1.8610000e+03   1.5371490e+00   2.2127350e+00
   1.8620000e+03   2.8705013e+00   2.2000152e+00
   1.8630000e+03   4.9336865e+00   2.1878008e+00
   1.8640000e+03   6.8064148e+00   2.1740139e+00
   1.8650000e+03   8.6911572e+00   2.1629345e+00
   1.8660000e+03   1.1265117e+01   2.1409588e+00
   1.8670000e+03   1.3426294e+01   2.1283578e+00
   1.8680000e+03   1.5193463e+01   2.1093012e+00
   1.8690000e+03   1.7123537e+01   2.0950765e+00
   1.8700000e+03   1.8667604e+01   2.0724352e+00
   1.8710000e+03   2.0008983e+01   2.0532545e+00
   1.8720000e+03   2.1876220e+01   2.0414951e+00
   1.8730000e+03   2.4094780e+01   2.0237543e+00
   1.8740000e+03   2.6157261e+01   1.9969959e+00
   1.8750000e+03   2.7802916e+01   1.9803527e+00
   1.8760000e+03   2.9974648e+01   1.9660505e+00
   1.8770000e+03   3.0627945e+01   1.9368391e+00
   1.8780000e+03   3.1458904e+01   1.9333407e+00
   1.8790000e+03   3.3058939e+01   1.9223728e+00
   1.8800000e+03   3.5454269e+01   1.9098574e+00
   1.8810000e+03   3.7222779e+01   1.8816423e+00
   1.8820000e+03   3.9619712e+01   1.8406748e+00
   1.8830000e+03   4.1847244e+01   1.8186086e+00
   1.8840000e+03   4.3108082e+01   1.7922086e+00
   1.8850000e+03   4.4147607e+01   1.7884646e+00
   1.8860000e+03   4.5256011e+01   1.7647296e+00
   1.8870000e+03   4.5992601e+01   1.7485206e+00
   1.8880000e+03   4.6811662e+01   1.7303404e+00
   1.8890000e+03   4.7188362e+01   1.7077203e+00
   1.8900000e+03   4.8106092e+01   1.7041441e+00
   1.8910000e+03   4.8343735e+01   1.6937122e+00
   1.8920000e+03   4.8826090e+01   1.6819686e+00
   1.8930000e+03   5.0082155e+01   1.6710258e+00
   1.8940000e+03   5.0450529e+01   1.6282390e+00
   1.8950000e+03   5.1448403e+01   1.6237221e+00
   1.8960000e+03   5.2821152e+01   1.6104704e+00
   1.8970000e+03   5.3889388e+01   1.5889568e+00
   1.8980000e+03   5.5304920e+01   1.5684544e+00
   1.8990000e+03   5.7034994e+01   1.5268243e+00
   1.9000000e+03   5.8958827e+01   1.5030136e+00
   1.9010000e+03   6.0241382e+01   1.4820391e+00
   1.9020000e+03   6.1523606e+01   1.4705204e+00
   1.9030000e+03   6.2313869e+01   1.4546853e+00
   1.9040000e+03   6.3326515e+01   1.4422029e+00
   1.9050000e+03   6.4122322e+01   1.4302643e+00
   1.9060000e+03   6.4751435e+01   1.4199833e+00
   1.9070000e+03   6.5505109e+01   1.4069174e+00
   1.9080000e+03   6.6133824e+01   1.3760598e+00
   1.9090000e+03   6.7882806e+01   1.3659483e+00
   1.9100000e+03   6.8719419e+01   1.3607749e+00
   1.9110000e+03   6.9780648e+01   1.3456911e+00
   1.9120000e+03   7.0292370e+01   1.3345498e+00
   1.9130000e+03   7.0307949e+01   1.3212279e+00
   1.9140000e+03   7.0800633e+01   1.3038422e+00
   1.9150000e+03   7.1895430e+01   1.2938388e+00
   1.9160000e+03   7.2729384e+01   1.2712553e+00
   1.9170000e+03   7.3876922e+01   1.2616736e+00
   1.9180000e+03   7.4316262e+01   1.2354973e+00
   1.9190000e+03   7.5654527e+01   1.2302512e+00
   1.9200000e+03   7.7404138e+01   1.2165021e+00
   1.9210000e+03   7.8836454e+01   1.1875559e+00
   1.9220000e+03   7.9809495e+01   1.1645905e+00
   1.9230000e+03   8.1082951e+01   1.1491281e+00
   1.9240000e+03   8.2142977e+01   1.1401667e+00
   1.9250000e+03   8.3168928e+01   1.1300635e+00
   1.9260000e+03   8.4255960e+01   1.1213052e+00
   1.9270000e+03   8.5213581e+01   1.1155540e+00
   1.9280000e+03   8.6348833e+01   1.1045822e+00
   1.9290000e+03   8.7445443e+01   1.0893874e+00
   1.9300000e+03   8.8516334e+01   1.0784362e+00
   1.9310000e+03   8.9198610e+01   1.0695808e+00
   1.9320000e+03   8.9933099e+01   1.0604871e+00
   1.9330000e+03   9.0628911e+01   1.0493948e+00
   1.9340000e+03   9.1359351e+01   1.0375694e+00
   1.9350000e+03   9.2137832e+01   1.0312683e+00
   1.9360000e+03   9.2804575e+01   1.0249958e+00
   1.9370000e+03   9.3924470e+01   9.9854112e-01
   1.9380000e+03   9.5033762e+01   9.8742961e-01
   1.9390000e+03   9.6154968e+01   9.7114620e-01
   1.9400000e+03   9.7210203e+01   9.5497091e-01
   1.9410000e+03   9.7599474e+01   9.4801224e-01
   1.9420000e+03   9.8625185e+01   9.4131961e-01
   1.9430000e+03   9.9325087e+01   9.3195392e-01
   1.9440000e+03   1.0002252e+02   9.2505656e-01
   1.9450000e+03   1.0118020e+02   9.1814927e-01
   1.9460000e+03   1.0287149e+02   9.1097505e-01
   1.9470000e+03   1.0372447e+02   8.8591053e-01
   1.9480000e+03   1.0446406e+02   8.6990708e-01
   1.9490000e+03   1.0514073e+02   8.6267839e-01
   1.9500000e+03   1.0560020e+02   8.5540706e-01
   1.9510000e+03   1.0624271e+02   8.4736454e-01
   1.9520000e+03   1.0739681e+02   8.3951421e-01
   1.9530000e+03   1.0828348e+02   8.2948103e-01
   1.9540000e+03   1.0904487e+02   8.2178410e-01
   1.9550000e+03   1.0991035e+02   8.1187885e-01
   1.9560000e+03   1.1103039e+02   8.0409963e-01
   1.9570000e+03   1.1206779e+02   7.9508551e-01
   1.9580000e+03   1.1282618e+02   7.8316740e-01
   1.9590000e+03   1.1382539e+02   7.7511676e-01
   1.9600000e+03   1.1441083e+02   7.6266108e-01
   1.9610000e+03   1.1456294e+02   7.5293436e-01
   1.9620000e+03   1.1483315e+02   7.4489004e-01
   1.9630000e+03   1.1519352e+02   7.3640637e-01
   1.9640000e+03   1.1512756e+02   7.2785061e-01
   1.9650000e+03   1.1516599e+02   7.1542167e-01
   1.9660000e+03   1.1529101e+02   7.0549960e-01
   1.9670000e+03   1.1559051e+02   6.9661920e-01
   1.9680000e+03   1.1544259e+02   6.8710522e-01
   1.9690000e+03   1.1559996e+02   6.7834370e-01
   1.9700000e+03   1.1594332e+02   6.6800854e-01
   1.9710000e+03   1.1623467e+02   6.5847130e-01
   1.9720000e+03   1.1687601e+02   6.4897080e-01
   1.9730000e+03   1.1752601e+02   6.3923569e-01
   1.9740000e+03   1.1837733e+02   6.2943238e-01
   1.9750000e+03   1.1926621e+02   6.2089172e-01
   1.9760000e+03   1.1940601e+02   6.1078890e-01
   1.9770000e+03   1.1985536e+02   5.9777631e-01
   1.9780000e+03   1.2073059e+02   5.8741465e-01
   1.9790000e+03   1.2137227e+02   5.7680620e-01
   1.9800000e+03   1.2229814e+02   5.6595823e-01
   1.9810000e+03   1.2303543e+02   5.5490293e-01
   1.9820000e+03   1.2358503e+02   5.3413980e-01
   1.9830000e+03   1.2411830e+02   5.2241893e-01
   1.9840000e+03   1.2450538e+02   5.0988133e-01
   1.9850000e+03   1.2534770e+02   4.9765939e-01
   1.9860000e+03   1.2602604e+02   4.8509840e-01
   1.9870000e+03   1.2661757e+02   4.7217457e-01
   1.9880000e+03   1.2747261e+02   4.5888258e-01
   1.9890000e+03   1.2869715e+02   4.4520023e-01
   1.9900000e+03   1.2957400e+02   4.3086284e-01
   1.9910000e+03   1.3049825e+02   4.1630212e-01
   1.9920000e+03   1.3077863e+02   4.0125938e-01
   1.9930000e+03   1.3132635e+02   3.8599605e-01
   1.9940000e+03   1.3166304e+02   3.6977415e-01
   1.9950000e+03   1.3213731e+02   3.5273496e-01
   1.9960000e+03   1.3287591e+02   3.3536249e-01
   1.9970000e+03   1.3434258e+02   3.1652687e-01
   1.9980000e+03   1.3512893e+02   2.9519167e-01
   1.9990000e+03   1.3627093e+02   2.7362663e-01
   2.0000000e+03   1.3786695e+02   2.5023813e-01
   2.0010000e+03   1.3866589e+02   2.2442061e-01
   2.0020000e+03   1.3953579e+02   1.9569566e-01
   2.0030000e+03   1.4074653e+02   1.9640257e-01
   2.0040000e+03   1.4214263e+02   1.9732718e-01
   2.0050000e+03   1.4348181e+02   1.9830572e-01
   2.0060000e+03   1.4499378e+02   1.9935620e-01
   2.0070000e+03   1.4663568e+02   2.2318570e-01
   2.0080000e+03   1.4824215e+02   2.4456626e-01
   2.0090000e+03   1.5021729e+02   2.6830100e-01
   2.0100000e+03   1.5215976e+02   2.9025032e-01
   2.0110000e+03   1.5431213e+02   3.1064224e-01
   2.0120000e+03   1.5621240e+02   3.2978772e-01
   2.0130000e+03   1.5813323e+02   3.4788670e-01
   2.0140000e+03   1.6020240e+02   3.6508871e-01
   2.0150000e+03   1.6128451e+02   3.8144896e-01
   2.0160000e+03   1.6315514e+02   3.9720665e-01
   2.0170000e+03   1.6495394e+02   4.1280442e-01
   2.0180000e+03   1.6689506e+02   4.2744239e-01
   2.0190000e+03   1.6912708e+02   4.4455318e-01
   2.0200000e+03   1.7197060e+02   4.8979899e-01
   2.0210000e+03   1.7500206e+02   6.1990724e-01
   2.0220000e+03   1.7829419e+02   8.7783327e-01
   2.0230000e+03   1.8313318e+02   2.1155863e+00
   2.0240000e+03   1.8695189e+02   2.1216128e+00
   2.0250000e+03   1.9011034e+02   2.1248827e+00
   2.0260000e+03   1.9331511e+02   2.1288633e+00
   2.0270000e+03   1.9681505e+02   2.1323303e+00
   2.0280000e+03   2.0006804e+02   2.1357054e+00
   2.0290000e+03   2.0297294e+02   2.1390090e+00
   2.0300000e+03   2.0570437e+02   2.1425854e+00
   2.0310000e+03   2.0867266e+02   2.1457489e+00
   2.0320000e+03   2.1122079e+02   2.1488769e+00
   2.0330000e+03   2.1370911e+02   2.1519427e+00
   2.0340000e+03   2.1619135e+02   2.1550093e+00
   2.0350000e+03   2.1833028e+02   2.1580454e+00
   2.0360000e+03   2.2076928e+02   2.1612347e+00
   2.0370000e+03   2.2319996e+02   2.1645017e+00
   2.0380000e+03   2.2554422e+02   2.1675992e+00
   2.0390000e+03   2.2798412e+02   2.1706430e+00
   2.0400000e+03   2.3130818e+02   2.1739039e+00
   2.0410000e+03   2.3447332e+02   2.1782207e+00
   2.0420000e+03   2.3722232e+02   2.1815869e+00
   2.0430000e+03   2.3995258e+02   2.1851231e+00
   2.0440000e+03   2.4259252e+02   2.1887307e+00
   2.0450000e+03   2.4536867e+02   2.1930696e+00
   2.0460000e+03   2.4817907e+02   2.1963462e+00
   2.0470000e+03   2.5089762e+02   2.1995088e+00
   2.0480000e+03   2.5320406e+02   2.2032351e+00
   2.0490000e+03   2.5524950e+02   2.2060217e+00
   2.0500000e+03   2.5732838e+02   2.2090214e+00
   2.0510000e+03   2.5940229e+02   2.2121719e+00
   2.0520000e+03   2.6174527e+02   2.2151892e+00
   2.0530000e+03   2.6444935e+02   2.2189863e+00
   2.0540000e+03   2.6714806e+02   2.2231674e+00
   2.0550000e+03   2.6999079e+02   2.2269112e+00
   2.0560000e+03   2.7279016e+02   2.2333383e+00
   2.0570000e+03   2.7585698e+02   2.2384162e+00
   2.0580000e+03   2.7829424e+02   2.2424016e+00
   2.0590000e+03   2.8095676e+02   2.2471890e+00
   2.0600000e+03   2.8365363e+02   2.2513720e+00
   2.0610000e+03   2.8630741e+02   2.2573086e+00
   2.0620000e+03   2.8897669e+02   2.2621745e+00
   2.0630000e+03   2.9149072e+02   2.2667292e+00
   2.0640000e+03   2.9391620e+02   2.2715441e+00
   2.0650000e+03   2.9614616e+02   2.2758957e+00
   2.0660000e+03   2.9851958e+02   2.2804587e+00
   2.0670000e+03   3.0068608e+02   2.2868791e+00
   2.0680000e+03   3.0318362e+02   2.2932162e+00
   2.0690000e+03   3.0565200e+02   2.3020847e+00
   2.0700000e+03   3.0834526e+02   2.3097459e+00
   2.0710000e+03   3.1104053e+02   2.3191865e+00
   2.0720000e+03   3.1385835e+02   2.3275410e+00
   2.0730000e+03   3.1616977e+02   2.3337605e+00
   2.0740000e+03   3.1880941e+02   2.3413992e+00
   2.0750000e+03   3.2128603e+02   2.3489496e+00
   2.0760000e+03   3.2373422e+02   2.3567479e+00
   2.0770000e+03   3.2629396e+02   2.3630137e+00
   2.0780000e+03   3.2849021e+02   2.3713135e+00
   2.0790000e+03   3.3037517e+02   2.3758582e+00
   2.0800000e+03   3.3239934e+02   2.3804249e+00
   2.0810000e+03   3.3430282e+02   2.3841254e+00
   2.0820000e+03   3.3619223e+02   2.3883407e+00
   2.0830000e+03   3.3822611e+02   2.3944120e+00
   2.0840000e+03   3.4016839e+02   2.4028486e+00
   2.0850000e+03   3.4210889e+02   2.4109578e+00
   2.0860000e+03   3.4427454e+02   2.4193666e+00
   2.0870000e+03   3.4652415e+02   2.4277579e+00
   2.0880000e+03   3.4863096e+02   2.4337309e+00
   2.0890000e+03   3.5055265e+02   2.4379746e+00
   2.0900000e+03   3.5258925e+02   2.4434906e+00
   2.0910000e+03   3.5453195e+02   2.4490502e+00
   2.0920000e+03   3.5642816e+02   2.4530595e+00
   2.0930000e+03   3.5837687e+02   2.4569314e+00
   2.0940000e+03   3.6026872e+02   2.4635337e+00
   2.0950000e+03   3.6205925e+02   2.4692057e+00
   2.0960000e+03   3.6394117e+02   2.4745507e+00
   2.0970000e+03   3.6575095e+02   2.4793855e+00
   2.0980000e+03   3.6761431e+02   2.4859211e+00
   2.0990000e+03   3.6948992e+02   2.4920708e+00
   2.1000000e+03   3.7112426e+02   2.4967752e+00
   2.1010000e+03             NaN             NaN
   2.1020000e+03             NaN             NaN
   2.1030000e+03             NaN             NaN
   2.1040000e+03             NaN             NaN
   2.1050000e+03             NaN             NaN
   2.1060000e+03             NaN             NaN
   2.1070000e+03             NaN             NaN
   2.1080000e+03             NaN             NaN
   2.1090000e+03             NaN             NaN
   2.1100000e+03             NaN             NaN
   2.1110000e+03             NaN             NaN
   2.1120000e+03             NaN             NaN
   2.1130000e+03             NaN             NaN
   2.1140000e+03             NaN             NaN
   2.1150000e+03             NaN             NaN
   2.1160000e+03             NaN             NaN
   2.1170000e+03             NaN             NaN
   2.1180000e+03             NaN             NaN
   2.1190000e+03             NaN             NaN
   2.1200000e+03             NaN             NaN
   2.1210000e+03             NaN             NaN
   2.1220000e+03             NaN             NaN
   2.1230000e+03             NaN             NaN
   2.1240000e+03             NaN             NaN
   2.1250000e+03             NaN             NaN
   2.1260000e+03             NaN             NaN
   2.1270000e+03             NaN             NaN
   2.1280000e+03             NaN             NaN
   2.1290000e+03             NaN             NaN
   2.1300000e+03             NaN             NaN
   2.1310000e+03             NaN             NaN
   2.1320000e+03             NaN             NaN
   2.1330000e+03             NaN             NaN
   2.1340000e+03             NaN             NaN
   2.1350000e+03             NaN             NaN
   2.1360000e+03             NaN             NaN
   2.1370000e+03             NaN             NaN
   2.1380000e+03             NaN             NaN
   2.1390000e+03             NaN             NaN
   2.1400000e+03             NaN             NaN
   2.1410000e+03             NaN             NaN
   2.1420000e+03             NaN             NaN
   2.1430000e+03             NaN             NaN
   2.1440000e+03             NaN             NaN
   2.1450000e+03             NaN             NaN
   2.1460000e+03             NaN             NaN
   2.1470000e+03             NaN             NaN
   2.1480000e+03             NaN             NaN
   2.1490000e+03             NaN             NaN
   2.1500000e+03             NaN             NaN
   2.1510000e+03             NaN             NaN
   2.1520000e+03             NaN             NaN
   2.1530000e+03             NaN             NaN
   2.1540000e+03             NaN             NaN
   2.1550000e+03             NaN             NaN
   2.1560000e+03             NaN             NaN
   2.1570000e+03             NaN             NaN
   2.1580000e+03             NaN             NaN
   2.1590000e+03             NaN             NaN
   2.1600000e+03             NaN             NaN
   2.1610000e+03             NaN             NaN
   2.1620000e+03             NaN             NaN
   2.1630000e+03             NaN             NaN
   2.1640000e+03             NaN             NaN
   2.1650000e+03             NaN             NaN
   2.1660000e+03             NaN             NaN
   2.1670000e+03             NaN             NaN
   2.1680000e+03             NaN             NaN
   2.1690000e+03             NaN             NaN
   2.1700000e+03             NaN             NaN
   2.1710000e+03             NaN             NaN
   2.1720000e+03             NaN             NaN
   2.1730000e+03             NaN             NaN
   2.1740000e+03             NaN             NaN
   2.1750000e+03             NaN             NaN
   2.1760000e+03             NaN             NaN
   2.1770000e+03             NaN             NaN
   2.1780000e+03             NaN             NaN
   2.1790000e+03             NaN             NaN
   2.1800000e+03             NaN             NaN
   2.1810000e+03             NaN             NaN
   2.1820000e+03             NaN             NaN
   2.1830000e+03             NaN             NaN
   2.1840000e+03             NaN             NaN
   2.1850000e+03             NaN             NaN
   2.1860000e+03             NaN             NaN
   2.1870000e+03             NaN             NaN
   2.1880000e+03             NaN             NaN
   2.1890000e+03             NaN             NaN
   2.1900000e+03             NaN             NaN
   2.1910000e+03             NaN             NaN
   2.1920000e+03             NaN             NaN
   2.1930000e+03             NaN             NaN
   2.1940000e+03             NaN             NaN
   2.1950000e+03             NaN             NaN
   2.1960000e+03             NaN             NaN
   2.1970000e+03             NaN             NaN
   2.1980000e+03             NaN             NaN
   2.1990000e+03             NaN             NaN
   2.2000000e+03             NaN             NaN
   2.2010000e+03             NaN             NaN
   2.2020000e+03             NaN             NaN
   2.2030000e+03             NaN             NaN
   2.2040000e+03             NaN             NaN
   2.2050000e+03             NaN             NaN
   2.2060000e+03             NaN             NaN
   2.2070000e+03             NaN             NaN
   2.2080000e+03             NaN             NaN
   2.2090000e+03             NaN             NaN
   2.2100000e+03             NaN             NaN
   2.2110000e+03             NaN             NaN
   2.2120000e+03             NaN             NaN
   2.2130000e+03             NaN             NaN
   2.2140000e+03             NaN             NaN
   2.2150000e+03             NaN             NaN
   2.2160000e+03             NaN             NaN
   2.2170000e+03             NaN             NaN
   2.2180000e+03             NaN             NaN
   2.2190000e+03             NaN             NaN
   2.2200000e+03             NaN             NaN
   2.2210000e+03             NaN             NaN
   2.2220000e+03             NaN             NaN
   2.2230000e+03             NaN             NaN
   2.2240000e+03             NaN             NaN
   2.2250000e+03             NaN             NaN
   2.2260000e+03             NaN             NaN
   2.2270000e+03             NaN             NaN
   2.2280000e+03             NaN             NaN
   2.2290000e+03             NaN             NaN
   2.2300000e+03             NaN             NaN
   2.2310000e+03             NaN             NaN
   2.2320000e+03             NaN             NaN
   2.2330000e+03             NaN             NaN
   2.2340000e+03             NaN             NaN
   2.2350000e+03             NaN             NaN
   2.2360000e+03             NaN             NaN
   2.2370000e+03             NaN             NaN
   2.2380000e+03             NaN             NaN
   2.2390000e+03             NaN             NaN
   2.2400000e+03             NaN             NaN
   2.2410000e+03             NaN             NaN
   2.2420000e+03             NaN             NaN
   2.2430000e+03             NaN             NaN
   2.2440000e+03             NaN             NaN
   2.2450000e+03             NaN             NaN
   2.2460000e+03             NaN             NaN
   2.2470000e+03             NaN             NaN
   2.2480000e+03             NaN             NaN
   2.2490000e+03             NaN             NaN
   2.2500000e+03             NaN             NaN
   2.2510000e+03             NaN             NaN
   2.2520000e+03             NaN             NaN
   2.2530000e+03             NaN             NaN
   2.2540000e+03             NaN             NaN
   2.2550000e+03             NaN             NaN
   2.2560000e+03             NaN             NaN
   2.2570000e+03             NaN             NaN
   2.2580000e+03             NaN             NaN
   2.2590000e+03             NaN             NaN
   2.2600000e+03             NaN             NaN
   2.2610000e+03             NaN             NaN
   2.2620000e+03             NaN             NaN
   2.2630000e+03             NaN             NaN
   2.2640000e+03             NaN             NaN
   2.2650000e+03             NaN             NaN
   2.2660000e+03             NaN             NaN
   2.2670000e+03             NaN             NaN
   2.2680000e+03             NaN             NaN
   2.2690000e+03             NaN             NaN
   2.2700000e+03             NaN             NaN
   2.2710000e+03             NaN             NaN
   2.2720000e+03             NaN             NaN
   2.2730000e+03             NaN             NaN
   2.2740000e+03             NaN             NaN
   2.2750000e+03             NaN             NaN
   2.2760000e+03             NaN             NaN
   2.2770000e+03             NaN             NaN
   2.2780000e+03             NaN             NaN
   2.2790000e+03             NaN             NaN
   2.2800000e+03             NaN             NaN
   2.2810000e+03             NaN             NaN
   2.2820000e+03             NaN             NaN
   2.2830000e+03             NaN             NaN
   2.2840000e+03             NaN             NaN
   2.2850000e+03             NaN             NaN
   2.2860000e+03             NaN             NaN
   2.2870000e+03             NaN             NaN
   2.2880000e+03             NaN             NaN
   2.2890000e+03             NaN             NaN
   2.2900000e+03             NaN             NaN
   2.2910000e+03             NaN             NaN
   2.2920000e+03             NaN             NaN
   2.2930000e+03             NaN             NaN
   2.2940000e+03             NaN             NaN
   2.2950000e+03             NaN             NaN
   2.2960000e+03             NaN             NaN
   2.2970000e+03             NaN             NaN
   2.2980000e+03             NaN             NaN
   2.2990000e+03             NaN             NaN
   2.3000000e+03             NaN             NaN
