   1.8500000e+03             NaN             NaN
   1.8510000e+03   2.9902901e+00   4.7045718e+00
   1.8520000e+03   3.6012507e+00   3.8234867e+00
   1.8530000e+03   4.4027369e+00   3.8194299e+00
   1.8540000e+03   5.0807620e+00   3.8175996e+00
   1.8550000e+03   6.2217798e+00   3.8158236e+00
   1.8560000e+03   6.9057462e+00   3.8124588e+00
   1.8570000e+03   8.0764174e+00   3.7963192e+00
   1.8580000e+03   9.2847888e+00   3.7945064e+00
   1.8590000e+03   9.9955231e+00   3.7611440e+00
   1.8600000e+03   1.0599320e+01   3.7578750e+00
   1.8610000e+03   1.1218341e+01   3.7440259e+00
   1.8620000e+03   1.1914348e+01   3.7299512e+00
   1.8630000e+03   1.2735587e+01   3.7265901e+00
   1.8640000e+03   1.3484844e+01   3.7247824e+00
   1.8650000e+03   1.4916341e+01   3.7214438e+00
   1.8660000e+03   1.5167230e+01   3.7181114e+00
   1.8670000e+03   1.5291334e+01   3.7163100e+00
   1.8680000e+03   1.5843523e+01   3.7145518e+00
   1.8690000e+03   1.6844187e+01   3.7127978e+00
   1.8700000e+03   1.7841093e+01   3.7112545e+00
   1.8710000e+03   1.8246453e+01   3.7094173e+00
   1.8720000e+03   1.9146943e+01   3.7074485e+00
   1.8730000e+03   2.0094674e+01   3.7042600e+00
   1.8740000e+03   2.1081069e+01   3.7010730e+00
   1.8750000e+03   2.1858187e+01   3.6979516e+00
   1.8760000e+03   2.2321721e+01   3.6961729e+00
   1.8770000e+03   2.2999656e+01   3.6944059e+00
   1.8780000e+03   2.3612910e+01   3.6926217e+00
   1.8790000e+03   2.4198738e+01   3.6896772e+00
   1.8800000e+03   2.4822525e+01   3.6878949e+00
   1.8810000e+03   2.5328482e+01   3.6861391e+00
   1.8820000e+03   2.6690811e+01   3.6843545e+00
   1.8830000e+03   2.6980272e+01   3.6814991e+00
   1.8840000e+03   2.7169317e+01   3.6797088e+00
   1.8850000e+03   2.7505650e+01   3.6779315e+00
   1.8860000e+03   2.7834751e+01   3.6761283e+00
   1.8870000e+03   2.8899062e+01   3.6743332e+00
   1.8880000e+03   2.9046376e+01   3.6725581e+00
   1.8890000e+03   2.9765367e+01   3.6707648e+00
   1.8900000e+03   3.0639794e+01   3.6689607e+00
   1.8910000e+03   3.1116642e+01   3.6664743e+00
   1.8920000e+03   3.1321775e+01   3.6646616e+00
   1.8930000e+03   3.2010703e+01   3.6628016e+00
   1.8940000e+03   3.2577471e+01   3.6610101e+00
   1.8950000e+03   3.3137788e+01   3.6456041e+00
   1.8960000e+03   3.4067837e+01   3.6437959e+00
   1.8970000e+03   3.4882730e+01   3.6414574e+00
   1.8980000e+03   3.5621235e+01   3.6391477e+00
   1.8990000e+03   3.6116668e+01   3.6368435e+00
   1.9000000e+03   3.6618170e+01   3.6350470e+00
   1.9010000e+03   3.7562784e+01   3.6194870e+00
   1.9020000e+03   3.8287659e+01   3.6176439e+00
   1.9030000e+03   3.8912658e+01   3.6158329e+00
   1.9040000e+03   3.9792075e+01   3.6139953e+00
   1.9050000e+03   4.0045781e+01   3.6118756e+00
   1.9060000e+03   4.0330049e+01   3.6100518e+00
   1.9070000e+03   4.0772207e+01   3.6082494e+00
   1.9080000e+03   4.0852087e+01   3.6064465e+00
   1.9090000e+03   4.1225104e+01   3.6046335e+00
   1.9100000e+03   4.1859957e+01   3.6028302e+00
   1.9110000e+03   4.2233259e+01   3.6015408e+00
   1.9120000e+03   4.2511590e+01   3.5997336e+00
   1.9130000e+03   4.2928888e+01   3.5979277e+00
   1.9140000e+03   4.3147763e+01   3.5960703e+00
   1.9150000e+03   4.3268225e+01   3.5942502e+00
   1.9160000e+03   4.3657076e+01   3.5924051e+00
   1.9170000e+03   4.3990319e+01   3.5905910e+00
   1.9180000e+03   4.4722240e+01   3.5887686e+00
   1.9190000e+03   4.5016214e+01   3.5868101e+00
   1.9200000e+03   4.5172537e+01   3.5853866e+00
   1.9210000e+03   4.5641446e+01   3.5835698e+00
   1.9220000e+03   4.6334886e+01   3.5816996e+00
   1.9230000e+03   4.7318698e+01   3.5797822e+00
   1.9240000e+03   5.0114569e+01   3.5778338e+00
   1.9250000e+03   5.1173679e+01   3.5120598e+00
   1.9260000e+03   5.4308966e+01   3.4921891e+00
   1.9270000e+03   5.5360786e+01   3.1969438e+00
   1.9280000e+03   5.7023464e+01   3.1789678e+00
   1.9290000e+03   5.8153384e+01   3.1514019e+00
   1.9300000e+03   6.0270618e+01   3.1285752e+00
   1.9310000e+03   6.1677620e+01   2.9670763e+00
   1.9320000e+03   6.2270737e+01   2.8844411e+00
   1.9330000e+03   6.4040745e+01   2.8820853e+00
   1.9340000e+03   6.4277370e+01   2.7610498e+00
   1.9350000e+03   6.5054035e+01   2.7586363e+00
   1.9360000e+03   6.7326385e+01   2.7419002e+00
   1.9370000e+03   6.9178127e+01   2.6288601e+00
   1.9380000e+03   7.0892207e+01   2.5817530e+00
   1.9390000e+03   7.2007576e+01   2.4879562e+00
   1.9400000e+03   7.2813289e+01   2.3883639e+00
   1.9410000e+03   7.5066711e+01   2.3686759e+00
   1.9420000e+03   7.6325587e+01   1.9782179e+00
   1.9430000e+03   7.7181368e+01   1.9493945e+00
   1.9440000e+03   7.7647934e+01   1.9295982e+00
   1.9450000e+03   7.8569711e+01   1.9270445e+00
   1.9460000e+03   7.9696556e+01   1.9236717e+00
   1.9470000e+03   8.0856148e+01   1.8968280e+00
   1.9480000e+03   8.1831512e+01   1.8786865e+00
   1.9490000e+03   8.3899291e+01   1.8599250e+00
   1.9500000e+03   8.5259697e+01   1.6933950e+00
   1.9510000e+03   8.5925698e+01   1.6367055e+00
   1.9520000e+03   8.6412219e+01   1.6327104e+00
   1.9530000e+03   8.6557088e+01   1.6287618e+00
   1.9540000e+03   8.7120376e+01   1.6127734e+00
   1.9550000e+03   8.7498537e+01   1.5956056e+00
   1.9560000e+03   8.8002916e+01   1.5915718e+00
   1.9570000e+03   8.8251665e+01   1.5875350e+00
   1.9580000e+03   8.9174907e+01   1.5827264e+00
   1.9590000e+03   8.9734080e+01   1.5786525e+00
   1.9600000e+03   9.0360473e+01   1.5746170e+00
   1.9610000e+03   9.1201277e+01   1.5705562e+00
   1.9620000e+03   9.1896945e+01   1.5665118e+00
   1.9630000e+03   9.2931325e+01   1.5548942e+00
   1.9640000e+03   9.3526668e+01   1.5404005e+00
   1.9650000e+03   9.4450134e+01   1.5362349e+00
   1.9660000e+03   9.5105589e+01   1.5031352e+00
   1.9670000e+03   9.5787633e+01   1.4988960e+00
   1.9680000e+03   9.5718685e+01   1.4946107e+00
   1.9690000e+03   9.5801998e+01   1.4904100e+00
   1.9700000e+03   9.6135202e+01   1.4861093e+00
   1.9710000e+03   9.6465614e+01   1.4818376e+00
   1.9720000e+03   9.6721816e+01   1.4775973e+00
   1.9730000e+03   9.7136237e+01   1.4731101e+00
   1.9740000e+03   9.7288946e+01   1.4688915e+00
   1.9750000e+03   9.7935817e+01   1.4646361e+00
   1.9760000e+03   9.8639936e+01   1.4539033e+00
   1.9770000e+03   9.9862097e+01   1.4208275e+00
   1.9780000e+03   1.0102755e+02   1.2150435e+00
   1.9790000e+03   1.0147843e+02   1.1687878e+00
   1.9800000e+03   1.0320608e+02   1.1629757e+00
   1.9810000e+03   1.0414772e+02   1.0755608e+00
   1.9820000e+03   1.0502534e+02   1.0615865e+00
   1.9830000e+03   1.0522975e+02   9.7541161e-01
   1.9840000e+03   1.0623339e+02   9.6894268e-01
   1.9850000e+03   1.0702032e+02   9.1228081e-01
   1.9860000e+03   1.0760970e+02   6.8235934e-01
   1.9870000e+03   1.0797049e+02   6.7312426e-01
   1.9880000e+03   1.0864670e+02   6.6368094e-01
   1.9890000e+03   1.1009814e+02   6.5518095e-01
   1.9900000e+03   1.1123895e+02   5.4674415e-01
   1.9910000e+03   1.1232669e+02   5.1290357e-01
   1.9920000e+03   1.1331449e+02   4.5588361e-01
   1.9930000e+03   1.1369884e+02   4.1315993e-01
   1.9940000e+03   1.1440239e+02   3.9788390e-01
   1.9950000e+03   1.1485778e+02   3.8195562e-01
   1.9960000e+03   1.1528437e+02   3.6529937e-01
   1.9970000e+03   1.1599646e+02   3.4921545e-01
   1.9980000e+03   1.1704389e+02   3.3080663e-01
   1.9990000e+03   1.1782571e+02   3.1152197e-01
   2.0000000e+03   1.1882436e+02   2.9106497e-01
   2.0010000e+03   1.2028200e+02   2.6485280e-01
   2.0020000e+03   1.2136145e+02   1.9867465e-01
   2.0030000e+03   1.2194962e+02   1.9303879e-01
   2.0040000e+03   1.2224791e+02   1.9399832e-01
   2.0050000e+03   1.2299889e+02   1.9855349e-01
   2.0060000e+03   1.2390132e+02   1.9963923e-01
   2.0070000e+03   1.2511131e+02   2.2347676e-01
   2.0080000e+03   1.2619284e+02   2.4549319e-01
   2.0090000e+03   1.2699850e+02   2.6918128e-01
   2.0100000e+03   1.2781656e+02   2.9109020e-01
   2.0110000e+03   1.2837790e+02   3.1144708e-01
   2.0120000e+03   1.2941374e+02   3.3071127e-01
   2.0130000e+03   1.3060918e+02   3.7430108e-01
   2.0140000e+03   1.3145415e+02   3.9238685e-01
   2.0150000e+03   1.3257264e+02   4.0778178e-01
   2.0160000e+03   1.3392277e+02   4.2259660e-01
   2.0170000e+03   1.3541879e+02   6.7715030e-01
   2.0180000e+03   1.3666940e+02   6.9672811e-01
   2.0190000e+03   1.3819434e+02   7.1848509e-01
   2.0200000e+03   1.3953912e+02   7.4692417e-01
   2.0210000e+03   1.4184837e+02   9.6419429e-01
   2.0220000e+03   1.4423544e+02   9.7293534e-01
   2.0230000e+03   1.4600606e+02   9.7947142e-01
   2.0240000e+03   1.4769373e+02   9.8647536e-01
   2.0250000e+03   1.5000004e+02   9.9529779e-01
   2.0260000e+03   1.5211967e+02   1.0028942e+00
   2.0270000e+03   1.5440623e+02   1.0121667e+00
   2.0280000e+03   1.5707403e+02   1.0225238e+00
   2.0290000e+03   1.5922775e+02   1.0299700e+00
   2.0300000e+03   1.6153511e+02   1.0402219e+00
   2.0310000e+03   1.6424149e+02   1.0527505e+00
   2.0320000e+03   1.6617303e+02   1.0650736e+00
   2.0330000e+03   1.6870645e+02   1.0726942e+00
   2.0340000e+03   1.7148758e+02   1.0842869e+00
   2.0350000e+03   1.7444769e+02   1.0990305e+00
   2.0360000e+03   1.7704282e+02   1.1126712e+00
   2.0370000e+03   1.7958703e+02   1.1376657e+00
   2.0380000e+03   1.8253888e+02   1.1624449e+00
   2.0390000e+03   1.8603241e+02   1.1887352e+00
   2.0400000e+03   1.8918808e+02   1.2147752e+00
   2.0410000e+03   1.9165204e+02   1.2332065e+00
   2.0420000e+03   1.9397908e+02   1.2619003e+00
   2.0430000e+03   1.9670176e+02   1.3010990e+00
   2.0440000e+03   1.9947917e+02   1.3194320e+00
   2.0450000e+03   2.0215466e+02   1.3447827e+00
   2.0460000e+03   2.0523355e+02   1.3884545e+00
   2.0470000e+03   2.0806592e+02   1.4254613e+00
   2.0480000e+03   2.1073176e+02   1.4701609e+00
   2.0490000e+03   2.1365368e+02   1.5213934e+00
   2.0500000e+03   2.1647599e+02   1.6221766e+00
   2.0510000e+03   2.1911175e+02   1.6640817e+00
   2.0520000e+03   2.2185297e+02   1.7608756e+00
   2.0530000e+03   2.2469859e+02   1.8280651e+00
   2.0540000e+03   2.2777480e+02   1.9531780e+00
   2.0550000e+03   2.3051291e+02   2.1086168e+00
   2.0560000e+03   2.3371749e+02   2.2969437e+00
   2.0570000e+03   2.3657832e+02   2.3850946e+00
   2.0580000e+03   2.4027553e+02   2.5319235e+00
   2.0590000e+03   2.4342066e+02   2.6934296e+00
   2.0600000e+03   2.4678420e+02   2.8273830e+00
   2.0610000e+03   2.4998504e+02   2.9788906e+00
   2.0620000e+03   2.5318618e+02   3.1230289e+00
   2.0630000e+03   2.5644019e+02   3.4617811e+00
   2.0640000e+03   2.5971428e+02   3.6406744e+00
   2.0650000e+03   2.6325080e+02   3.8272087e+00
   2.0660000e+03   2.6655627e+02   4.0574528e+00
   2.0670000e+03   2.6977239e+02   4.2580779e+00
   2.0680000e+03   2.7315058e+02   4.2867553e+00
   2.0690000e+03   2.7639434e+02   4.2903372e+00
   2.0700000e+03   2.7974669e+02   4.2937171e+00
   2.0710000e+03   2.8280902e+02   4.2974695e+00
   2.0720000e+03   2.8578586e+02   4.3006751e+00
   2.0730000e+03   2.8908263e+02   4.3041903e+00
   2.0740000e+03   2.9222372e+02   4.3087446e+00
   2.0750000e+03   2.9534738e+02   4.3143376e+00
   2.0760000e+03   2.9860075e+02   4.3198097e+00
   2.0770000e+03   3.0176911e+02   4.3296408e+00
   2.0780000e+03   3.0500629e+02   4.3341416e+00
   2.0790000e+03   3.0830283e+02   4.3380096e+00
   2.0800000e+03   3.1149662e+02   4.3434313e+00
   2.0810000e+03   3.1482544e+02   4.3482513e+00
   2.0820000e+03   3.1781355e+02   4.3550700e+00
   2.0830000e+03   3.2107241e+02   4.3645061e+00
   2.0840000e+03   3.2464443e+02   4.3828025e+00
   2.0850000e+03   3.2828379e+02   4.3903055e+00
   2.0860000e+03   3.3191012e+02   4.4022272e+00
   2.0870000e+03   3.3557024e+02   4.4129230e+00
   2.0880000e+03   3.3900421e+02   4.4206153e+00
   2.0890000e+03   3.4248377e+02   4.4256474e+00
   2.0900000e+03   3.4551514e+02   4.4278914e+00
   2.0910000e+03   3.4903349e+02   4.4299191e+00
   2.0920000e+03   3.5254683e+02   4.4322188e+00
   2.0930000e+03   3.5592763e+02   4.4348584e+00
   2.0940000e+03   3.5926126e+02   4.4376833e+00
   2.0950000e+03   3.6218203e+02   4.4400607e+00
   2.0960000e+03   3.6558590e+02   4.4425574e+00
   2.0970000e+03   3.6896855e+02   4.4448425e+00
   2.0980000e+03   3.7238455e+02   4.4476255e+00
   2.0990000e+03   3.7588601e+02   4.4504668e+00
   2.1000000e+03   3.7888339e+02   4.4531805e+00
   2.1010000e+03             NaN             NaN
   2.1020000e+03             NaN             NaN
   2.1030000e+03             NaN             NaN
   2.1040000e+03             NaN             NaN
   2.1050000e+03             NaN             NaN
   2.1060000e+03             NaN             NaN
   2.1070000e+03             NaN             NaN
   2.1080000e+03             NaN             NaN
   2.1090000e+03             NaN             NaN
   2.1100000e+03             NaN             NaN
   2.1110000e+03             NaN             NaN
   2.1120000e+03             NaN             NaN
   2.1130000e+03             NaN             NaN
   2.1140000e+03             NaN             NaN
   2.1150000e+03             NaN             NaN
   2.1160000e+03             NaN             NaN
   2.1170000e+03             NaN             NaN
   2.1180000e+03             NaN             NaN
   2.1190000e+03             NaN             NaN
   2.1200000e+03             NaN             NaN
   2.1210000e+03             NaN             NaN
   2.1220000e+03             NaN             NaN
   2.1230000e+03             NaN             NaN
   2.1240000e+03             NaN             NaN
   2.1250000e+03             NaN             NaN
   2.1260000e+03             NaN             NaN
   2.1270000e+03             NaN             NaN
   2.1280000e+03             NaN             NaN
   2.1290000e+03             NaN             NaN
   2.1300000e+03             NaN             NaN
   2.1310000e+03             NaN             NaN
   2.1320000e+03             NaN             NaN
   2.1330000e+03             NaN             NaN
   2.1340000e+03             NaN             NaN
   2.1350000e+03             NaN             NaN
   2.1360000e+03             NaN             NaN
   2.1370000e+03             NaN             NaN
   2.1380000e+03             NaN             NaN
   2.1390000e+03             NaN             NaN
   2.1400000e+03             NaN             NaN
   2.1410000e+03             NaN             NaN
   2.1420000e+03             NaN             NaN
   2.1430000e+03             NaN             NaN
   2.1440000e+03             NaN             NaN
   2.1450000e+03             NaN             NaN
   2.1460000e+03             NaN             NaN
   2.1470000e+03             NaN             NaN
   2.1480000e+03             NaN             NaN
   2.1490000e+03             NaN             NaN
   2.1500000e+03             NaN             NaN
   2.1510000e+03             NaN             NaN
   2.1520000e+03             NaN             NaN
   2.1530000e+03             NaN             NaN
   2.1540000e+03             NaN             NaN
   2.1550000e+03             NaN             NaN
   2.1560000e+03             NaN             NaN
   2.1570000e+03             NaN             NaN
   2.1580000e+03             NaN             NaN
   2.1590000e+03             NaN             NaN
   2.1600000e+03             NaN             NaN
   2.1610000e+03             NaN             NaN
   2.1620000e+03             NaN             NaN
   2.1630000e+03             NaN             NaN
   2.1640000e+03             NaN             NaN
   2.1650000e+03             NaN             NaN
   2.1660000e+03             NaN             NaN
   2.1670000e+03             NaN             NaN
   2.1680000e+03             NaN             NaN
   2.1690000e+03             NaN             NaN
   2.1700000e+03             NaN             NaN
   2.1710000e+03             NaN             NaN
   2.1720000e+03             NaN             NaN
   2.1730000e+03             NaN             NaN
   2.1740000e+03             NaN             NaN
   2.1750000e+03             NaN             NaN
   2.1760000e+03             NaN             NaN
   2.1770000e+03             NaN             NaN
   2.1780000e+03             NaN             NaN
   2.1790000e+03             NaN             NaN
   2.1800000e+03             NaN             NaN
   2.1810000e+03             NaN             NaN
   2.1820000e+03             NaN             NaN
   2.1830000e+03             NaN             NaN
   2.1840000e+03             NaN             NaN
   2.1850000e+03             NaN             NaN
   2.1860000e+03             NaN             NaN
   2.1870000e+03             NaN             NaN
   2.1880000e+03             NaN             NaN
   2.1890000e+03             NaN             NaN
   2.1900000e+03             NaN             NaN
   2.1910000e+03             NaN             NaN
   2.1920000e+03             NaN             NaN
   2.1930000e+03             NaN             NaN
   2.1940000e+03             NaN             NaN
   2.1950000e+03             NaN             NaN
   2.1960000e+03             NaN             NaN
   2.1970000e+03             NaN             NaN
   2.1980000e+03             NaN             NaN
   2.1990000e+03             NaN             NaN
   2.2000000e+03             NaN             NaN
   2.2010000e+03             NaN             NaN
   2.2020000e+03             NaN             NaN
   2.2030000e+03             NaN             NaN
   2.2040000e+03             NaN             NaN
   2.2050000e+03             NaN             NaN
   2.2060000e+03             NaN             NaN
   2.2070000e+03             NaN             NaN
   2.2080000e+03             NaN             NaN
   2.2090000e+03             NaN             NaN
   2.2100000e+03             NaN             NaN
   2.2110000e+03             NaN             NaN
   2.2120000e+03             NaN             NaN
   2.2130000e+03             NaN             NaN
   2.2140000e+03             NaN             NaN
   2.2150000e+03             NaN             NaN
   2.2160000e+03             NaN             NaN
   2.2170000e+03             NaN             NaN
   2.2180000e+03             NaN             NaN
   2.2190000e+03             NaN             NaN
   2.2200000e+03             NaN             NaN
   2.2210000e+03             NaN             NaN
   2.2220000e+03             NaN             NaN
   2.2230000e+03             NaN             NaN
   2.2240000e+03             NaN             NaN
   2.2250000e+03             NaN             NaN
   2.2260000e+03             NaN             NaN
   2.2270000e+03             NaN             NaN
   2.2280000e+03             NaN             NaN
   2.2290000e+03             NaN             NaN
   2.2300000e+03             NaN             NaN
   2.2310000e+03             NaN             NaN
   2.2320000e+03             NaN             NaN
   2.2330000e+03             NaN             NaN
   2.2340000e+03             NaN             NaN
   2.2350000e+03             NaN             NaN
   2.2360000e+03             NaN             NaN
   2.2370000e+03             NaN             NaN
   2.2380000e+03             NaN             NaN
   2.2390000e+03             NaN             NaN
   2.2400000e+03             NaN             NaN
   2.2410000e+03             NaN             NaN
   2.2420000e+03             NaN             NaN
   2.2430000e+03             NaN             NaN
   2.2440000e+03             NaN             NaN
   2.2450000e+03             NaN             NaN
   2.2460000e+03             NaN             NaN
   2.2470000e+03             NaN             NaN
   2.2480000e+03             NaN             NaN
   2.2490000e+03             NaN             NaN
   2.2500000e+03             NaN             NaN
   2.2510000e+03             NaN             NaN
   2.2520000e+03             NaN             NaN
   2.2530000e+03             NaN             NaN
   2.2540000e+03             NaN             NaN
   2.2550000e+03             NaN             NaN
   2.2560000e+03             NaN             NaN
   2.2570000e+03             NaN             NaN
   2.2580000e+03             NaN             NaN
   2.2590000e+03             NaN             NaN
   2.2600000e+03             NaN             NaN
   2.2610000e+03             NaN             NaN
   2.2620000e+03             NaN             NaN
   2.2630000e+03             NaN             NaN
   2.2640000e+03             NaN             NaN
   2.2650000e+03             NaN             NaN
   2.2660000e+03             NaN             NaN
   2.2670000e+03             NaN             NaN
   2.2680000e+03             NaN             NaN
   2.2690000e+03             NaN             NaN
   2.2700000e+03             NaN             NaN
   2.2710000e+03             NaN             NaN
   2.2720000e+03             NaN             NaN
   2.2730000e+03             NaN             NaN
   2.2740000e+03             NaN             NaN
   2.2750000e+03             NaN             NaN
   2.2760000e+03             NaN             NaN
   2.2770000e+03             NaN             NaN
   2.2780000e+03             NaN             NaN
   2.2790000e+03             NaN             NaN
   2.2800000e+03             NaN             NaN
   2.2810000e+03             NaN             NaN
   2.2820000e+03             NaN             NaN
   2.2830000e+03             NaN             NaN
   2.2840000e+03             NaN             NaN
   2.2850000e+03             NaN             NaN
   2.2860000e+03             NaN             NaN
   2.2870000e+03             NaN             NaN
   2.2880000e+03             NaN             NaN
   2.2890000e+03             NaN             NaN
   2.2900000e+03             NaN             NaN
   2.2910000e+03             NaN             NaN
   2.2920000e+03             NaN             NaN
   2.2930000e+03             NaN             NaN
   2.2940000e+03             NaN             NaN
   2.2950000e+03             NaN             NaN
   2.2960000e+03             NaN             NaN
   2.2970000e+03             NaN             NaN
   2.2980000e+03             NaN             NaN
   2.2990000e+03             NaN             NaN
   2.3000000e+03             NaN             NaN
