   1.8500000e+03             NaN             NaN
   1.8510000e+03   1.0437726e+00   8.3175333e+00
   1.8520000e+03   2.8230632e+00   8.2980580e+00
   1.8530000e+03   5.2746400e+00   8.2732507e+00
   1.8540000e+03   6.9686495e+00   8.1569055e+00
   1.8550000e+03   8.1795702e+00   8.1089803e+00
   1.8560000e+03   9.2255601e+00   8.0785855e+00
   1.8570000e+03   9.8715904e+00   8.0550261e+00
   1.8580000e+03   1.0892075e+01   8.0485721e+00
   1.8590000e+03   1.2194899e+01   8.0315285e+00
   1.8600000e+03   1.3795026e+01   8.0034860e+00
   1.8610000e+03   1.5787738e+01   7.9944909e+00
   1.8620000e+03   1.7156894e+01   7.9682807e+00
   1.8630000e+03   1.7832030e+01   7.9506705e+00
   1.8640000e+03   1.8781152e+01   7.9338900e+00
   1.8650000e+03   2.0849299e+01   7.9173746e+00
   1.8660000e+03   2.2591841e+01   7.8890848e+00
   1.8670000e+03   2.5706116e+01   7.8588248e+00
   1.8680000e+03   3.0263657e+01   7.8283914e+00
   1.8690000e+03   3.2857681e+01   7.7455808e+00
   1.8700000e+03   3.5122624e+01   7.7144772e+00
   1.8710000e+03   3.6524686e+01   7.6853185e+00
   1.8720000e+03   3.8375470e+01   7.6660300e+00
   1.8730000e+03   4.0971898e+01   7.6393145e+00
   1.8740000e+03   4.3392209e+01   7.6044386e+00
   1.8750000e+03   4.6165363e+01   7.5758575e+00
   1.8760000e+03   4.7296587e+01   7.4810038e+00
   1.8770000e+03   5.2764823e+01   7.4579777e+00
   1.8780000e+03   5.4476983e+01   7.0480645e+00
   1.8790000e+03   5.6460390e+01   7.0231825e+00
   1.8800000e+03   5.9899254e+01   7.0141535e+00
   1.8810000e+03   6.4198880e+01   6.8673316e+00
   1.8820000e+03   6.7167251e+01   6.2483226e+00
   1.8830000e+03   6.8987236e+01   6.2109175e+00
   1.8840000e+03   7.0357235e+01   6.1829943e+00
   1.8850000e+03   7.1066942e+01   6.1601119e+00
   1.8860000e+03   7.1298349e+01   6.1410294e+00
   1.8870000e+03   7.2805699e+01   6.1252691e+00
   1.8880000e+03   7.2605610e+01   6.0784507e+00
   1.8890000e+03   7.3151324e+01   6.0625330e+00
   1.8900000e+03   7.3454360e+01   6.0411403e+00
   1.8910000e+03   7.3877413e+01   6.0233764e+00
   1.8920000e+03   7.4660148e+01   6.0085490e+00
   1.8930000e+03   7.5477613e+01   5.9941054e+00
   1.8940000e+03   7.6632968e+01   5.9928422e+00
   1.8950000e+03   7.9820339e+01   5.9725675e+00
   1.8960000e+03   8.4547684e+01   5.9271082e+00
   1.8970000e+03   8.5779095e+01   4.1377144e+00
   1.8980000e+03   8.6954690e+01   4.1313888e+00
   1.8990000e+03   8.8590835e+01   4.0936087e+00
   1.9000000e+03   8.9816025e+01   4.0257594e+00
   1.9010000e+03   9.0418821e+01   3.8497436e+00
   1.9020000e+03   9.2203446e+01   3.8302256e+00
   1.9030000e+03   9.3445567e+01   3.7898628e+00
   1.9040000e+03   9.3687476e+01   3.7169839e+00
   1.9050000e+03   9.4195473e+01   3.7022178e+00
   1.9060000e+03   9.6625699e+01   3.6858890e+00
   1.9070000e+03   9.7787489e+01   3.3268117e+00
   1.9080000e+03   9.8435454e+01   3.3099334e+00
   1.9090000e+03   1.0009682e+02   3.3064144e+00
   1.9100000e+03   1.0080078e+02   3.2884608e+00
   1.9110000e+03   1.0161860e+02   3.2752051e+00
   1.9120000e+03   1.0264900e+02   3.2731245e+00
   1.9130000e+03   1.0350347e+02   3.2705071e+00
   1.9140000e+03   1.0497971e+02   3.2684419e+00
   1.9150000e+03   1.0635817e+02   3.2571094e+00
   1.9160000e+03   1.0729937e+02   3.2450743e+00
   1.9170000e+03   1.0961972e+02   3.2350209e+00
   1.9180000e+03   1.1075594e+02   3.2134683e+00
   1.9190000e+03   1.1188139e+02   3.2041338e+00
   1.9200000e+03   1.1251628e+02   3.2018067e+00
   1.9210000e+03   1.1363672e+02   3.1996287e+00
   1.9220000e+03   1.1457509e+02   2.9806592e+00
   1.9230000e+03   1.1646342e+02   2.9732429e+00
   1.9240000e+03   1.1752616e+02   2.9581679e+00
   1.9250000e+03   1.1781541e+02   2.9554004e+00
   1.9260000e+03   1.1833215e+02   2.9530333e+00
   1.9270000e+03   1.1907618e+02   2.9467690e+00
   1.9280000e+03   1.2079903e+02   2.9444420e+00
   1.9290000e+03   1.2131584e+02   2.9418965e+00
   1.9300000e+03   1.2227292e+02   2.9395914e+00
   1.9310000e+03   1.2294065e+02   2.9372393e+00
   1.9320000e+03   1.2430571e+02   2.9349534e+00
   1.9330000e+03   1.2509476e+02   2.9326698e+00
   1.9340000e+03   1.2561129e+02   2.9302532e+00
   1.9350000e+03   1.2654331e+02   2.9061213e+00
   1.9360000e+03   1.2785948e+02   2.9012847e+00
   1.9370000e+03   1.2869194e+02   2.8993714e+00
   1.9380000e+03   1.3151001e+02   2.8937836e+00
   1.9390000e+03   1.3278445e+02   1.3459046e+00
   1.9400000e+03   1.3380560e+02   1.3408324e+00
   1.9410000e+03   1.3468863e+02   1.3358993e+00
   1.9420000e+03   1.3601922e+02   1.3308353e+00
   1.9430000e+03   1.3680658e+02   1.3257768e+00
   1.9440000e+03   1.3753580e+02   1.3208090e+00
   1.9450000e+03   1.3818626e+02   1.3156600e+00
   1.9460000e+03   1.3858377e+02   1.3106150e+00
   1.9470000e+03   1.3918895e+02   1.3058285e+00
   1.9480000e+03   1.4006312e+02   1.3008655e+00
   1.9490000e+03   1.4087138e+02   1.2942077e+00
   1.9500000e+03   1.4127867e+02   1.2891027e+00
   1.9510000e+03   1.4214132e+02   1.2841084e+00
   1.9520000e+03   1.4321340e+02   1.2736820e+00
   1.9530000e+03   1.4428978e+02   1.2687029e+00
   1.9540000e+03   1.4560593e+02   1.1956754e+00
   1.9550000e+03   1.4639573e+02   8.3185088e-01
   1.9560000e+03   1.4741119e+02   8.2398226e-01
   1.9570000e+03   1.4777620e+02   8.1601767e-01
   1.9580000e+03   1.4813971e+02   8.0911643e-01
   1.9590000e+03   1.4897895e+02   8.0111299e-01
   1.9600000e+03   1.4965828e+02   7.9300526e-01
   1.9610000e+03   1.5025675e+02   7.8345042e-01
   1.9620000e+03   1.5109946e+02   7.7516311e-01
   1.9630000e+03   1.5198486e+02   7.6805542e-01
   1.9640000e+03   1.5234213e+02   7.5973235e-01
   1.9650000e+03   1.5316367e+02   7.5134134e-01
   1.9660000e+03   1.5369370e+02   7.4276398e-01
   1.9670000e+03   1.5383856e+02   7.3407134e-01
   1.9680000e+03   1.5390242e+02   7.2528820e-01
   1.9690000e+03   1.5457211e+02   7.1648143e-01
   1.9700000e+03   1.5494909e+02   7.0755394e-01
   1.9710000e+03   1.5529069e+02   6.9855059e-01
   1.9720000e+03   1.5528724e+02   6.8942013e-01
   1.9730000e+03   1.5596554e+02   6.8016744e-01
   1.9740000e+03   1.5725727e+02   6.7085956e-01
   1.9750000e+03   1.5773034e+02   6.6125056e-01
   1.9760000e+03   1.5823719e+02   6.5159840e-01
   1.9770000e+03   1.5838517e+02   6.4189703e-01
   1.9780000e+03   1.5895214e+02   6.3208866e-01
   1.9790000e+03   1.5944186e+02   6.2296908e-01
   1.9800000e+03   1.6000582e+02   6.1278427e-01
   1.9810000e+03   1.6017177e+02   6.0240694e-01
   1.9820000e+03   1.6053992e+02   5.9174961e-01
   1.9830000e+03   1.6082039e+02   5.8105656e-01
   1.9840000e+03   1.6123722e+02   5.7019480e-01
   1.9850000e+03   1.6225186e+02   5.5909425e-01
   1.9860000e+03   1.6315551e+02   5.4776030e-01
   1.9870000e+03   1.6419707e+02   5.3624221e-01
   1.9880000e+03   1.6456937e+02   4.7290231e-01
   1.9890000e+03   1.6569408e+02   4.5961049e-01
   1.9900000e+03   1.6680153e+02   4.4595105e-01
   1.9910000e+03   1.6736728e+02   4.3179246e-01
   1.9920000e+03   1.6762553e+02   4.2134566e-01
   1.9930000e+03   1.6814480e+02   4.0633837e-01
   1.9940000e+03   1.6902201e+02   3.9079654e-01
   1.9950000e+03   1.7000929e+02   3.7458054e-01
   1.9960000e+03   1.7102229e+02   3.5774073e-01
   1.9970000e+03   1.7224423e+02   3.4011074e-01
   1.9980000e+03   1.7311143e+02   3.2146375e-01
   1.9990000e+03   1.7425312e+02   3.0168860e-01
   2.0000000e+03   1.7582543e+02   2.8055402e-01
   2.0010000e+03   1.7703772e+02   2.5769971e-01
   2.0020000e+03   1.7888806e+02   2.3300167e-01
   2.0030000e+03   1.8047060e+02   2.2873950e-01
   2.0040000e+03   1.8170109e+02   2.2954299e-01
   2.0050000e+03   1.8400765e+02   2.3039612e-01
   2.0060000e+03   1.8632732e+02   1.9948673e-01
   2.0070000e+03   1.8818096e+02   2.2318817e-01
   2.0080000e+03   1.8941204e+02   2.4464107e-01
   2.0090000e+03   1.9074723e+02   2.6826509e-01
   2.0100000e+03   1.9214097e+02   2.8414918e-01
   2.0110000e+03   1.9452343e+02   3.0512858e-01
   2.0120000e+03   1.9656112e+02   3.2477774e-01
   2.0130000e+03   1.9804566e+02   3.4319795e-01
   2.0140000e+03   1.9930148e+02   3.6056118e-01
   2.0150000e+03   2.0100189e+02   3.7720170e-01
   2.0160000e+03   2.0267390e+02   3.9310627e-01
   2.0170000e+03   2.0436483e+02   4.0845647e-01
   2.0180000e+03   2.0609520e+02   4.2327193e-01
   2.0190000e+03   2.0733413e+02   4.3755403e-01
   2.0200000e+03   2.1007109e+02   5.2933143e-01
   2.0210000e+03   2.1177212e+02   5.4083552e-01
   2.0220000e+03   2.1385138e+02   5.5206635e-01
   2.0230000e+03   2.1648922e+02   5.6326638e-01
   2.0240000e+03   2.1829600e+02   5.7409006e-01
   2.0250000e+03   2.1991219e+02   5.8473849e-01
   2.0260000e+03   2.2264478e+02   5.9638528e-01
   2.0270000e+03   2.2487795e+02   6.0696467e-01
   2.0280000e+03   2.2643292e+02   6.2069889e-01
   2.0290000e+03   2.2804276e+02   6.3049451e-01
   2.0300000e+03   2.3018401e+02   6.6738968e-01
   2.0310000e+03   2.3240643e+02   6.7693146e-01
   2.0320000e+03   2.3566366e+02   1.4942752e+00
   2.0330000e+03   2.3789121e+02   1.5773192e+00
   2.0340000e+03   2.4023461e+02   1.5814491e+00
   2.0350000e+03   2.4249230e+02   1.5858018e+00
   2.0360000e+03   2.4501553e+02   1.5898557e+00
   2.0370000e+03   2.4726191e+02   1.5936905e+00
   2.0380000e+03   2.4980840e+02   1.5974828e+00
   2.0390000e+03   2.5166106e+02   1.6012263e+00
   2.0400000e+03   2.5357320e+02   1.6049625e+00
   2.0410000e+03   2.5577395e+02   1.6087113e+00
   2.0420000e+03   2.5748774e+02   1.6124221e+00
   2.0430000e+03   2.5931222e+02   1.6161464e+00
   2.0440000e+03   2.6210811e+02   1.6199475e+00
   2.0450000e+03   2.6490088e+02   1.6239294e+00
   2.0460000e+03   2.6716377e+02   1.6276467e+00
   2.0470000e+03   2.6945700e+02   1.6313538e+00
   2.0480000e+03   2.7144389e+02   1.6350281e+00
   2.0490000e+03   2.7367313e+02   1.6387240e+00
   2.0500000e+03   2.7600825e+02   1.6424291e+00
   2.0510000e+03   2.7803778e+02   1.6461126e+00
   2.0520000e+03   2.8051636e+02   1.6498649e+00
   2.0530000e+03   2.8315678e+02   1.6535790e+00
   2.0540000e+03   2.8531465e+02   1.6572668e+00
   2.0550000e+03   2.8701320e+02   1.6608430e+00
   2.0560000e+03   2.8899273e+02   1.6645520e+00
   2.0570000e+03   2.9091683e+02   1.6681289e+00
   2.0580000e+03   2.9298577e+02   1.6717992e+00
   2.0590000e+03   2.9478673e+02   1.6754673e+00
   2.0600000e+03   2.9735223e+02   1.6791841e+00
   2.0610000e+03   2.9925891e+02   1.6829091e+00
   2.0620000e+03   3.0126192e+02   1.6865992e+00
   2.0630000e+03   3.0282882e+02   1.6901401e+00
   2.0640000e+03   3.0469891e+02   1.6937346e+00
   2.0650000e+03   3.0663225e+02   1.6974217e+00
   2.0660000e+03   3.0892715e+02   1.7011844e+00
   2.0670000e+03   3.1065328e+02   1.7047537e+00
   2.0680000e+03   3.1265983e+02   1.7083316e+00
   2.0690000e+03   3.1452616e+02   1.7118723e+00
   2.0700000e+03   3.1647893e+02   1.7153723e+00
   2.0710000e+03   3.1821015e+02   1.7188413e+00
   2.0720000e+03   3.2026084e+02   1.7224529e+00
   2.0730000e+03   3.2207690e+02   1.7259357e+00
   2.0740000e+03   3.2343566e+02   1.7293520e+00
   2.0750000e+03   3.2525000e+02   1.7329173e+00
   2.0760000e+03   3.2685485e+02   1.7363923e+00
   2.0770000e+03   3.2877529e+02   1.7399715e+00
   2.0780000e+03   3.3071712e+02   1.7436314e+00
   2.0790000e+03   3.3264849e+02   1.7470736e+00
   2.0800000e+03   3.3465365e+02   1.7505489e+00
   2.0810000e+03   3.3650438e+02   1.7541535e+00
   2.0820000e+03   3.3816950e+02   1.7577914e+00
   2.0830000e+03   3.3999149e+02   1.7612061e+00
   2.0840000e+03   3.4179813e+02   1.7647725e+00
   2.0850000e+03   3.4385242e+02   1.7686628e+00
   2.0860000e+03   3.4585368e+02   1.7720716e+00
   2.0870000e+03   3.4796426e+02   1.7758680e+00
   2.0880000e+03   3.5015330e+02   1.7795623e+00
   2.0890000e+03   3.5230668e+02   1.7835574e+00
   2.0900000e+03   3.5379564e+02   1.7871508e+00
   2.0910000e+03   3.5569635e+02   1.7909561e+00
   2.0920000e+03   3.5708138e+02   1.7944397e+00
   2.0930000e+03   3.5900568e+02   1.7979178e+00
   2.0940000e+03   3.6068950e+02   1.8018233e+00
   2.0950000e+03   3.6245513e+02   1.8058750e+00
   2.0960000e+03   3.6404053e+02   1.8100388e+00
   2.0970000e+03   3.6569991e+02   1.8135425e+00
   2.0980000e+03   3.6748218e+02   1.8175362e+00
   2.0990000e+03   3.6942054e+02   1.8214107e+00
   2.1000000e+03   3.7124078e+02   1.8252564e+00
   2.1010000e+03   3.7268502e+02   1.8289256e+00
   2.1020000e+03   3.7425310e+02   1.8332710e+00
   2.1030000e+03   3.7566550e+02   1.8373688e+00
   2.1040000e+03   3.7721059e+02   1.8410704e+00
   2.1050000e+03   3.7899420e+02   1.8463259e+00
   2.1060000e+03   3.8057651e+02   1.8505518e+00
   2.1070000e+03   3.8235522e+02   1.8548539e+00
   2.1080000e+03   3.8383744e+02   1.8587155e+00
   2.1090000e+03   3.8531226e+02   1.8638653e+00
   2.1100000e+03   3.8675857e+02   1.8683609e+00
   2.1110000e+03   3.8772179e+02   1.8725892e+00
   2.1120000e+03   3.8913390e+02   1.8763262e+00
   2.1130000e+03   3.9081178e+02   1.8806056e+00
   2.1140000e+03   3.9237481e+02   1.8845741e+00
   2.1150000e+03   3.9390425e+02   1.8887679e+00
   2.1160000e+03   3.9509146e+02   1.8923111e+00
   2.1170000e+03   3.9644253e+02   1.8962775e+00
   2.1180000e+03   3.9779759e+02   1.8996926e+00
   2.1190000e+03   3.9931742e+02   1.9035110e+00
   2.1200000e+03   4.0083623e+02   1.9080691e+00
   2.1210000e+03   4.0230665e+02   1.9128339e+00
   2.1220000e+03   4.0366816e+02   1.9165260e+00
   2.1230000e+03   4.0497914e+02   1.9199338e+00
   2.1240000e+03   4.0609914e+02   1.9236642e+00
   2.1250000e+03   4.0728370e+02   1.9278142e+00
   2.1260000e+03   4.0841178e+02   1.9321815e+00
   2.1270000e+03   4.0987142e+02   1.9359790e+00
   2.1280000e+03   4.1120799e+02   1.9399734e+00
   2.1290000e+03   4.1251772e+02   1.9437703e+00
   2.1300000e+03   4.1381197e+02   1.9473409e+00
   2.1310000e+03   4.1523685e+02   1.9510521e+00
   2.1320000e+03   4.1643218e+02   1.9545953e+00
   2.1330000e+03   4.1768380e+02   1.9578065e+00
   2.1340000e+03   4.1900215e+02   1.9615957e+00
   2.1350000e+03   4.2013843e+02   1.9651087e+00
   2.1360000e+03   4.2149352e+02   1.9690702e+00
   2.1370000e+03   4.2238845e+02   1.9725747e+00
   2.1380000e+03   4.2347335e+02   1.9757040e+00
   2.1390000e+03   4.2484589e+02   1.9798142e+00
   2.1400000e+03   4.2609816e+02   1.9840665e+00
   2.1410000e+03   4.2741825e+02   1.9886365e+00
   2.1420000e+03   4.2853371e+02   1.9917308e+00
   2.1430000e+03   4.2955222e+02   1.9952715e+00
   2.1440000e+03   4.3083706e+02   1.9985024e+00
   2.1450000e+03   4.3196877e+02   2.0022136e+00
   2.1460000e+03   4.3308115e+02   2.0053056e+00
   2.1470000e+03   4.3420597e+02   2.0085170e+00
   2.1480000e+03   4.3527671e+02   2.0116266e+00
   2.1490000e+03   4.3616404e+02   2.0146568e+00
   2.1500000e+03   4.3722595e+02   2.0184746e+00
   2.1510000e+03   4.3853969e+02   2.0226855e+00
   2.1520000e+03   4.3984683e+02   2.0258487e+00
   2.1530000e+03   4.4091795e+02   2.0290596e+00
   2.1540000e+03   4.4177070e+02   2.0329009e+00
   2.1550000e+03   4.4279122e+02   2.0367944e+00
   2.1560000e+03   4.4376188e+02   2.0400713e+00
   2.1570000e+03   4.4477587e+02   2.0431946e+00
   2.1580000e+03   4.4569805e+02   2.0471982e+00
   2.1590000e+03   4.4674046e+02   2.0503855e+00
   2.1600000e+03   4.4782343e+02   2.0536247e+00
   2.1610000e+03   4.4883511e+02   2.0571190e+00
   2.1620000e+03   4.4981887e+02   2.0605380e+00
   2.1630000e+03   4.5078558e+02   2.0637525e+00
   2.1640000e+03   4.5141776e+02   2.0668755e+00
   2.1650000e+03   4.5230777e+02   2.0698616e+00
   2.1660000e+03   4.5350521e+02   2.0731780e+00
   2.1670000e+03   4.5444064e+02   2.0764891e+00
   2.1680000e+03   4.5543069e+02   2.0800716e+00
   2.1690000e+03   4.5628883e+02   2.0836319e+00
   2.1700000e+03   4.5705997e+02   2.0871723e+00
   2.1710000e+03   4.5781358e+02   2.0904354e+00
   2.1720000e+03   4.5886827e+02   2.0937075e+00
   2.1730000e+03   4.5960958e+02   2.0969800e+00
   2.1740000e+03   4.6023284e+02   2.1001499e+00
   2.1750000e+03   4.6060159e+02   2.1032164e+00
   2.1760000e+03   4.6115709e+02   2.1062556e+00
   2.1770000e+03   4.6210211e+02   2.1095494e+00
   2.1780000e+03   4.6269527e+02   2.1127090e+00
   2.1790000e+03   4.6330397e+02   2.1158112e+00
   2.1800000e+03   4.6387014e+02   2.1189713e+00
   2.1810000e+03   4.6457873e+02   2.1222530e+00
   2.1820000e+03   4.6537189e+02   2.1256759e+00
   2.1830000e+03   4.6600716e+02   2.1290733e+00
   2.1840000e+03   4.6645771e+02   2.1321822e+00
   2.1850000e+03   4.6710862e+02   2.1356550e+00
   2.1860000e+03   4.6774215e+02   2.1389708e+00
   2.1870000e+03   4.6835201e+02   2.1421402e+00
   2.1880000e+03   4.6901774e+02   2.1454811e+00
   2.1890000e+03   4.6988578e+02   2.1486304e+00
   2.1900000e+03   4.7039873e+02   2.1519489e+00
   2.1910000e+03   4.7100144e+02   2.1566856e+00
   2.1920000e+03   4.7175100e+02   2.1615108e+00
   2.1930000e+03   4.7234084e+02   2.1648980e+00
   2.1940000e+03   4.7285312e+02   2.1683250e+00
   2.1950000e+03   4.7352588e+02   2.1717239e+00
   2.1960000e+03   4.7416247e+02   2.1750926e+00
   2.1970000e+03   4.7480294e+02   2.1783936e+00
   2.1980000e+03   4.7535001e+02   2.1819166e+00
   2.1990000e+03   4.7593293e+02   2.1853656e+00
   2.2000000e+03   4.7643159e+02   2.1888406e+00
   2.2010000e+03   4.7676472e+02   2.1920664e+00
   2.2020000e+03   4.7715793e+02   2.1952120e+00
   2.2030000e+03   4.7768092e+02   2.1988011e+00
   2.2040000e+03   4.7838847e+02   2.2020312e+00
   2.2050000e+03   4.7867888e+02   2.2053136e+00
   2.2060000e+03   4.7920298e+02   2.2088804e+00
   2.2070000e+03   4.7994553e+02   2.2126479e+00
   2.2080000e+03   4.8081564e+02   2.2164256e+00
   2.2090000e+03   4.8129657e+02   2.2196501e+00
   2.2100000e+03   4.8166271e+02   2.2231356e+00
   2.2110000e+03   4.8212885e+02   2.2261289e+00
   2.2120000e+03   4.8256700e+02   2.2294844e+00
   2.2130000e+03   4.8302514e+02   2.2328460e+00
   2.2140000e+03   4.8360609e+02   2.2381911e+00
   2.2150000e+03   4.8403531e+02   2.2415629e+00
   2.2160000e+03   4.8453483e+02   2.2449838e+00
   2.2170000e+03   4.8508843e+02   2.2482782e+00
   2.2180000e+03   4.8565450e+02   2.2520395e+00
   2.2190000e+03   4.8615041e+02   2.2558150e+00
   2.2200000e+03   4.8644641e+02   2.2593324e+00
   2.2210000e+03   4.8698475e+02   2.2631948e+00
   2.2220000e+03   4.8771284e+02   2.2671747e+00
   2.2230000e+03   4.8798953e+02   2.2706459e+00
   2.2240000e+03   4.8838293e+02   2.2736039e+00
   2.2250000e+03   4.8879496e+02   2.2769392e+00
   2.2260000e+03   4.8916175e+02   2.2805989e+00
   2.2270000e+03   4.8982329e+02   2.2861505e+00
   2.2280000e+03   4.9040182e+02   2.2896076e+00
   2.2290000e+03   4.9072114e+02   2.2924451e+00
   2.2300000e+03   4.9114154e+02   2.2959479e+00
   2.2310000e+03   4.9175894e+02   2.2996509e+00
   2.2320000e+03   4.9219502e+02   2.3033979e+00
   2.2330000e+03   4.9271355e+02   2.3068841e+00
   2.2340000e+03   4.9312237e+02   2.3107142e+00
   2.2350000e+03   4.9345791e+02   2.3138248e+00
   2.2360000e+03   4.9391355e+02   2.3176590e+00
   2.2370000e+03   4.9429251e+02   2.3216828e+00
   2.2380000e+03   4.9474750e+02   2.3252224e+00
   2.2390000e+03   4.9498316e+02   2.3289803e+00
   2.2400000e+03   4.9518831e+02   2.3327747e+00
   2.2410000e+03   4.9553150e+02   2.3363629e+00
   2.2420000e+03   4.9585077e+02   2.3402418e+00
   2.2430000e+03   4.9611162e+02   2.3429506e+00
   2.2440000e+03   4.9634922e+02   2.3465168e+00
   2.2450000e+03   4.9668763e+02   2.3488701e+00
   2.2460000e+03   4.9706133e+02   2.3517477e+00
   2.2470000e+03   4.9738577e+02   2.3545935e+00
   2.2480000e+03   4.9774878e+02   2.3582041e+00
   2.2490000e+03   4.9798950e+02   2.3618704e+00
   2.2500000e+03   4.9837772e+02   2.3658861e+00
   2.2510000e+03   4.9877648e+02   2.3695409e+00
   2.2520000e+03   4.9908011e+02   2.3724371e+00
   2.2530000e+03   4.9951573e+02   2.3761662e+00
   2.2540000e+03   4.9988123e+02   2.3798761e+00
   2.2550000e+03   5.0019132e+02   2.3830961e+00
   2.2560000e+03   5.0045424e+02   2.3868146e+00
   2.2570000e+03   5.0064610e+02   2.3891466e+00
   2.2580000e+03   5.0079162e+02   2.3928460e+00
   2.2590000e+03   5.0107294e+02   2.3966332e+00
   2.2600000e+03   5.0139461e+02   2.3995477e+00
   2.2610000e+03   5.0162361e+02   2.4032135e+00
   2.2620000e+03   5.0183503e+02   2.4064134e+00
   2.2630000e+03   5.0217362e+02   2.4102444e+00
   2.2640000e+03   5.0268666e+02   2.4152359e+00
   2.2650000e+03   5.0299114e+02   2.4184722e+00
   2.2660000e+03   5.0327927e+02   2.4216994e+00
   2.2670000e+03   5.0368749e+02   2.4255335e+00
   2.2680000e+03   5.0387636e+02   2.4292887e+00
   2.2690000e+03   5.0432863e+02   2.4335345e+00
   2.2700000e+03   5.0470308e+02   2.4368959e+00
   2.2710000e+03   5.0492520e+02   2.4407209e+00
   2.2720000e+03   5.0525223e+02   2.4444843e+00
   2.2730000e+03   5.0549762e+02   2.4483834e+00
   2.2740000e+03   5.0586620e+02   2.4523120e+00
   2.2750000e+03   5.0606899e+02   2.4566256e+00
   2.2760000e+03   5.0646321e+02   2.4605236e+00
   2.2770000e+03   5.0677029e+02   2.4624253e+00
   2.2780000e+03   5.0723686e+02   2.4658375e+00
   2.2790000e+03   5.0726642e+02   2.4681345e+00
   2.2800000e+03   5.0743905e+02   2.4714488e+00
   2.2810000e+03   5.0778244e+02   2.4747615e+00
   2.2820000e+03   5.0805147e+02   2.4771967e+00
   2.2830000e+03   5.0822732e+02   2.4810378e+00
   2.2840000e+03   5.0838691e+02   2.4843922e+00
   2.2850000e+03   5.0859117e+02   2.4867082e+00
   2.2860000e+03   5.0872052e+02   2.4905847e+00
   2.2870000e+03   5.0907640e+02   2.4934907e+00
   2.2880000e+03   5.0929794e+02   2.4963653e+00
   2.2890000e+03   5.0949317e+02   2.5002174e+00
   2.2900000e+03   5.0980504e+02   2.5036444e+00
   2.2910000e+03   5.1004585e+02   2.5061095e+00
   2.2920000e+03   5.1021976e+02   2.5095770e+00
   2.2930000e+03   5.1026235e+02   2.5119131e+00
   2.2940000e+03   5.1041710e+02   2.5152744e+00
   2.2950000e+03   5.1064439e+02   2.5191409e+00
   2.2960000e+03   5.1079659e+02   2.5231668e+00
   2.2970000e+03   5.1099262e+02   2.5271067e+00
   2.2980000e+03   5.1134158e+02   2.5310294e+00
   2.2990000e+03   5.1164313e+02   2.5334810e+00
   2.3000000e+03   5.1186406e+02   2.5374785e+00
