   1.8500000e+03             NaN             NaN
   1.8510000e+03   1.1754580e+00   5.2443837e+00
   1.8520000e+03   2.2418533e+00   5.2216534e+00
   1.8530000e+03   3.0296454e+00   5.1948020e+00
   1.8540000e+03   4.6648718e+00   5.1719220e+00
   1.8550000e+03   5.6345549e+00   5.1012044e+00
   1.8560000e+03   6.6845422e+00   5.0994873e+00
   1.8570000e+03   8.4125760e+00   5.0719863e+00
   1.8580000e+03   9.2348365e+00   4.9946893e+00
   1.8590000e+03   1.0215530e+01   4.9707896e+00
   1.8600000e+03   1.0650318e+01   4.9466244e+00
   1.8610000e+03   1.1912286e+01   4.9226333e+00
   1.8620000e+03   1.2587100e+01   4.8916283e+00
   1.8630000e+03   1.3391472e+01   4.8901799e+00
   1.8640000e+03   1.4274451e+01   4.8885816e+00
   1.8650000e+03   1.5224327e+01   4.8868850e+00
   1.8660000e+03   1.6470850e+01   4.8617849e+00
   1.8670000e+03   1.8044516e+01   4.8602662e+00
   1.8680000e+03   1.8967670e+01   4.8363367e+00
   1.8690000e+03   2.0221209e+01   4.8348930e+00
   1.8700000e+03   2.0912197e+01   4.8089329e+00
   1.8710000e+03   2.1809617e+01   4.7846441e+00
   1.8720000e+03   2.3712198e+01   4.7601882e+00
   1.8730000e+03   2.4788237e+01   4.7009191e+00
   1.8740000e+03   2.5592803e+01   4.6748625e+00
   1.8750000e+03   2.6576863e+01   4.6506928e+00
   1.8760000e+03   2.7706365e+01   4.6492185e+00
   1.8770000e+03   2.9409826e+01   4.6226498e+00
   1.8780000e+03   3.1018075e+01   4.5155180e+00
   1.8790000e+03   3.1613640e+01   4.4706672e+00
   1.8800000e+03   3.2212371e+01   4.4690893e+00
   1.8810000e+03   3.3440154e+01   4.4675177e+00
   1.8820000e+03   3.4362136e+01   4.4401409e+00
   1.8830000e+03   3.5394411e+01   4.4129754e+00
   1.8840000e+03   3.6294494e+01   4.3806066e+00
   1.8850000e+03   3.7010317e+01   4.3551875e+00
   1.8860000e+03   3.7782650e+01   4.3299690e+00
   1.8870000e+03   3.8701018e+01   4.3057627e+00
   1.8880000e+03   3.9355108e+01   4.2816182e+00
   1.8890000e+03   4.0437386e+01   4.2800256e+00
   1.8900000e+03   4.3832103e+01   4.2543109e+00
   1.8910000e+03   4.4159973e+01   3.7835197e+00
   1.8920000e+03   4.4732574e+01   3.7818564e+00
   1.8930000e+03   4.5761959e+01   3.7782785e+00
   1.8940000e+03   4.6869180e+01   3.7487993e+00
   1.8950000e+03   4.7647839e+01   3.7469349e+00
   1.8960000e+03   4.8752796e+01   3.7216063e+00
   1.8970000e+03   4.9141569e+01   3.6937092e+00
   1.8980000e+03   5.0131223e+01   3.6691023e+00
   1.8990000e+03   5.1008424e+01   3.6452280e+00
   1.9000000e+03   5.2801498e+01   3.6169212e+00
   1.9010000e+03   5.3740146e+01   3.3831249e+00
   1.9020000e+03   5.3859889e+01   3.3506791e+00
   1.9030000e+03   5.4584218e+01   3.3486049e+00
   1.9040000e+03   5.5527851e+01   3.3465484e+00
   1.9050000e+03   5.6496550e+01   3.3445020e+00
   1.9060000e+03   5.7382345e+01   3.2452392e+00
   1.9070000e+03   5.7872999e+01   3.2143211e+00
   1.9080000e+03   5.8213160e+01   3.2116933e+00
   1.9090000e+03   5.8575056e+01   3.2095730e+00
   1.9100000e+03   5.8866041e+01   3.2074515e+00
   1.9110000e+03   5.9181341e+01   3.2053748e+00
   1.9120000e+03   6.0043486e+01   3.2032836e+00
   1.9130000e+03   6.0769702e+01   3.1794095e+00
   1.9140000e+03   6.1282021e+01   3.1773104e+00
   1.9150000e+03   6.2256077e+01   3.1550136e+00
   1.9160000e+03   6.2780676e+01   3.1029775e+00
   1.9170000e+03   6.3408941e+01   3.0803082e+00
   1.9180000e+03   6.4589627e+01   3.0781253e+00
   1.9190000e+03   6.5965676e+01   2.9565969e+00
   1.9200000e+03   6.6528414e+01   2.8734611e+00
   1.9210000e+03   6.7284394e+01   2.8708139e+00
   1.9220000e+03   6.8027179e+01   2.8463003e+00
   1.9230000e+03   7.0152096e+01   2.8253670e+00
   1.9240000e+03   7.1162766e+01   2.5662626e+00
   1.9250000e+03   7.2033290e+01   2.4891215e+00
   1.9260000e+03   7.2982933e+01   2.4558014e+00
   1.9270000e+03   7.3761921e+01   2.4336688e+00
   1.9280000e+03   7.4476898e+01   2.4308249e+00
   1.9290000e+03   7.5306542e+01   2.4099564e+00
   1.9300000e+03   7.5984077e+01   2.3545111e+00
   1.9310000e+03   7.6730462e+01   2.3330871e+00
   1.9320000e+03   7.7168264e+01   2.3132803e+00
   1.9330000e+03   7.8066538e+01   2.3103971e+00
   1.9340000e+03   7.8808077e+01   2.3074596e+00
   1.9350000e+03   7.9179390e+01   2.2706388e+00
   1.9360000e+03   7.9862764e+01   2.2677408e+00
   1.9370000e+03   8.0406267e+01   2.2502254e+00
   1.9380000e+03   8.1436580e+01   2.2472745e+00
   1.9390000e+03   8.2052013e+01   2.2306647e+00
   1.9400000e+03   8.2497540e+01   2.2277233e+00
   1.9410000e+03   8.3695200e+01   2.2247803e+00
   1.9420000e+03   8.4616630e+01   2.1880359e+00
   1.9430000e+03   8.6180247e+01   2.1733935e+00
   1.9440000e+03   8.6608612e+01   1.8346863e+00
   1.9450000e+03   8.7340851e+01   1.8310787e+00
   1.9460000e+03   8.7906502e+01   1.8150023e+00
   1.9470000e+03   8.9126429e+01   1.8114088e+00
   1.9480000e+03   8.9603535e+01   1.6753757e+00
   1.9490000e+03   9.0453466e+01   1.6714338e+00
   1.9500000e+03   9.2031889e+01   1.6451229e+00
   1.9510000e+03   9.2653532e+01   1.3526701e+00
   1.9520000e+03   9.3270471e+01   1.3260616e+00
   1.9530000e+03   9.4292685e+01   1.3097210e+00
   1.9540000e+03   9.4925153e+01   1.0795474e+00
   1.9550000e+03   9.5180293e+01   1.0736203e+00
   1.9560000e+03   9.6273014e+01   1.0675477e+00
   1.9570000e+03   9.6715642e+01   9.1570339e-01
   1.9580000e+03   9.7648857e+01   9.0739404e-01
   1.9590000e+03   9.8103431e+01   8.4602229e-01
   1.9600000e+03   9.9035639e+01   8.3059133e-01
   1.9610000e+03   9.9930595e+01   8.2102447e-01
   1.9620000e+03   1.0048048e+02   8.1323079e-01
   1.9630000e+03   1.0094403e+02   8.0535494e-01
   1.9640000e+03   1.0150983e+02   7.9738869e-01
   1.9650000e+03   1.0219508e+02   7.8927319e-01
   1.9660000e+03   1.0281020e+02   7.7319677e-01
   1.9670000e+03   1.0374855e+02   7.6539528e-01
   1.9680000e+03   1.0439139e+02   6.9233099e-01
   1.9690000e+03   1.0516724e+02   6.6677770e-01
   1.9700000e+03   1.0559939e+02   6.5707506e-01
   1.9710000e+03   1.0622271e+02   6.4738286e-01
   1.9720000e+03   1.0694634e+02   6.3467347e-01
   1.9730000e+03   1.0750012e+02   6.2465722e-01
   1.9740000e+03   1.0782777e+02   6.1455607e-01
   1.9750000e+03   1.0820650e+02   6.0653930e-01
   1.9760000e+03   1.0844932e+02   5.9610632e-01
   1.9770000e+03   1.0870056e+02   5.8538648e-01
   1.9780000e+03   1.0911423e+02   5.7443567e-01
   1.9790000e+03   1.0985799e+02   5.6343712e-01
   1.9800000e+03   1.1030765e+02   5.5216327e-01
   1.9810000e+03   1.1100886e+02   5.3950684e-01
   1.9820000e+03   1.1160643e+02   5.2774492e-01
   1.9830000e+03   1.1230946e+02   5.1574170e-01
   1.9840000e+03   1.1291649e+02   5.0346643e-01
   1.9850000e+03   1.1327681e+02   4.9083778e-01
   1.9860000e+03   1.1408738e+02   4.7794334e-01
   1.9870000e+03   1.1474377e+02   4.6477364e-01
   1.9880000e+03   1.1564738e+02   4.5122795e-01
   1.9890000e+03   1.1653381e+02   4.3718884e-01
   1.9900000e+03   1.1679240e+02   4.1729828e-01
   1.9910000e+03   1.1711355e+02   4.0217104e-01
   1.9920000e+03   1.1778305e+02   3.8655813e-01
   1.9930000e+03   1.1825058e+02   3.7577148e-01
   1.9940000e+03   1.1888051e+02   3.5894490e-01
   1.9950000e+03   1.1953393e+02   3.4242701e-01
   1.9960000e+03   1.1992389e+02   3.2384087e-01
   1.9970000e+03   1.2055043e+02   3.0418973e-01
   1.9980000e+03   1.2135434e+02   2.8320299e-01
   1.9990000e+03   1.2205941e+02   2.6064469e-01
   2.0000000e+03   1.2252067e+02   2.3855001e-01
   2.0010000e+03   1.2315346e+02   2.1445582e-01
   2.0020000e+03   1.2370470e+02   1.9564487e-01
   2.0030000e+03   1.2405581e+02   1.9784382e-01
   2.0040000e+03   1.2445642e+02   1.9849385e-01
   2.0050000e+03   1.2526288e+02   1.9934805e-01
   2.0060000e+03   1.2691841e+02   2.0019892e-01
   2.0070000e+03   1.2747031e+02   2.2235933e-01
   2.0080000e+03   1.2795901e+02   2.4387919e-01
   2.0090000e+03   1.2852593e+02   2.6759663e-01
   2.0100000e+03   1.2940012e+02   3.1099361e-01
   2.0110000e+03   1.3005216e+02   3.3015116e-01
   2.0120000e+03   1.3061222e+02   3.4844858e-01
   2.0130000e+03   1.3121954e+02   3.6577970e-01
   2.0140000e+03   1.3208647e+02   3.9556867e-01
   2.0150000e+03   1.3268482e+02   4.1084066e-01
   2.0160000e+03   1.3332719e+02   4.2563508e-01
   2.0170000e+03   1.3412962e+02   4.3982678e-01
   2.0180000e+03   1.3494347e+02   4.5365104e-01
   2.0190000e+03   1.3563336e+02   4.6700269e-01
   2.0200000e+03   1.3651528e+02   4.8355225e-01
   2.0210000e+03   1.3748922e+02   5.0170038e-01
   2.0220000e+03   1.3801969e+02   5.1385490e-01
   2.0230000e+03   1.3905448e+02   5.2573870e-01
   2.0240000e+03   1.3996404e+02   5.3733823e-01
   2.0250000e+03   1.4057417e+02   5.4858920e-01
   2.0260000e+03   1.4152071e+02   5.5598155e-01
   2.0270000e+03   1.4241269e+02   5.6707037e-01
   2.0280000e+03   1.4386470e+02   7.7088394e-01
   2.0290000e+03   1.4518842e+02   7.8146230e-01
   2.0300000e+03   1.4625100e+02   8.1953950e-01
   2.0310000e+03   1.4728917e+02   8.2725946e-01
   2.0320000e+03   1.4824423e+02   8.3478229e-01
   2.0330000e+03   1.4905814e+02   8.4635838e-01
   2.0340000e+03   1.5039795e+02   9.3161705e-01
   2.0350000e+03   1.5126724e+02   9.3742715e-01
   2.0360000e+03   1.5199634e+02   9.4420059e-01
   2.0370000e+03   1.5269154e+02   9.5415613e-01
   2.0380000e+03   1.5350107e+02   9.6059917e-01
   2.0390000e+03   1.5408447e+02   9.6704654e-01
   2.0400000e+03   1.5494305e+02   9.7157313e-01
   2.0410000e+03   1.5562570e+02   9.7793430e-01
   2.0420000e+03   1.5670238e+02   9.8593123e-01
   2.0430000e+03   1.5734676e+02   9.9283126e-01
   2.0440000e+03   1.5810845e+02   9.9921016e-01
   2.0450000e+03   1.5865964e+02   1.0054481e+00
   2.0460000e+03   1.5924901e+02   1.0117163e+00
   2.0470000e+03   1.5971643e+02   1.0179317e+00
   2.0480000e+03   1.6047420e+02   1.0247104e+00
   2.0490000e+03   1.6147635e+02   1.0374367e+00
   2.0500000e+03   1.6232762e+02   1.0442198e+00
   2.0510000e+03   1.6342627e+02   1.0503792e+00
   2.0520000e+03   1.6439053e+02   1.0723790e+00
   2.0530000e+03   1.6555280e+02   1.0781651e+00
   2.0540000e+03   1.6665779e+02   1.0845469e+00
   2.0550000e+03   1.6825794e+02   1.1008003e+00
   2.0560000e+03   1.6926658e+02   1.1068747e+00
   2.0570000e+03   1.7030260e+02   1.1128701e+00
   2.0580000e+03   1.7171416e+02   1.1199292e+00
   2.0590000e+03   1.7297709e+02   1.1357578e+00
   2.0600000e+03   1.7428098e+02   1.2570269e+00
   2.0610000e+03   1.7575491e+02   1.5340901e+00
   2.0620000e+03   1.7679347e+02   1.5383416e+00
   2.0630000e+03   1.7838854e+02   1.5550667e+00
   2.0640000e+03   1.7951662e+02   1.5606303e+00
   2.0650000e+03   1.8111542e+02   1.5832135e+00
   2.0660000e+03   1.8280076e+02   1.7572015e+00
   2.0670000e+03   1.8463190e+02   1.7627798e+00
   2.0680000e+03   1.8617020e+02   1.7672143e+00
   2.0690000e+03   1.8791161e+02   1.7855437e+00
   2.0700000e+03   1.8942027e+02   1.7904244e+00
   2.0710000e+03   1.9079355e+02   1.7938151e+00
   2.0720000e+03   1.9238080e+02   1.8038843e+00
   2.0730000e+03   1.9412373e+02   1.8256729e+00
   2.0740000e+03   1.9630187e+02   1.9094781e+00
   2.0750000e+03   1.9811821e+02   1.9262120e+00
   2.0760000e+03   1.9990268e+02   1.9449369e+00
   2.0770000e+03   2.0172453e+02   1.9581059e+00
   2.0780000e+03   2.0341266e+02   1.9746536e+00
   2.0790000e+03   2.0525191e+02   2.0739854e+00
   2.0800000e+03   2.0685895e+02   2.0779313e+00
   2.0810000e+03   2.0830496e+02   2.0893568e+00
   2.0820000e+03   2.0985559e+02   2.1068457e+00
   2.0830000e+03   2.1105813e+02   2.1097362e+00
   2.0840000e+03   2.1259945e+02   2.1418661e+00
   2.0850000e+03   2.1413514e+02   2.1467989e+00
   2.0860000e+03   2.1570743e+02   2.1836295e+00
   2.0870000e+03   2.1740744e+02   2.2214401e+00
   2.0880000e+03   2.1899079e+02   2.2286026e+00
   2.0890000e+03   2.2105086e+02   2.2614590e+00
   2.0900000e+03   2.2258191e+02   2.2804680e+00
   2.0910000e+03   2.2434278e+02   2.3343558e+00
   2.0920000e+03   2.2630571e+02   2.3869366e+00
   2.0930000e+03   2.2813254e+02   2.4933831e+00
   2.0940000e+03   2.2971231e+02   2.5795503e+00
   2.0950000e+03   2.3122965e+02   2.5962921e+00
   2.0960000e+03   2.3262386e+02   2.6171858e+00
   2.0970000e+03   2.3396579e+02   2.7033642e+00
   2.0980000e+03   2.3532013e+02   2.8466232e+00
   2.0990000e+03   2.3663435e+02   2.9136720e+00
   2.1000000e+03   2.3789308e+02   2.9166284e+00
   2.1010000e+03             NaN             NaN
   2.1020000e+03             NaN             NaN
   2.1030000e+03             NaN             NaN
   2.1040000e+03             NaN             NaN
   2.1050000e+03             NaN             NaN
   2.1060000e+03             NaN             NaN
   2.1070000e+03             NaN             NaN
   2.1080000e+03             NaN             NaN
   2.1090000e+03             NaN             NaN
   2.1100000e+03             NaN             NaN
   2.1110000e+03             NaN             NaN
   2.1120000e+03             NaN             NaN
   2.1130000e+03             NaN             NaN
   2.1140000e+03             NaN             NaN
   2.1150000e+03             NaN             NaN
   2.1160000e+03             NaN             NaN
   2.1170000e+03             NaN             NaN
   2.1180000e+03             NaN             NaN
   2.1190000e+03             NaN             NaN
   2.1200000e+03             NaN             NaN
   2.1210000e+03             NaN             NaN
   2.1220000e+03             NaN             NaN
   2.1230000e+03             NaN             NaN
   2.1240000e+03             NaN             NaN
   2.1250000e+03             NaN             NaN
   2.1260000e+03             NaN             NaN
   2.1270000e+03             NaN             NaN
   2.1280000e+03             NaN             NaN
   2.1290000e+03             NaN             NaN
   2.1300000e+03             NaN             NaN
   2.1310000e+03             NaN             NaN
   2.1320000e+03             NaN             NaN
   2.1330000e+03             NaN             NaN
   2.1340000e+03             NaN             NaN
   2.1350000e+03             NaN             NaN
   2.1360000e+03             NaN             NaN
   2.1370000e+03             NaN             NaN
   2.1380000e+03             NaN             NaN
   2.1390000e+03             NaN             NaN
   2.1400000e+03             NaN             NaN
   2.1410000e+03             NaN             NaN
   2.1420000e+03             NaN             NaN
   2.1430000e+03             NaN             NaN
   2.1440000e+03             NaN             NaN
   2.1450000e+03             NaN             NaN
   2.1460000e+03             NaN             NaN
   2.1470000e+03             NaN             NaN
   2.1480000e+03             NaN             NaN
   2.1490000e+03             NaN             NaN
   2.1500000e+03             NaN             NaN
   2.1510000e+03             NaN             NaN
   2.1520000e+03             NaN             NaN
   2.1530000e+03             NaN             NaN
   2.1540000e+03             NaN             NaN
   2.1550000e+03             NaN             NaN
   2.1560000e+03             NaN             NaN
   2.1570000e+03             NaN             NaN
   2.1580000e+03             NaN             NaN
   2.1590000e+03             NaN             NaN
   2.1600000e+03             NaN             NaN
   2.1610000e+03             NaN             NaN
   2.1620000e+03             NaN             NaN
   2.1630000e+03             NaN             NaN
   2.1640000e+03             NaN             NaN
   2.1650000e+03             NaN             NaN
   2.1660000e+03             NaN             NaN
   2.1670000e+03             NaN             NaN
   2.1680000e+03             NaN             NaN
   2.1690000e+03             NaN             NaN
   2.1700000e+03             NaN             NaN
   2.1710000e+03             NaN             NaN
   2.1720000e+03             NaN             NaN
   2.1730000e+03             NaN             NaN
   2.1740000e+03             NaN             NaN
   2.1750000e+03             NaN             NaN
   2.1760000e+03             NaN             NaN
   2.1770000e+03             NaN             NaN
   2.1780000e+03             NaN             NaN
   2.1790000e+03             NaN             NaN
   2.1800000e+03             NaN             NaN
   2.1810000e+03             NaN             NaN
   2.1820000e+03             NaN             NaN
   2.1830000e+03             NaN             NaN
   2.1840000e+03             NaN             NaN
   2.1850000e+03             NaN             NaN
   2.1860000e+03             NaN             NaN
   2.1870000e+03             NaN             NaN
   2.1880000e+03             NaN             NaN
   2.1890000e+03             NaN             NaN
   2.1900000e+03             NaN             NaN
   2.1910000e+03             NaN             NaN
   2.1920000e+03             NaN             NaN
   2.1930000e+03             NaN             NaN
   2.1940000e+03             NaN             NaN
   2.1950000e+03             NaN             NaN
   2.1960000e+03             NaN             NaN
   2.1970000e+03             NaN             NaN
   2.1980000e+03             NaN             NaN
   2.1990000e+03             NaN             NaN
   2.2000000e+03             NaN             NaN
   2.2010000e+03             NaN             NaN
   2.2020000e+03             NaN             NaN
   2.2030000e+03             NaN             NaN
   2.2040000e+03             NaN             NaN
   2.2050000e+03             NaN             NaN
   2.2060000e+03             NaN             NaN
   2.2070000e+03             NaN             NaN
   2.2080000e+03             NaN             NaN
   2.2090000e+03             NaN             NaN
   2.2100000e+03             NaN             NaN
   2.2110000e+03             NaN             NaN
   2.2120000e+03             NaN             NaN
   2.2130000e+03             NaN             NaN
   2.2140000e+03             NaN             NaN
   2.2150000e+03             NaN             NaN
   2.2160000e+03             NaN             NaN
   2.2170000e+03             NaN             NaN
   2.2180000e+03             NaN             NaN
   2.2190000e+03             NaN             NaN
   2.2200000e+03             NaN             NaN
   2.2210000e+03             NaN             NaN
   2.2220000e+03             NaN             NaN
   2.2230000e+03             NaN             NaN
   2.2240000e+03             NaN             NaN
   2.2250000e+03             NaN             NaN
   2.2260000e+03             NaN             NaN
   2.2270000e+03             NaN             NaN
   2.2280000e+03             NaN             NaN
   2.2290000e+03             NaN             NaN
   2.2300000e+03             NaN             NaN
   2.2310000e+03             NaN             NaN
   2.2320000e+03             NaN             NaN
   2.2330000e+03             NaN             NaN
   2.2340000e+03             NaN             NaN
   2.2350000e+03             NaN             NaN
   2.2360000e+03             NaN             NaN
   2.2370000e+03             NaN             NaN
   2.2380000e+03             NaN             NaN
   2.2390000e+03             NaN             NaN
   2.2400000e+03             NaN             NaN
   2.2410000e+03             NaN             NaN
   2.2420000e+03             NaN             NaN
   2.2430000e+03             NaN             NaN
   2.2440000e+03             NaN             NaN
   2.2450000e+03             NaN             NaN
   2.2460000e+03             NaN             NaN
   2.2470000e+03             NaN             NaN
   2.2480000e+03             NaN             NaN
   2.2490000e+03             NaN             NaN
   2.2500000e+03             NaN             NaN
   2.2510000e+03             NaN             NaN
   2.2520000e+03             NaN             NaN
   2.2530000e+03             NaN             NaN
   2.2540000e+03             NaN             NaN
   2.2550000e+03             NaN             NaN
   2.2560000e+03             NaN             NaN
   2.2570000e+03             NaN             NaN
   2.2580000e+03             NaN             NaN
   2.2590000e+03             NaN             NaN
   2.2600000e+03             NaN             NaN
   2.2610000e+03             NaN             NaN
   2.2620000e+03             NaN             NaN
   2.2630000e+03             NaN             NaN
   2.2640000e+03             NaN             NaN
   2.2650000e+03             NaN             NaN
   2.2660000e+03             NaN             NaN
   2.2670000e+03             NaN             NaN
   2.2680000e+03             NaN             NaN
   2.2690000e+03             NaN             NaN
   2.2700000e+03             NaN             NaN
   2.2710000e+03             NaN             NaN
   2.2720000e+03             NaN             NaN
   2.2730000e+03             NaN             NaN
   2.2740000e+03             NaN             NaN
   2.2750000e+03             NaN             NaN
   2.2760000e+03             NaN             NaN
   2.2770000e+03             NaN             NaN
   2.2780000e+03             NaN             NaN
   2.2790000e+03             NaN             NaN
   2.2800000e+03             NaN             NaN
   2.2810000e+03             NaN             NaN
   2.2820000e+03             NaN             NaN
   2.2830000e+03             NaN             NaN
   2.2840000e+03             NaN             NaN
   2.2850000e+03             NaN             NaN
   2.2860000e+03             NaN             NaN
   2.2870000e+03             NaN             NaN
   2.2880000e+03             NaN             NaN
   2.2890000e+03             NaN             NaN
   2.2900000e+03             NaN             NaN
   2.2910000e+03             NaN             NaN
   2.2920000e+03             NaN             NaN
   2.2930000e+03             NaN             NaN
   2.2940000e+03             NaN             NaN
   2.2950000e+03             NaN             NaN
   2.2960000e+03             NaN             NaN
   2.2970000e+03             NaN             NaN
   2.2980000e+03             NaN             NaN
   2.2990000e+03             NaN             NaN
   2.3000000e+03             NaN             NaN
