   1.8500000e+03             NaN             NaN
   1.8510000e+03   7.3813696e-01   5.5525238e+00
   1.8520000e+03   4.3939462e-01   5.5500547e+00
   1.8530000e+03   9.7682237e-01   5.5488614e+00
   1.8540000e+03   1.8008829e-01   5.5467689e+00
   1.8550000e+03  -1.6904824e-01   5.5454301e+00
   1.8560000e+03   2.8033910e-02   5.5442357e+00
   1.8570000e+03   9.4520052e-01   5.5423106e+00
   1.8580000e+03   1.7426920e+00   5.4320541e+00
   1.8590000e+03   2.2463167e+00   5.3072448e+00
   1.8600000e+03   1.9897502e+00   5.2907749e+00
   1.8610000e+03   2.3247351e+00   5.2889667e+00
   1.8620000e+03   3.4889868e+00   5.2874251e+00
   1.8630000e+03   3.5766590e+00   5.1694158e+00
   1.8640000e+03   3.9265102e+00   5.1681310e+00
   1.8650000e+03   4.5060448e+00   5.1662897e+00
   1.8660000e+03   5.0543557e+00   5.1640189e+00
   1.8670000e+03   5.3545444e+00   5.0500136e+00
   1.8680000e+03   5.9552947e+00   5.0480508e+00
   1.8690000e+03   7.2623957e+00   5.0458328e+00
   1.8700000e+03   8.3897566e+00   5.0138949e+00
   1.8710000e+03   1.0057174e+01   5.0104528e+00
   1.8720000e+03   1.0571247e+01   4.8843100e+00
   1.8730000e+03   1.0905427e+01   4.8663830e+00
   1.8740000e+03   1.2237684e+01   4.8482607e+00
   1.8750000e+03   1.3331228e+01   4.7236611e+00
   1.8760000e+03   1.4806955e+01   4.5826531e+00
   1.8770000e+03   1.5436232e+01   4.5627992e+00
   1.8780000e+03   1.5912816e+01   4.5607785e+00
   1.8790000e+03   1.7129351e+01   4.5427255e+00
   1.8800000e+03   1.7882294e+01   4.5242901e+00
   1.8810000e+03   1.8341770e+01   4.4894926e+00
   1.8820000e+03   1.8907119e+01   4.4713324e+00
   1.8830000e+03   2.1656422e+01   4.4533039e+00
   1.8840000e+03   2.0992098e+01   4.2880214e+00
   1.8850000e+03   2.1274715e+01   4.2862510e+00
   1.8860000e+03   2.2213336e+01   4.2836760e+00
   1.8870000e+03   2.1765773e+01   4.1434087e+00
   1.8880000e+03   2.2762174e+01   4.1418144e+00
   1.8890000e+03   2.3135350e+01   4.1401146e+00
   1.8900000e+03   2.3406480e+01   4.1384591e+00
   1.8910000e+03   2.3498163e+01   4.1366582e+00
   1.8920000e+03   2.4242620e+01   4.1350628e+00
   1.8930000e+03   2.5970837e+01   4.1164349e+00
   1.8940000e+03   2.6817592e+01   3.9672357e+00
   1.8950000e+03   2.7036715e+01   3.8503153e+00
   1.8960000e+03   2.7642635e+01   3.8309023e+00
   1.8970000e+03   2.8533329e+01   3.8113408e+00
   1.8980000e+03   2.9499827e+01   3.6902598e+00
   1.8990000e+03   3.0345017e+01   3.5708310e+00
   1.9000000e+03   3.1358267e+01   3.5689804e+00
   1.9010000e+03   3.1591154e+01   3.5483492e+00
   1.9020000e+03   3.2602261e+01   3.5466358e+00
   1.9030000e+03   3.2559961e+01   3.4320108e+00
   1.9040000e+03   3.2706445e+01   3.3153303e+00
   1.9050000e+03   3.2710935e+01   3.3128675e+00
   1.9060000e+03   3.2478046e+01   3.3108852e+00
   1.9070000e+03   3.2291688e+01   3.3089075e+00
   1.9080000e+03   3.2272465e+01   3.3069293e+00
   1.9090000e+03   3.4197729e+01   3.3049445e+00
   1.9100000e+03   3.4497570e+01   3.1849466e+00
   1.9110000e+03   3.4714351e+01   3.1828662e+00
   1.9120000e+03   3.5031209e+01   3.0736624e+00
   1.9130000e+03   3.5743516e+01   3.0520922e+00
   1.9140000e+03   3.6826788e+01   3.0495048e+00
   1.9150000e+03   3.7318429e+01   3.0469984e+00
   1.9160000e+03   3.8145530e+01   2.9221602e+00
   1.9170000e+03   3.9423892e+01   2.8150115e+00
   1.9180000e+03   4.0291332e+01   2.8122019e+00
   1.9190000e+03   4.0296702e+01   2.7489067e+00
   1.9200000e+03   4.1843005e+01   2.7260334e+00
   1.9210000e+03   4.4024967e+01   2.7029616e+00
   1.9220000e+03   4.5462439e+01   2.5704158e+00
   1.9230000e+03   4.7586705e+01   2.4561989e+00
   1.9240000e+03   4.9075744e+01   2.4306987e+00
   1.9250000e+03   5.0276896e+01   2.4263565e+00
   1.9260000e+03   5.2189761e+01   2.2996419e+00
   1.9270000e+03   5.2957888e+01   2.2965581e+00
   1.9280000e+03   5.4747528e+01   2.2938490e+00
   1.9290000e+03   5.5237121e+01   2.1742713e+00
   1.9300000e+03   5.7028538e+01   2.1712889e+00
   1.9310000e+03   5.7365576e+01   2.0653978e+00
   1.9320000e+03   5.8190683e+01   2.0382510e+00
   1.9330000e+03   5.9046366e+01   2.0350856e+00
   1.9340000e+03   6.0463948e+01   2.0318345e+00
   1.9350000e+03   6.0818076e+01   1.9227608e+00
   1.9360000e+03   6.1656116e+01   1.9193729e+00
   1.9370000e+03   6.2643130e+01   1.8673656e+00
   1.9380000e+03   6.4948367e+01   1.8148770e+00
   1.9390000e+03   6.7104437e+01   1.6949915e+00
   1.9400000e+03   6.9316335e+01   1.6643912e+00
   1.9410000e+03   7.1460242e+01   1.5810838e+00
   1.9420000e+03   7.2729827e+01   1.4284894e+00
   1.9430000e+03   7.4332339e+01   1.3637995e+00
   1.9440000e+03   7.5262587e+01   1.2994345e+00
   1.9450000e+03   7.5481508e+01   1.2336993e+00
   1.9460000e+03   7.5691576e+01   1.2284516e+00
   1.9470000e+03   7.6202684e+01   1.1941704e+00
   1.9480000e+03   7.6603014e+01   1.1888244e+00
   1.9490000e+03   7.8271807e+01   1.1841217e+00
   1.9500000e+03   7.8856117e+01   1.1253988e+00
   1.9510000e+03   7.9670337e+01   1.0927868e+00
   1.9520000e+03   8.1338743e+01   1.0866159e+00
   1.9530000e+03   8.3119411e+01   1.0284258e+00
   1.9540000e+03   8.3929602e+01   9.6965043e-01
   1.9550000e+03   8.4621057e+01   9.6292518e-01
   1.9560000e+03   8.5585021e+01   9.5569432e-01
   1.9570000e+03   8.7135566e+01   9.4843493e-01
   1.9580000e+03   8.7640132e+01   9.2049435e-01
   1.9590000e+03   8.8219686e+01   9.1361889e-01
   1.9600000e+03   8.8274912e+01   8.8809706e-01
   1.9610000e+03   8.9504706e+01   8.8097566e-01
   1.9620000e+03   9.0099379e+01   8.5650968e-01
   1.9630000e+03   9.0170210e+01   8.4910250e-01
   1.9640000e+03   9.0375995e+01   8.4163424e-01
   1.9650000e+03   9.1121424e+01   8.3422268e-01
   1.9660000e+03   9.1296712e+01   8.2663210e-01
   1.9670000e+03   9.1578695e+01   8.1843834e-01
   1.9680000e+03   9.2612366e+01   8.1018823e-01
   1.9690000e+03   9.2978828e+01   7.9034280e-01
   1.9700000e+03   9.3497095e+01   7.7076186e-01
   1.9710000e+03   9.3800113e+01   7.6233770e-01
   1.9720000e+03   9.4243751e+01   7.5406204e-01
   1.9730000e+03   9.5336455e+01   7.4569935e-01
   1.9740000e+03   9.6188471e+01   7.1696206e-01
   1.9750000e+03   9.7040257e+01   6.9782963e-01
   1.9760000e+03   9.7771970e+01   6.7925357e-01
   1.9770000e+03   9.8900805e+01   6.6945022e-01
   1.9780000e+03   1.0013792e+02   6.4257821e-01
   1.9790000e+03   1.0116738e+02   6.1593241e-01
   1.9800000e+03   1.0253647e+02   5.9685375e-01
   1.9810000e+03   1.0394956e+02   5.8544848e-01
   1.9820000e+03   1.0531339e+02   5.6852782e-01
   1.9830000e+03   1.0639915e+02   5.5692656e-01
   1.9840000e+03   1.0787208e+02   5.4074789e-01
   1.9850000e+03   1.0873853e+02   5.2051950e-01
   1.9860000e+03   1.0978277e+02   5.0421030e-01
   1.9870000e+03   1.1080882e+02   4.9110590e-01
   1.9880000e+03   1.1192362e+02   4.7334417e-01
   1.9890000e+03   1.1316069e+02   4.5643826e-01
   1.9900000e+03   1.1529796e+02   4.4188196e-01
   1.9910000e+03   1.1752331e+02   4.2581830e-01
   1.9920000e+03   1.1843598e+02   4.0654216e-01
   1.9930000e+03   1.1942362e+02   3.9104293e-01
   1.9940000e+03   1.1997903e+02   3.7379053e-01
   1.9950000e+03   1.2085964e+02   3.5566366e-01
   1.9960000e+03   1.2176476e+02   3.3654195e-01
   1.9970000e+03   1.2333913e+02   3.1680576e-01
   1.9980000e+03   1.2484102e+02   2.9795823e-01
   1.9990000e+03   1.2642254e+02   2.7591726e-01
   2.0000000e+03   1.2829110e+02   2.5204144e-01
   2.0010000e+03   1.3063294e+02   2.2531090e-01
   2.0020000e+03   1.3355146e+02   1.9662266e-01
   2.0030000e+03   1.3503193e+02   1.9717949e-01
   2.0040000e+03   1.3668344e+02   1.9791541e-01
   2.0050000e+03   1.3782723e+02   1.9872701e-01
   2.0060000e+03   1.3913696e+02   1.9976244e-01
   2.0070000e+03   1.4003586e+02   2.2346289e-01
   2.0080000e+03   1.4173540e+02   2.4501205e-01
   2.0090000e+03   1.4353808e+02   2.6869747e-01
   2.0100000e+03   1.4618555e+02   2.9151602e-01
   2.0110000e+03   1.4790462e+02   3.1186366e-01
   2.0120000e+03   1.4986060e+02   3.3131075e-01
   2.0130000e+03   1.5103936e+02   3.4991600e-01
   2.0140000e+03   1.5411447e+02   3.6917563e-01
   2.0150000e+03   1.5626549e+02   3.8660320e-01
   2.0160000e+03   1.5748288e+02   4.0218811e-01
   2.0170000e+03   1.5899530e+02   4.1718854e-01
   2.0180000e+03   1.6082244e+02   4.3181570e-01
   2.0190000e+03   1.6185275e+02   4.4567344e-01
   2.0200000e+03   1.6297709e+02   4.5914298e-01
   2.0210000e+03   1.6512778e+02   4.7231753e-01
   2.0220000e+03   1.6651799e+02   4.8507160e-01
   2.0230000e+03   1.6794023e+02   4.9831878e-01
   2.0240000e+03   1.6948486e+02   5.1040770e-01
   2.0250000e+03   1.7083247e+02   5.2223345e-01
   2.0260000e+03   1.7201426e+02   5.3391996e-01
   2.0270000e+03   1.7315795e+02   5.4509170e-01
   2.0280000e+03   1.7521613e+02   5.5997001e-01
   2.0290000e+03   1.7663527e+02   5.7071366e-01
   2.0300000e+03   1.7901146e+02   5.8311905e-01
   2.0310000e+03   1.8054134e+02   5.9390659e-01
   2.0320000e+03   1.8251127e+02   6.0622469e-01
   2.0330000e+03   1.8386364e+02   6.1618122e-01
   2.0340000e+03   1.8565925e+02   6.2772886e-01
   2.0350000e+03   1.8787120e+02   6.3900351e-01
   2.0360000e+03   1.8940941e+02   6.4856709e-01
   2.0370000e+03   1.9110050e+02   6.6067586e-01
   2.0380000e+03   1.9301192e+02   6.7347038e-01
   2.0390000e+03   1.9462127e+02   6.8357019e-01
   2.0400000e+03   1.9651265e+02   6.9658571e-01
   2.0410000e+03   1.9806050e+02   7.0532292e-01
   2.0420000e+03   2.0020787e+02   7.1407112e-01
   2.0430000e+03   2.0200979e+02   7.2906016e-01
   2.0440000e+03   2.0331985e+02   7.3785290e-01
   2.0450000e+03   2.0471696e+02   7.4599212e-01
   2.0460000e+03   2.0665183e+02   7.5400938e-01
   2.0470000e+03   2.0847828e+02   7.6292428e-01
   2.0480000e+03   2.1052726e+02   7.7119894e-01
   2.0490000e+03   2.1178865e+02   7.8068177e-01
   2.0500000e+03   2.1324293e+02   7.8837985e-01
   2.0510000e+03   2.1469827e+02   7.9599559e-01
   2.0520000e+03   2.1669092e+02   8.0365831e-01
   2.0530000e+03   2.1803643e+02   8.1156737e-01
   2.0540000e+03   2.1989163e+02   8.1971783e-01
   2.0550000e+03   2.2140615e+02   8.2710086e-01
   2.0560000e+03   2.2337738e+02   8.3455813e-01
   2.0570000e+03   2.2469193e+02   8.4281873e-01
   2.0580000e+03   2.2618247e+02   8.4995921e-01
   2.0590000e+03   2.2755344e+02   8.5695751e-01
   2.0600000e+03   2.2921333e+02   8.6414618e-01
   2.0610000e+03   2.3088797e+02   8.7255307e-01
   2.0620000e+03   2.3286407e+02   8.9569065e-01
   2.0630000e+03   2.3491692e+02   9.0767319e-01
   2.0640000e+03   2.3660646e+02   9.1815713e-01
   2.0650000e+03   2.3781469e+02   9.2464008e-01
   2.0660000e+03   2.3930422e+02   9.3177460e-01
   2.0670000e+03   2.4095998e+02   9.3984953e-01
   2.0680000e+03   2.4206272e+02   9.4635042e-01
   2.0690000e+03   2.4386865e+02   9.5259993e-01
   2.0700000e+03   2.4566725e+02   9.6096347e-01
   2.0710000e+03   2.4741683e+02   9.6719782e-01
   2.0720000e+03   2.4909669e+02   9.7329587e-01
   2.0730000e+03   2.5042746e+02   9.7953257e-01
   2.0740000e+03   2.5205578e+02   9.8556054e-01
   2.0750000e+03   2.5386920e+02   9.9162285e-01
   2.0760000e+03   2.5545302e+02   9.9760658e-01
   2.0770000e+03   2.5668352e+02   1.0035007e+00
   2.0780000e+03   2.5842342e+02   1.0570375e+00
   2.0790000e+03   2.6019597e+02   1.1491882e+00
   2.0800000e+03   2.6204091e+02   1.2344209e+00
   2.0810000e+03   2.6362853e+02   1.2393276e+00
   2.0820000e+03   2.6533815e+02   1.2442897e+00
   2.0830000e+03   2.6689696e+02   1.2490514e+00
   2.0840000e+03   2.6851218e+02   1.2538406e+00
   2.0850000e+03   2.7002204e+02   1.2585561e+00
   2.0860000e+03   2.7157277e+02   1.2632186e+00
   2.0870000e+03   2.7299665e+02   1.2679819e+00
   2.0880000e+03   2.7464918e+02   1.2726696e+00
   2.0890000e+03   2.7628723e+02   1.2773502e+00
   2.0900000e+03   2.7795470e+02   1.2819570e+00
   2.0910000e+03   2.7944085e+02   1.2865440e+00
   2.0920000e+03   2.8103435e+02   1.2912040e+00
   2.0930000e+03   2.8273332e+02   1.2958779e+00
   2.0940000e+03   2.8386584e+02   1.3003929e+00
   2.0950000e+03   2.8518642e+02   1.3049364e+00
   2.0960000e+03   2.8637326e+02   1.3094812e+00
   2.0970000e+03   2.8790696e+02   1.3140566e+00
   2.0980000e+03   2.8979128e+02   1.3189173e+00
   2.0990000e+03   2.9052207e+02   1.3234263e+00
   2.1000000e+03   2.9213538e+02   1.3280040e+00
   2.1010000e+03             NaN             NaN
   2.1020000e+03             NaN             NaN
   2.1030000e+03             NaN             NaN
   2.1040000e+03             NaN             NaN
   2.1050000e+03             NaN             NaN
   2.1060000e+03             NaN             NaN
   2.1070000e+03             NaN             NaN
   2.1080000e+03             NaN             NaN
   2.1090000e+03             NaN             NaN
   2.1100000e+03             NaN             NaN
   2.1110000e+03             NaN             NaN
   2.1120000e+03             NaN             NaN
   2.1130000e+03             NaN             NaN
   2.1140000e+03             NaN             NaN
   2.1150000e+03             NaN             NaN
   2.1160000e+03             NaN             NaN
   2.1170000e+03             NaN             NaN
   2.1180000e+03             NaN             NaN
   2.1190000e+03             NaN             NaN
   2.1200000e+03             NaN             NaN
   2.1210000e+03             NaN             NaN
   2.1220000e+03             NaN             NaN
   2.1230000e+03             NaN             NaN
   2.1240000e+03             NaN             NaN
   2.1250000e+03             NaN             NaN
   2.1260000e+03             NaN             NaN
   2.1270000e+03             NaN             NaN
   2.1280000e+03             NaN             NaN
   2.1290000e+03             NaN             NaN
   2.1300000e+03             NaN             NaN
   2.1310000e+03             NaN             NaN
   2.1320000e+03             NaN             NaN
   2.1330000e+03             NaN             NaN
   2.1340000e+03             NaN             NaN
   2.1350000e+03             NaN             NaN
   2.1360000e+03             NaN             NaN
   2.1370000e+03             NaN             NaN
   2.1380000e+03             NaN             NaN
   2.1390000e+03             NaN             NaN
   2.1400000e+03             NaN             NaN
   2.1410000e+03             NaN             NaN
   2.1420000e+03             NaN             NaN
   2.1430000e+03             NaN             NaN
   2.1440000e+03             NaN             NaN
   2.1450000e+03             NaN             NaN
   2.1460000e+03             NaN             NaN
   2.1470000e+03             NaN             NaN
   2.1480000e+03             NaN             NaN
   2.1490000e+03             NaN             NaN
   2.1500000e+03             NaN             NaN
   2.1510000e+03             NaN             NaN
   2.1520000e+03             NaN             NaN
   2.1530000e+03             NaN             NaN
   2.1540000e+03             NaN             NaN
   2.1550000e+03             NaN             NaN
   2.1560000e+03             NaN             NaN
   2.1570000e+03             NaN             NaN
   2.1580000e+03             NaN             NaN
   2.1590000e+03             NaN             NaN
   2.1600000e+03             NaN             NaN
   2.1610000e+03             NaN             NaN
   2.1620000e+03             NaN             NaN
   2.1630000e+03             NaN             NaN
   2.1640000e+03             NaN             NaN
   2.1650000e+03             NaN             NaN
   2.1660000e+03             NaN             NaN
   2.1670000e+03             NaN             NaN
   2.1680000e+03             NaN             NaN
   2.1690000e+03             NaN             NaN
   2.1700000e+03             NaN             NaN
   2.1710000e+03             NaN             NaN
   2.1720000e+03             NaN             NaN
   2.1730000e+03             NaN             NaN
   2.1740000e+03             NaN             NaN
   2.1750000e+03             NaN             NaN
   2.1760000e+03             NaN             NaN
   2.1770000e+03             NaN             NaN
   2.1780000e+03             NaN             NaN
   2.1790000e+03             NaN             NaN
   2.1800000e+03             NaN             NaN
   2.1810000e+03             NaN             NaN
   2.1820000e+03             NaN             NaN
   2.1830000e+03             NaN             NaN
   2.1840000e+03             NaN             NaN
   2.1850000e+03             NaN             NaN
   2.1860000e+03             NaN             NaN
   2.1870000e+03             NaN             NaN
   2.1880000e+03             NaN             NaN
   2.1890000e+03             NaN             NaN
   2.1900000e+03             NaN             NaN
   2.1910000e+03             NaN             NaN
   2.1920000e+03             NaN             NaN
   2.1930000e+03             NaN             NaN
   2.1940000e+03             NaN             NaN
   2.1950000e+03             NaN             NaN
   2.1960000e+03             NaN             NaN
   2.1970000e+03             NaN             NaN
   2.1980000e+03             NaN             NaN
   2.1990000e+03             NaN             NaN
   2.2000000e+03             NaN             NaN
   2.2010000e+03             NaN             NaN
   2.2020000e+03             NaN             NaN
   2.2030000e+03             NaN             NaN
   2.2040000e+03             NaN             NaN
   2.2050000e+03             NaN             NaN
   2.2060000e+03             NaN             NaN
   2.2070000e+03             NaN             NaN
   2.2080000e+03             NaN             NaN
   2.2090000e+03             NaN             NaN
   2.2100000e+03             NaN             NaN
   2.2110000e+03             NaN             NaN
   2.2120000e+03             NaN             NaN
   2.2130000e+03             NaN             NaN
   2.2140000e+03             NaN             NaN
   2.2150000e+03             NaN             NaN
   2.2160000e+03             NaN             NaN
   2.2170000e+03             NaN             NaN
   2.2180000e+03             NaN             NaN
   2.2190000e+03             NaN             NaN
   2.2200000e+03             NaN             NaN
   2.2210000e+03             NaN             NaN
   2.2220000e+03             NaN             NaN
   2.2230000e+03             NaN             NaN
   2.2240000e+03             NaN             NaN
   2.2250000e+03             NaN             NaN
   2.2260000e+03             NaN             NaN
   2.2270000e+03             NaN             NaN
   2.2280000e+03             NaN             NaN
   2.2290000e+03             NaN             NaN
   2.2300000e+03             NaN             NaN
   2.2310000e+03             NaN             NaN
   2.2320000e+03             NaN             NaN
   2.2330000e+03             NaN             NaN
   2.2340000e+03             NaN             NaN
   2.2350000e+03             NaN             NaN
   2.2360000e+03             NaN             NaN
   2.2370000e+03             NaN             NaN
   2.2380000e+03             NaN             NaN
   2.2390000e+03             NaN             NaN
   2.2400000e+03             NaN             NaN
   2.2410000e+03             NaN             NaN
   2.2420000e+03             NaN             NaN
   2.2430000e+03             NaN             NaN
   2.2440000e+03             NaN             NaN
   2.2450000e+03             NaN             NaN
   2.2460000e+03             NaN             NaN
   2.2470000e+03             NaN             NaN
   2.2480000e+03             NaN             NaN
   2.2490000e+03             NaN             NaN
   2.2500000e+03             NaN             NaN
   2.2510000e+03             NaN             NaN
   2.2520000e+03             NaN             NaN
   2.2530000e+03             NaN             NaN
   2.2540000e+03             NaN             NaN
   2.2550000e+03             NaN             NaN
   2.2560000e+03             NaN             NaN
   2.2570000e+03             NaN             NaN
   2.2580000e+03             NaN             NaN
   2.2590000e+03             NaN             NaN
   2.2600000e+03             NaN             NaN
   2.2610000e+03             NaN             NaN
   2.2620000e+03             NaN             NaN
   2.2630000e+03             NaN             NaN
   2.2640000e+03             NaN             NaN
   2.2650000e+03             NaN             NaN
   2.2660000e+03             NaN             NaN
   2.2670000e+03             NaN             NaN
   2.2680000e+03             NaN             NaN
   2.2690000e+03             NaN             NaN
   2.2700000e+03             NaN             NaN
   2.2710000e+03             NaN             NaN
   2.2720000e+03             NaN             NaN
   2.2730000e+03             NaN             NaN
   2.2740000e+03             NaN             NaN
   2.2750000e+03             NaN             NaN
   2.2760000e+03             NaN             NaN
   2.2770000e+03             NaN             NaN
   2.2780000e+03             NaN             NaN
   2.2790000e+03             NaN             NaN
   2.2800000e+03             NaN             NaN
   2.2810000e+03             NaN             NaN
   2.2820000e+03             NaN             NaN
   2.2830000e+03             NaN             NaN
   2.2840000e+03             NaN             NaN
   2.2850000e+03             NaN             NaN
   2.2860000e+03             NaN             NaN
   2.2870000e+03             NaN             NaN
   2.2880000e+03             NaN             NaN
   2.2890000e+03             NaN             NaN
   2.2900000e+03             NaN             NaN
   2.2910000e+03             NaN             NaN
   2.2920000e+03             NaN             NaN
   2.2930000e+03             NaN             NaN
   2.2940000e+03             NaN             NaN
   2.2950000e+03             NaN             NaN
   2.2960000e+03             NaN             NaN
   2.2970000e+03             NaN             NaN
   2.2980000e+03             NaN             NaN
   2.2990000e+03             NaN             NaN
   2.3000000e+03             NaN             NaN
