   1.8500000e+03             NaN             NaN
   1.8510000e+03   1.6821179e+00   7.2141148e+00
   1.8520000e+03   2.1729977e+00   6.1070938e+00
   1.8530000e+03   3.2877085e+00   6.0988601e+00
   1.8540000e+03   6.3216277e+00   4.7688858e+00
   1.8550000e+03   6.9261182e+00   2.9173873e+00
   1.8560000e+03   8.0114821e+00   2.9102942e+00
   1.8570000e+03   8.3321768e+00   2.8628909e+00
   1.8580000e+03   9.1839873e+00   2.8059860e+00
   1.8590000e+03   9.5859734e+00   2.8033735e+00
   1.8600000e+03   1.0966599e+01   2.7916063e+00
   1.8610000e+03   1.1791756e+01   2.7483821e+00
   1.8620000e+03   1.3095174e+01   2.7459873e+00
   1.8630000e+03   1.3312724e+01   2.7295296e+00
   1.8640000e+03   1.3792886e+01   2.7213638e+00
   1.8650000e+03   1.4011666e+01   2.7137470e+00
   1.8660000e+03   1.5270376e+01   2.7113451e+00
   1.8670000e+03   1.5646468e+01   2.6460158e+00
   1.8680000e+03   1.7614616e+01   2.6435312e+00
   1.8690000e+03   1.8891090e+01   2.2885921e+00
   1.8700000e+03   2.0274598e+01   2.2692139e+00
   1.8710000e+03   2.1258420e+01   2.2503672e+00
   1.8720000e+03   2.1796540e+01   2.2416453e+00
   1.8730000e+03   2.2910764e+01   2.2386920e+00
   1.8740000e+03   2.3667314e+01   2.2188848e+00
   1.8750000e+03   2.3918778e+01   2.2043150e+00
   1.8760000e+03   2.5139041e+01   2.1960938e+00
   1.8770000e+03   2.5822790e+01   2.1781641e+00
   1.8780000e+03   2.6068553e+01   2.1542333e+00
   1.8790000e+03   2.6996366e+01   2.1296057e+00
   1.8800000e+03   2.7928316e+01   2.1156852e+00
   1.8810000e+03   2.8970294e+01   2.1060365e+00
   1.8820000e+03   2.9573928e+01   2.1026531e+00
   1.8830000e+03   3.0400195e+01   2.0952244e+00
   1.8840000e+03   3.0898319e+01   2.0879882e+00
   1.8850000e+03   3.1517857e+01   2.0771268e+00
   1.8860000e+03   3.2411759e+01   2.0744180e+00
   1.8870000e+03   3.2947500e+01   2.0564163e+00
   1.8880000e+03   3.3003203e+01   2.0532970e+00
   1.8890000e+03   3.3732220e+01   2.0501204e+00
   1.8900000e+03   3.4109842e+01   2.0431579e+00
   1.8910000e+03   3.4425578e+01   2.0353038e+00
   1.8920000e+03   3.4933230e+01   2.0320945e+00
   1.8930000e+03   3.5391909e+01   2.0193919e+00
   1.8940000e+03   3.6146055e+01   2.0161367e+00
   1.8950000e+03   3.7079673e+01   1.9964921e+00
   1.8960000e+03   3.7693266e+01   1.9846807e+00
   1.8970000e+03   3.8759604e+01   1.9814025e+00
   1.8980000e+03   3.9313425e+01   1.9531758e+00
   1.8990000e+03   4.0585873e+01   1.9431094e+00
   1.9000000e+03   4.2129437e+01   1.9083224e+00
   1.9010000e+03   4.2938921e+01   1.8961209e+00
   1.9020000e+03   4.3960537e+01   1.8929733e+00
   1.9030000e+03   4.4076249e+01   1.8777949e+00
   1.9040000e+03   4.4356336e+01   1.8743547e+00
   1.9050000e+03   4.4880721e+01   1.8709392e+00
   1.9060000e+03   4.5901056e+01   1.8516688e+00
   1.9070000e+03   4.6467871e+01   1.7705524e+00
   1.9080000e+03   4.6760257e+01   1.7605559e+00
   1.9090000e+03   4.6966449e+01   1.7538949e+00
   1.9100000e+03   4.7887101e+01   1.7501757e+00
   1.9110000e+03   4.8230573e+01   1.7376291e+00
   1.9120000e+03   4.8502187e+01   1.7312039e+00
   1.9130000e+03   4.8671749e+01   1.7274889e+00
   1.9140000e+03   4.9413471e+01   1.7237651e+00
   1.9150000e+03   4.9871036e+01   1.7112991e+00
   1.9160000e+03   5.0211095e+01   1.7075656e+00
   1.9170000e+03   5.1218831e+01   1.7038107e+00
   1.9180000e+03   5.2458638e+01   1.6889749e+00
   1.9190000e+03   5.2667006e+01   1.6743761e+00
   1.9200000e+03   5.3363448e+01   1.6705335e+00
   1.9210000e+03   5.4616920e+01   1.6666373e+00
   1.9220000e+03   5.4973088e+01   1.6187102e+00
   1.9230000e+03   5.5648461e+01   1.6066374e+00
   1.9240000e+03   5.6396775e+01   1.5921539e+00
   1.9250000e+03   5.8158630e+01   1.5797634e+00
   1.9260000e+03   5.8564099e+01   1.5673854e+00
   1.9270000e+03   5.9239977e+01   1.5632808e+00
   1.9280000e+03   6.0396651e+01   1.5517263e+00
   1.9290000e+03   6.1202931e+01   1.5233727e+00
   1.9300000e+03   6.1545337e+01   1.5191185e+00
   1.9310000e+03   6.2370228e+01   1.5149448e+00
   1.9320000e+03   6.2765106e+01   1.5013578e+00
   1.9330000e+03   6.3706015e+01   1.4975618e+00
   1.9340000e+03   6.4466301e+01   1.4929990e+00
   1.9350000e+03   6.5267977e+01   1.4831416e+00
   1.9360000e+03   6.6123678e+01   1.4650200e+00
   1.9370000e+03   6.7165765e+01   1.4520559e+00
   1.9380000e+03   6.8541959e+01   1.4412310e+00
   1.9390000e+03   6.9623611e+01   1.4307391e+00
   1.9400000e+03   7.0191167e+01   1.4188796e+00
   1.9410000e+03   7.0920911e+01   1.4133334e+00
   1.9420000e+03   7.1776109e+01   1.3985728e+00
   1.9430000e+03   7.2823941e+01   1.3799729e+00
   1.9440000e+03   7.3597631e+01   1.3699541e+00
   1.9450000e+03   7.4051041e+01   1.3515040e+00
   1.9460000e+03   7.5183876e+01   1.3468238e+00
   1.9470000e+03   7.6333316e+01   1.3286214e+00
   1.9480000e+03   7.6937311e+01   1.3058624e+00
   1.9490000e+03   7.7791689e+01   1.2929858e+00
   1.9500000e+03   7.8826322e+01   1.2838513e+00
   1.9510000e+03   7.9463027e+01   1.2747571e+00
   1.9520000e+03   8.0340532e+01   1.2699642e+00
   1.9530000e+03   8.0695589e+01   1.1538615e+00
   1.9540000e+03   8.1642195e+01   1.1483296e+00
   1.9550000e+03   8.2090024e+01   1.1119670e+00
   1.9560000e+03   8.3023750e+01   1.1062468e+00
   1.9570000e+03   8.4568397e+01   1.0981380e+00
   1.9580000e+03   8.5207027e+01   1.0623833e+00
   1.9590000e+03   8.5762093e+01   1.0564419e+00
   1.9600000e+03   8.6276436e+01   1.0504702e+00
   1.9610000e+03   8.6488287e+01   1.0444173e+00
   1.9620000e+03   8.6768664e+01   1.0385278e+00
   1.9630000e+03   8.7019668e+01   1.0324900e+00
   1.9640000e+03   8.7086354e+01   1.0264335e+00
   1.9650000e+03   8.7320638e+01   1.0203231e+00
   1.9660000e+03   8.8102343e+01   1.0080117e+00
   1.9670000e+03   8.8277323e+01   1.0017449e+00
   1.9680000e+03   8.8497912e+01   9.9535727e-01
   1.9690000e+03   8.8563979e+01   9.8900690e-01
   1.9700000e+03   8.9324352e+01   9.8266995e-01
   1.9710000e+03   8.9906802e+01   9.7335983e-01
   1.9720000e+03   9.0500818e+01   9.6685466e-01
   1.9730000e+03   9.0980138e+01   9.6031399e-01
   1.9740000e+03   9.1451118e+01   9.4923520e-01
   1.9750000e+03   9.2023266e+01   9.3488931e-01
   1.9760000e+03   9.3626041e+01   9.2814849e-01
   1.9770000e+03   9.4725453e+01   8.8489104e-01
   1.9780000e+03   9.5581956e+01   8.7888407e-01
   1.9790000e+03   9.6195870e+01   8.6050818e-01
   1.9800000e+03   9.6279568e+01   8.5324052e-01
   1.9810000e+03   9.7234072e+01   8.4674756e-01
   1.9820000e+03   9.8428093e+01   8.3930039e-01
   1.9830000e+03   9.8953371e+01   7.5582900e-01
   1.9840000e+03   9.9586009e+01   7.4752256e-01
   1.9850000e+03   1.0032149e+02   7.3038361e-01
   1.9860000e+03   1.0173059e+02   7.1118035e-01
   1.9870000e+03   1.0297977e+02   6.6589447e-01
   1.9880000e+03   1.0372702e+02   6.5630144e-01
   1.9890000e+03   1.0396204e+02   6.4677754e-01
   1.9900000e+03   1.0509061e+02   6.3715195e-01
   1.9910000e+03   1.0602982e+02   6.1684766e-01
   1.9920000e+03   1.0666966e+02   6.0668869e-01
   1.9930000e+03   1.0750986e+02   5.9640698e-01
   1.9940000e+03   1.0843133e+02   5.5872452e-01
   1.9950000e+03   1.0896584e+02   5.4921447e-01
   1.9960000e+03   1.1016439e+02   5.2371238e-01
   1.9970000e+03   1.1142599e+02   5.1179154e-01
   1.9980000e+03   1.1279105e+02   4.9956448e-01
   1.9990000e+03   1.1449603e+02   4.8705147e-01
   2.0000000e+03   1.1551670e+02   4.7418486e-01
   2.0010000e+03   1.1723797e+02   4.5836456e-01
   2.0020000e+03   1.1981075e+02   4.4470740e-01
   2.0030000e+03   1.2191981e+02   2.4138494e-01
   2.0040000e+03   1.2303275e+02   1.9879527e-01
   2.0050000e+03   1.2454875e+02   1.9942532e-01
   2.0060000e+03   1.2696357e+02   2.0043545e-01
   2.0070000e+03   1.2885127e+02   2.2439534e-01
   2.0080000e+03   1.3042175e+02   2.4665452e-01
   2.0090000e+03   1.3296334e+02   4.7220745e-01
   2.0100000e+03   1.3439345e+02   4.8830168e-01
   2.0110000e+03   1.3597851e+02   5.0074922e-01
   2.0120000e+03   1.3739026e+02   5.1291523e-01
   2.0130000e+03   1.3901980e+02   5.2501526e-01
   2.0140000e+03   1.3969779e+02   5.3662073e-01
   2.0150000e+03   1.4061513e+02   5.4792373e-01
   2.0160000e+03   1.4200365e+02   5.5905743e-01
   2.0170000e+03   1.4363682e+02   5.7017511e-01
   2.0180000e+03   1.4462158e+02   5.8143897e-01
   2.0190000e+03   1.4543966e+02   5.9151812e-01
   2.0200000e+03   1.4697935e+02   6.0202905e-01
   2.0210000e+03   1.4886642e+02   6.1258842e-01
   2.0220000e+03   1.5048491e+02   6.2260542e-01
   2.0230000e+03   1.5301349e+02   7.3478009e-01
   2.0240000e+03   1.5507855e+02   7.4351786e-01
   2.0250000e+03   1.5837470e+02   8.1819681e-01
   2.0260000e+03   1.6029034e+02   8.2562281e-01
   2.0270000e+03   1.6193869e+02   8.3324103e-01
   2.0280000e+03   1.6307488e+02   8.4052385e-01
   2.0290000e+03   1.6445475e+02   8.4771993e-01
   2.0300000e+03   1.6649462e+02   8.5504862e-01
   2.0310000e+03   1.6811058e+02   8.6211876e-01
   2.0320000e+03   1.6934273e+02   8.6913565e-01
   2.0330000e+03   1.7110591e+02   8.7679091e-01
   2.0340000e+03   1.7299902e+02   8.8397085e-01
   2.0350000e+03   1.7431218e+02   8.9077716e-01
   2.0360000e+03   1.7564132e+02   8.9830334e-01
   2.0370000e+03   1.7721542e+02   9.0526946e-01
   2.0380000e+03   1.7907794e+02   9.1352859e-01
   2.0390000e+03   1.8078385e+02   9.2022570e-01
   2.0400000e+03   1.8252907e+02   9.2677337e-01
   2.0410000e+03   1.8448480e+02   9.3348203e-01
   2.0420000e+03   1.8634793e+02   9.4039957e-01
   2.0430000e+03   1.8820780e+02   9.4689325e-01
   2.0440000e+03   1.8959083e+02   9.5346238e-01
   2.0450000e+03   1.9100123e+02   9.5994462e-01
   2.0460000e+03   1.9326932e+02   9.6708074e-01
   2.0470000e+03   1.9521736e+02   9.7380425e-01
   2.0480000e+03   1.9728679e+02   9.8069802e-01
   2.0490000e+03   1.9893091e+02   9.8725958e-01
   2.0500000e+03   2.0072170e+02   9.9402533e-01
   2.0510000e+03   2.0233337e+02   1.0001245e+00
   2.0520000e+03   2.0425078e+02   1.0067077e+00
   2.0530000e+03   2.0609630e+02   1.0129246e+00
   2.0540000e+03   2.0814157e+02   1.0193976e+00
   2.0550000e+03   2.1000458e+02   1.0254892e+00
   2.0560000e+03   2.1195889e+02   1.0316665e+00
   2.0570000e+03   2.1356614e+02   1.0382990e+00
   2.0580000e+03   2.1539688e+02   1.0448590e+00
   2.0590000e+03   2.1769103e+02   1.0518245e+00
   2.0600000e+03   2.1926832e+02   1.0582176e+00
   2.0610000e+03   2.2082336e+02   1.0655207e+00
   2.0620000e+03   2.2271268e+02   1.0735479e+00
   2.0630000e+03   2.2439570e+02   1.0807455e+00
   2.0640000e+03   2.2643160e+02   1.0871432e+00
   2.0650000e+03   2.2862606e+02   1.0959709e+00
   2.0660000e+03   2.3036621e+02   1.1027978e+00
   2.0670000e+03   2.3192515e+02   1.1094316e+00
   2.0680000e+03   2.3360990e+02   1.1155144e+00
   2.0690000e+03   2.3553233e+02   1.1224443e+00
   2.0700000e+03   2.3713629e+02   1.1300671e+00
   2.0710000e+03   2.3875010e+02   1.1386561e+00
   2.0720000e+03   2.4046562e+02   1.1491774e+00
   2.0730000e+03   2.4198125e+02   1.1548483e+00
   2.0740000e+03   2.4324061e+02   1.1622399e+00
   2.0750000e+03   2.4462927e+02   1.1699207e+00
   2.0760000e+03   2.4623050e+02   1.1755587e+00
   2.0770000e+03   2.4808846e+02   1.1822317e+00
   2.0780000e+03   2.4927671e+02   1.1886771e+00
   2.0790000e+03   2.5060399e+02   1.1958628e+00
   2.0800000e+03   2.5221468e+02   1.2024635e+00
   2.0810000e+03   2.5409541e+02   1.2094485e+00
   2.0820000e+03   2.5584243e+02   1.2190442e+00
   2.0830000e+03   2.5767346e+02   1.2250248e+00
   2.0840000e+03   2.5916908e+02   1.2302622e+00
   2.0850000e+03   2.6077944e+02   1.2355629e+00
   2.0860000e+03   2.6220441e+02   1.2409261e+00
   2.0870000e+03   2.6367895e+02   1.2459285e+00
   2.0880000e+03   2.6534006e+02   1.2510598e+00
   2.0890000e+03   2.6696363e+02   1.2564103e+00
   2.0900000e+03   2.6890742e+02   1.2624044e+00
   2.0910000e+03   2.7040565e+02   1.2674014e+00
   2.0920000e+03   2.7162570e+02   1.2723116e+00
   2.0930000e+03   2.7344150e+02   1.2778035e+00
   2.0940000e+03   2.7483840e+02   1.2831497e+00
   2.0950000e+03   2.7593820e+02   1.2878132e+00
   2.0960000e+03   2.7717826e+02   1.2925095e+00
   2.0970000e+03   2.7797464e+02   1.2970644e+00
   2.0980000e+03   2.7942776e+02   1.3023402e+00
   2.0990000e+03   2.8073624e+02   1.3076526e+00
   2.1000000e+03   2.8205609e+02   1.3123468e+00
   2.1010000e+03   2.8328134e+02   1.3170311e+00
   2.1020000e+03   2.8462562e+02   1.3220647e+00
   2.1030000e+03   2.8576313e+02   1.3268547e+00
   2.1040000e+03   2.8692729e+02   1.3315196e+00
   2.1050000e+03   2.8834271e+02   1.3364199e+00
   2.1060000e+03   2.8957698e+02   1.3410565e+00
   2.1070000e+03   2.9079344e+02   1.3462603e+00
   2.1080000e+03   2.9192985e+02   1.3514562e+00
   2.1090000e+03   2.9293118e+02   1.3559934e+00
   2.1100000e+03   2.9428196e+02   1.3608952e+00
   2.1110000e+03   2.9531021e+02   1.3656684e+00
   2.1120000e+03   2.9601304e+02   1.3698317e+00
   2.1130000e+03   2.9673864e+02   1.3742676e+00
   2.1140000e+03   2.9788730e+02   1.3787826e+00
   2.1150000e+03   2.9876865e+02   1.3835340e+00
   2.1160000e+03   2.9971353e+02   1.3881773e+00
   2.1170000e+03   3.0086516e+02   1.3923299e+00
   2.1180000e+03   3.0165277e+02   1.3965301e+00
   2.1190000e+03   3.0323408e+02   1.4017620e+00
   2.1200000e+03   3.0457627e+02   1.4064115e+00
   2.1210000e+03   3.0596576e+02   1.4112311e+00
   2.1220000e+03   3.0697331e+02   1.4162380e+00
   2.1230000e+03   3.0799461e+02   1.4204546e+00
   2.1240000e+03   3.0914718e+02   1.4258743e+00
   2.1250000e+03   3.1020840e+02   1.4308349e+00
   2.1260000e+03   3.1094169e+02   1.4349764e+00
   2.1270000e+03   3.1200136e+02   1.4393772e+00
   2.1280000e+03   3.1286733e+02   1.4435345e+00
   2.1290000e+03   3.1367526e+02   1.4481172e+00
   2.1300000e+03   3.1439483e+02   1.4524168e+00
   2.1310000e+03   3.1543484e+02   1.4573790e+00
   2.1320000e+03   3.1619045e+02   1.4618617e+00
   2.1330000e+03   3.1688299e+02   1.4661153e+00
   2.1340000e+03   3.1781327e+02   1.4704785e+00
   2.1350000e+03   3.1885490e+02   1.4753057e+00
   2.1360000e+03   3.1979247e+02   1.4804107e+00
   2.1370000e+03   3.2100791e+02   1.4856781e+00
   2.1380000e+03   3.2215414e+02   1.4911432e+00
   2.1390000e+03   3.2294508e+02   1.4959690e+00
   2.1400000e+03   3.2392056e+02   1.5004050e+00
   2.1410000e+03   3.2477154e+02   1.5057160e+00
   2.1420000e+03   3.2585827e+02   1.5107509e+00
   2.1430000e+03   3.2661814e+02   1.5148485e+00
   2.1440000e+03   3.2738151e+02   1.5190026e+00
   2.1450000e+03   3.2850499e+02   1.5235728e+00
   2.1460000e+03   3.2946488e+02   1.5279635e+00
   2.1470000e+03   3.3018048e+02   1.5329921e+00
   2.1480000e+03   3.3113798e+02   1.5382681e+00
   2.1490000e+03   3.3201803e+02   1.5423545e+00
   2.1500000e+03   3.3271956e+02   1.5463316e+00
   2.1510000e+03   3.3350905e+02   1.5507896e+00
   2.1520000e+03   3.3426439e+02   1.5559541e+00
   2.1530000e+03   3.3524073e+02   1.5606420e+00
   2.1540000e+03   3.3612429e+02   1.5658704e+00
   2.1550000e+03   3.3694206e+02   1.5705083e+00
   2.1560000e+03   3.3799912e+02   1.5745013e+00
   2.1570000e+03   3.3864784e+02   1.5784313e+00
   2.1580000e+03   3.3974691e+02   1.5841385e+00
   2.1590000e+03   3.4065724e+02   1.5897654e+00
   2.1600000e+03   3.4140842e+02   1.5937045e+00
   2.1610000e+03   3.4235990e+02   1.5984069e+00
   2.1620000e+03   3.4340830e+02   1.6041525e+00
   2.1630000e+03   3.4411119e+02   1.6081376e+00
   2.1640000e+03   3.4465303e+02   1.6127499e+00
   2.1650000e+03   3.4535076e+02   1.6164991e+00
   2.1660000e+03   3.4588335e+02   1.6214413e+00
   2.1670000e+03   3.4626692e+02   1.6251585e+00
   2.1680000e+03   3.4691919e+02   1.6289322e+00
   2.1690000e+03   3.4754380e+02   1.6329407e+00
   2.1700000e+03   3.4824514e+02   1.6367879e+00
   2.1710000e+03   3.4899786e+02   1.6417184e+00
   2.1720000e+03   3.4974137e+02   1.6457011e+00
   2.1730000e+03   3.5054862e+02   1.6494782e+00
   2.1740000e+03   3.5125838e+02   1.6530928e+00
   2.1750000e+03   3.5227167e+02   1.6596782e+00
   2.1760000e+03   3.5294676e+02   1.6639057e+00
   2.1770000e+03   3.5358132e+02   1.6674361e+00
   2.1780000e+03   3.5408588e+02   1.6709295e+00
   2.1790000e+03   3.5481804e+02   1.6745162e+00
   2.1800000e+03   3.5547044e+02   1.6795864e+00
   2.1810000e+03   3.5623840e+02   1.6832387e+00
   2.1820000e+03   3.5678521e+02   1.6868187e+00
   2.1830000e+03   3.5722292e+02   1.6904717e+00
   2.1840000e+03   3.5787532e+02   1.6955696e+00
   2.1850000e+03   3.5827876e+02   1.6990219e+00
   2.1860000e+03   3.5888267e+02   1.7026461e+00
   2.1870000e+03   3.5944774e+02   1.7092534e+00
   2.1880000e+03   3.6013733e+02   1.7144037e+00
   2.1890000e+03   3.6087108e+02   1.7196542e+00
   2.1900000e+03   3.6140012e+02   1.7231535e+00
   2.1910000e+03   3.6179733e+02   1.7265788e+00
   2.1920000e+03   3.6234427e+02   1.7317155e+00
   2.1930000e+03   3.6308009e+02   1.7350106e+00
   2.1940000e+03   3.6383370e+02   1.7386476e+00
   2.1950000e+03   3.6441574e+02   1.7420727e+00
   2.1960000e+03   3.6511722e+02   1.7454412e+00
   2.1970000e+03   3.6559940e+02   1.7488292e+00
   2.1980000e+03   3.6644878e+02   1.7546227e+00
   2.1990000e+03   3.6697217e+02   1.7582116e+00
   2.2000000e+03   3.6752627e+02   1.7615320e+00
   2.2010000e+03   3.6807543e+02   1.7649551e+00
   2.2020000e+03   3.6854945e+02   1.7683531e+00
   2.2030000e+03   3.6899721e+02   1.7719799e+00
   2.2040000e+03   3.6963846e+02   1.7774279e+00
   2.2050000e+03   3.7020377e+02   1.7808866e+00
   2.2060000e+03   3.7063097e+02   1.7841472e+00
   2.2070000e+03   3.7124627e+02   1.7876879e+00
   2.2080000e+03   3.7185350e+02   1.7910332e+00
   2.2090000e+03   3.7259651e+02   1.7964707e+00
   2.2100000e+03   3.7301130e+02   1.7997715e+00
   2.2110000e+03   3.7348166e+02   1.8030129e+00
   2.2120000e+03   3.7381303e+02   1.8062569e+00
   2.2130000e+03   3.7428201e+02   1.8093409e+00
   2.2140000e+03   3.7486794e+02   1.8124440e+00
   2.2150000e+03   3.7534972e+02   1.8156852e+00
   2.2160000e+03   3.7576920e+02   1.8188907e+00
   2.2170000e+03   3.7626478e+02   1.8220541e+00
   2.2180000e+03   3.7682400e+02   1.8309399e+00
   2.2190000e+03   3.7716543e+02   1.8343004e+00
   2.2200000e+03   3.7781143e+02   1.8375617e+00
   2.2210000e+03   3.7845007e+02   1.8406060e+00
   2.2220000e+03   3.7894386e+02   1.8437401e+00
   2.2230000e+03   3.7952010e+02   1.8467837e+00
   2.2240000e+03   3.7990657e+02   1.8525824e+00
   2.2250000e+03   3.8037716e+02   1.8557065e+00
   2.2260000e+03   3.8075308e+02   1.8588680e+00
   2.2270000e+03   3.8120128e+02   1.8618910e+00
   2.2280000e+03   3.8174902e+02   1.8649307e+00
   2.2290000e+03   3.8204439e+02   1.8678994e+00
   2.2300000e+03   3.8253725e+02   1.8708983e+00
   2.2310000e+03   3.8281056e+02   1.8739596e+00
   2.2320000e+03   3.8303423e+02   1.8769772e+00
   2.2330000e+03   3.8340367e+02   1.8799638e+00
   2.2340000e+03   3.8371063e+02   1.8830005e+00
   2.2350000e+03   3.8413747e+02   1.8858968e+00
   2.2360000e+03   3.8437626e+02   1.8888614e+00
   2.2370000e+03   3.8476865e+02   1.8947880e+00
   2.2380000e+03   3.8540913e+02   1.8981259e+00
   2.2390000e+03   3.8622759e+02   1.9043111e+00
   2.2400000e+03   3.8640175e+02   1.9071615e+00
   2.2410000e+03   3.8663852e+02   1.9100807e+00
   2.2420000e+03   3.8693605e+02   1.9130390e+00
   2.2430000e+03   3.8715102e+02   1.9160630e+00
   2.2440000e+03   3.8739284e+02   1.9189917e+00
   2.2450000e+03   3.8787169e+02   1.9226055e+00
   2.2460000e+03   3.8843736e+02   1.9259683e+00
   2.2470000e+03   3.8882193e+02   1.9288481e+00
   2.2480000e+03   3.8925401e+02   1.9317432e+00
   2.2490000e+03   3.8953789e+02   1.9347708e+00
   2.2500000e+03   3.8956400e+02   1.9376449e+00
   2.2510000e+03   3.8976502e+02   1.9404084e+00
   2.2520000e+03   3.9017094e+02   1.9434381e+00
   2.2530000e+03   3.9065915e+02   1.9463429e+00
   2.2540000e+03   3.9100220e+02   1.9494193e+00
   2.2550000e+03   3.9135875e+02   1.9524096e+00
   2.2560000e+03   3.9192963e+02   1.9555376e+00
   2.2570000e+03   3.9218941e+02   1.9584463e+00
   2.2580000e+03   3.9256018e+02   1.9681730e+00
   2.2590000e+03   3.9300191e+02   1.9712509e+00
   2.2600000e+03   3.9363260e+02   1.9743848e+00
   2.2610000e+03   3.9406994e+02   1.9778481e+00
   2.2620000e+03   3.9436999e+02   1.9808447e+00
   2.2630000e+03   3.9468584e+02   1.9842132e+00
   2.2640000e+03   3.9492189e+02   1.9875491e+00
   2.2650000e+03   3.9525899e+02   1.9906477e+00
   2.2660000e+03   3.9559462e+02   1.9970381e+00
   2.2670000e+03   3.9590687e+02   1.9997452e+00
   2.2680000e+03   3.9618426e+02   2.0024631e+00
   2.2690000e+03   3.9636037e+02   2.0051436e+00
   2.2700000e+03   3.9659938e+02   2.0078495e+00
   2.2710000e+03   3.9697016e+02   2.0107713e+00
   2.2720000e+03   3.9723000e+02   2.0137595e+00
   2.2730000e+03   3.9769889e+02   2.0167248e+00
   2.2740000e+03   3.9813476e+02   2.0196029e+00
   2.2750000e+03   3.9829579e+02   2.0223717e+00
   2.2760000e+03   3.9862565e+02   2.0252884e+00
   2.2770000e+03   3.9875190e+02   2.0280733e+00
   2.2780000e+03   3.9891655e+02   2.0309910e+00
   2.2790000e+03   3.9920740e+02   2.0337178e+00
   2.2800000e+03   3.9963436e+02   2.0366359e+00
   2.2810000e+03   4.0000317e+02   2.0394451e+00
   2.2820000e+03   4.0007424e+02   2.0422425e+00
   2.2830000e+03   4.0057893e+02   2.0450742e+00
   2.2840000e+03   4.0065592e+02   2.0479435e+00
   2.2850000e+03   4.0079604e+02   2.0506671e+00
   2.2860000e+03   4.0121062e+02   2.0534240e+00
   2.2870000e+03   4.0156548e+02   2.0561662e+00
   2.2880000e+03   4.0179305e+02   2.0589017e+00
   2.2890000e+03   4.0233738e+02   2.0617463e+00
   2.2900000e+03   4.0251132e+02   2.0643531e+00
   2.2910000e+03   4.0301712e+02   2.0676206e+00
   2.2920000e+03   4.0344069e+02   2.0705018e+00
   2.2930000e+03   4.0382059e+02   2.0733997e+00
   2.2940000e+03   4.0394352e+02   2.0759652e+00
   2.2950000e+03   4.0452159e+02   2.0793465e+00
   2.2960000e+03   4.0502561e+02   2.0825847e+00
   2.2970000e+03   4.0533479e+02   2.0852650e+00
   2.2980000e+03   4.0527421e+02   2.0877751e+00
   2.2990000e+03   4.0542202e+02   2.0903464e+00
   2.3000000e+03   4.0572177e+02   2.0929709e+00
