   1.8500000e+03             NaN             NaN
   1.8510000e+03             NaN             NaN
   1.8520000e+03             NaN             NaN
   1.8530000e+03             NaN             NaN
   1.8540000e+03             NaN             NaN
   1.8550000e+03             NaN             NaN
   1.8560000e+03             NaN             NaN
   1.8570000e+03             NaN             NaN
   1.8580000e+03             NaN             NaN
   1.8590000e+03             NaN             NaN
   1.8600000e+03             NaN             NaN
   1.8610000e+03   1.5368970e+00   2.2159617e+00
   1.8620000e+03   2.8708341e+00   2.2032420e+00
   1.8630000e+03   4.9326693e+00   2.1910471e+00
   1.8640000e+03   6.8054806e+00   2.1773071e+00
   1.8650000e+03   8.6924737e+00   2.1662316e+00
   1.8660000e+03   1.1264939e+01   2.1442467e+00
   1.8670000e+03   1.3427750e+01   2.1313960e+00
   1.8680000e+03   1.5194664e+01   2.1122846e+00
   1.8690000e+03   1.7125316e+01   2.0980706e+00
   1.8700000e+03   1.8669528e+01   2.0754065e+00
   1.8710000e+03   2.0012191e+01   2.0562132e+00
   1.8720000e+03   2.1879453e+01   2.0444035e+00
   1.8730000e+03   2.4098519e+01   2.0263876e+00
   1.8740000e+03   2.6161589e+01   1.9994920e+00
   1.8750000e+03   2.7808389e+01   1.9825203e+00
   1.8760000e+03   2.9979529e+01   1.9682237e+00
   1.8770000e+03   3.0632987e+01   1.9388280e+00
   1.8780000e+03   3.1464878e+01   1.9353195e+00
   1.8790000e+03   3.3064303e+01   1.9243630e+00
   1.8800000e+03   3.5458656e+01   1.9117699e+00
   1.8810000e+03   3.7226515e+01   1.8834895e+00
   1.8820000e+03   3.9623107e+01   1.8424554e+00
   1.8830000e+03   4.1849946e+01   1.8203314e+00
   1.8840000e+03   4.3109791e+01   1.7938971e+00
   1.8850000e+03   4.4148970e+01   1.7901114e+00
   1.8860000e+03   4.5257597e+01   1.7663247e+00
   1.8870000e+03   4.5994288e+01   1.7500265e+00
   1.8880000e+03   4.6813081e+01   1.7318244e+00
   1.8890000e+03   4.7189705e+01   1.7091909e+00
   1.8900000e+03   4.8106688e+01   1.7055984e+00
   1.8910000e+03   4.8344320e+01   1.6951852e+00
   1.8920000e+03   4.8826752e+01   1.6834367e+00
   1.8930000e+03   5.0081996e+01   1.6724975e+00
   1.8940000e+03   5.0450589e+01   1.6297552e+00
   1.8950000e+03   5.1449622e+01   1.6252294e+00
   1.8960000e+03   5.2822607e+01   1.6119844e+00
   1.8970000e+03   5.3890990e+01   1.5903514e+00
   1.8980000e+03   5.5306443e+01   1.5698601e+00
   1.8990000e+03   5.7035617e+01   1.5281589e+00
   1.9000000e+03   5.8959273e+01   1.5043558e+00
   1.9010000e+03   6.0241212e+01   1.4831294e+00
   1.9020000e+03   6.1523360e+01   1.4715981e+00
   1.9030000e+03   6.2313062e+01   1.4557569e+00
   1.9040000e+03   6.3325012e+01   1.4432858e+00
   1.9050000e+03   6.4119941e+01   1.4314004e+00
   1.9060000e+03   6.4748850e+01   1.4211327e+00
   1.9070000e+03   6.5502121e+01   1.4080698e+00
   1.9080000e+03   6.6130688e+01   1.3772395e+00
   1.9090000e+03   6.7879064e+01   1.3671180e+00
   1.9100000e+03   6.8715501e+01   1.3620262e+00
   1.9110000e+03   6.9777020e+01   1.3469225e+00
   1.9120000e+03   7.0288894e+01   1.3357789e+00
   1.9130000e+03   7.0304939e+01   1.3224467e+00
   1.9140000e+03   7.0798685e+01   1.3050748e+00
   1.9150000e+03   7.1893201e+01   1.2950686e+00
   1.9160000e+03   7.2726728e+01   1.2724499e+00
   1.9170000e+03   7.3874178e+01   1.2628429e+00
   1.9180000e+03   7.4313916e+01   1.2365920e+00
   1.9190000e+03   7.5651533e+01   1.2313494e+00
   1.9200000e+03   7.7400819e+01   1.2175469e+00
   1.9210000e+03   7.8832916e+01   1.1884524e+00
   1.9220000e+03   7.9805968e+01   1.1654941e+00
   1.9230000e+03   8.1079720e+01   1.1500006e+00
   1.9240000e+03   8.2139372e+01   1.1410494e+00
   1.9250000e+03   8.3164531e+01   1.1309345e+00
   1.9260000e+03   8.4251767e+01   1.1221793e+00
   1.9270000e+03   8.5209029e+01   1.1164271e+00
   1.9280000e+03   8.6344184e+01   1.1054274e+00
   1.9290000e+03   8.7440097e+01   1.0902548e+00
   1.9300000e+03   8.8510518e+01   1.0792753e+00
   1.9310000e+03   8.9193152e+01   1.0704212e+00
   1.9320000e+03   8.9927022e+01   1.0612960e+00
   1.9330000e+03   9.0622715e+01   1.0502144e+00
   1.9340000e+03   9.1352432e+01   1.0383950e+00
   1.9350000e+03   9.2130443e+01   1.0321087e+00
   1.9360000e+03   9.2797279e+01   1.0258404e+00
   1.9370000e+03   9.3917079e+01   9.9940497e-01
   1.9380000e+03   9.5026968e+01   9.8829781e-01
   1.9390000e+03   9.6147866e+01   9.7197350e-01
   1.9400000e+03   9.7203226e+01   9.5572195e-01
   1.9410000e+03   9.7594163e+01   9.4876531e-01
   1.9420000e+03   9.8619865e+01   9.4207082e-01
   1.9430000e+03   9.9319323e+01   9.3273757e-01
   1.9440000e+03   1.0001631e+02   9.2585755e-01
   1.9450000e+03   1.0117413e+02   9.1895069e-01
   1.9460000e+03   1.0286428e+02   9.1176469e-01
   1.9470000e+03   1.0371676e+02   8.8674114e-01
   1.9480000e+03   1.0445686e+02   8.7073849e-01
   1.9490000e+03   1.0513407e+02   8.6351418e-01
   1.9500000e+03   1.0559347e+02   8.5624604e-01
   1.9510000e+03   1.0623596e+02   8.4818322e-01
   1.9520000e+03   1.0739056e+02   8.4031601e-01
   1.9530000e+03   1.0827701e+02   8.3028771e-01
   1.9540000e+03   1.0903840e+02   8.2256746e-01
   1.9550000e+03   1.0990354e+02   8.1267690e-01
   1.9560000e+03   1.1102408e+02   8.0484459e-01
   1.9570000e+03   1.1206124e+02   7.9583223e-01
   1.9580000e+03   1.1281928e+02   7.8386222e-01
   1.9590000e+03   1.1381852e+02   7.7580304e-01
   1.9600000e+03   1.1440395e+02   7.6332949e-01
   1.9610000e+03   1.1455609e+02   7.5354252e-01
   1.9620000e+03   1.1482654e+02   7.4550447e-01
   1.9630000e+03   1.1518719e+02   7.3701251e-01
   1.9640000e+03   1.1512143e+02   7.2846323e-01
   1.9650000e+03   1.1516015e+02   7.1596608e-01
   1.9660000e+03   1.1528544e+02   7.0604422e-01
   1.9670000e+03   1.1558502e+02   6.9716927e-01
   1.9680000e+03   1.1543737e+02   6.8764599e-01
   1.9690000e+03   1.1559479e+02   6.7888982e-01
   1.9700000e+03   1.1593793e+02   6.6851850e-01
   1.9710000e+03   1.1622915e+02   6.5896435e-01
   1.9720000e+03   1.1687041e+02   6.4946180e-01
   1.9730000e+03   1.1752073e+02   6.3977607e-01
   1.9740000e+03   1.1837160e+02   6.2997404e-01
   1.9750000e+03   1.1926004e+02   6.2144552e-01
   1.9760000e+03   1.1940003e+02   6.1132141e-01
   1.9770000e+03   1.1984904e+02   5.9815583e-01
   1.9780000e+03   1.2072435e+02   5.8779863e-01
   1.9790000e+03   1.2136560e+02   5.7719118e-01
   1.9800000e+03   1.2229131e+02   5.6634773e-01
   1.9810000e+03   1.2302878e+02   5.5529869e-01
   1.9820000e+03   1.2357802e+02   5.3434109e-01
   1.9830000e+03   1.2411084e+02   5.2262342e-01
   1.9840000e+03   1.2449792e+02   5.1009477e-01
   1.9850000e+03   1.2534003e+02   4.9788077e-01
   1.9860000e+03   1.2601817e+02   4.8532277e-01
   1.9870000e+03   1.2660986e+02   4.7238508e-01
   1.9880000e+03   1.2746508e+02   4.5909058e-01
   1.9890000e+03   1.2868947e+02   4.4539739e-01
   1.9900000e+03   1.2956635e+02   4.3106188e-01
   1.9910000e+03   1.3049090e+02   4.1648567e-01
   1.9920000e+03   1.3077139e+02   4.0144287e-01
   1.9930000e+03   1.3131888e+02   3.8619053e-01
   1.9940000e+03   1.3165552e+02   3.6995745e-01
   1.9950000e+03   1.3212996e+02   3.5292860e-01
   1.9960000e+03   1.3286879e+02   3.3555800e-01
   1.9970000e+03   1.3433554e+02   3.1666853e-01
   1.9980000e+03   1.3512182e+02   2.9526865e-01
   1.9990000e+03   1.3626340e+02   2.7371272e-01
   2.0000000e+03   1.3785924e+02   2.5030404e-01
   2.0010000e+03   1.3865795e+02   2.2443297e-01
   2.0020000e+03   1.3952791e+02   1.9570162e-01
   2.0030000e+03   1.4073893e+02   1.9641236e-01
   2.0040000e+03   1.4213521e+02   1.9733957e-01
   2.0050000e+03   1.4347469e+02   1.9826517e-01
   2.0060000e+03   1.4485280e+02   1.9931184e-01
   2.0070000e+03   1.4655736e+02   2.3202140e-01
   2.0080000e+03   1.4793553e+02   2.5271242e-01
   2.0090000e+03   1.5062576e+02   2.7780665e-01
   2.0100000e+03   1.5226223e+02   2.9952648e-01
   2.0110000e+03   1.5362199e+02   3.1933128e-01
   2.0120000e+03   1.5579379e+02   3.8905354e-01
   2.0130000e+03   1.5798053e+02   4.1970249e-01
   2.0140000e+03   1.5970170e+02   4.3405973e-01
   2.0150000e+03   1.6206409e+02   7.4957212e-01
   2.0160000e+03   1.6486099e+02   8.5151406e-01
   2.0170000e+03   1.6790302e+02   1.0773909e+00
   2.0180000e+03   1.7120207e+02   1.2161137e+00
   2.0190000e+03   1.7346947e+02   1.2216119e+00
   2.0200000e+03   1.7565796e+02   1.2267624e+00
   2.0210000e+03   1.7730321e+02   1.2317622e+00
   2.0220000e+03   1.7990376e+02   1.2375979e+00
   2.0230000e+03   1.8227040e+02   1.2430513e+00
   2.0240000e+03   1.8474416e+02   1.2483110e+00
   2.0250000e+03   1.8736828e+02   1.2546019e+00
   2.0260000e+03   1.9000098e+02   1.2602654e+00
   2.0270000e+03   1.9296761e+02   1.2670452e+00
   2.0280000e+03   1.9601130e+02   1.2758346e+00
   2.0290000e+03   1.9872019e+02   1.2829714e+00
   2.0300000e+03   2.0188222e+02   1.2911571e+00
   2.0310000e+03   2.0434683e+02   1.2975935e+00
   2.0320000e+03   2.0667993e+02   1.3035134e+00
   2.0330000e+03   2.0897477e+02   1.3115508e+00
   2.0340000e+03   2.1090826e+02   1.3167104e+00
   2.0350000e+03   2.1346981e+02   1.3248012e+00
   2.0360000e+03   2.1624399e+02   1.3353192e+00
   2.0370000e+03   2.1887557e+02   1.3411783e+00
   2.0380000e+03   2.2147002e+02   1.3495536e+00
   2.0390000e+03   2.2457526e+02   1.3709533e+00
   2.0400000e+03   2.2739992e+02   1.3961726e+00
   2.0410000e+03   2.3071901e+02   1.4383243e+00
   2.0420000e+03   2.3347646e+02   1.4531635e+00
   2.0430000e+03   2.3658536e+02   1.4788109e+00
   2.0440000e+03   2.3992301e+02   1.5217400e+00
   2.0450000e+03   2.4292013e+02   1.5532769e+00
   2.0460000e+03   2.4602424e+02   1.6279592e+00
   2.0470000e+03   2.4905274e+02   1.6533913e+00
   2.0480000e+03   2.5200854e+02   1.6819134e+00
   2.0490000e+03   2.5503804e+02   1.7126786e+00
   2.0500000e+03   2.5798605e+02   1.7612265e+00
   2.0510000e+03   2.6138838e+02   1.8214376e+00
   2.0520000e+03   2.6451469e+02   1.8803637e+00
   2.0530000e+03   2.6760647e+02   1.9558598e+00
   2.0540000e+03   2.6997929e+02   1.9811743e+00
   2.0550000e+03   2.7283324e+02   2.0485896e+00
   2.0560000e+03   2.7626612e+02   2.1584685e+00
   2.0570000e+03   2.7950994e+02   2.3033571e+00
   2.0580000e+03   2.8280248e+02   2.3581865e+00
   2.0590000e+03   2.8608487e+02   2.4801020e+00
   2.0600000e+03   2.8904126e+02   2.5621901e+00
   2.0610000e+03   2.9233124e+02   2.7091456e+00
   2.0620000e+03   2.9568146e+02   2.9015895e+00
   2.0630000e+03   2.9933460e+02   3.0498751e+00
   2.0640000e+03   3.0279511e+02   3.3319517e+00
   2.0650000e+03   3.0648577e+02   3.7356500e+00
   2.0660000e+03   3.1016903e+02   3.9373462e+00
   2.0670000e+03   3.1365974e+02   4.1664424e+00
   2.0680000e+03   3.1724115e+02   4.3998205e+00
   2.0690000e+03   3.2062556e+02   4.6052976e+00
   2.0700000e+03   3.2426967e+02   4.7648753e+00
   2.0710000e+03   3.2775518e+02   4.8017174e+00
   2.0720000e+03   3.3056340e+02   4.8389638e+00
   2.0730000e+03   3.3333563e+02   4.8802551e+00
   2.0740000e+03   3.3643777e+02   4.9215980e+00
   2.0750000e+03   3.3955889e+02   4.9695562e+00
   2.0760000e+03   3.4261596e+02   5.0291914e+00
   2.0770000e+03   3.4586498e+02   5.0985688e+00
   2.0780000e+03   3.4886476e+02   5.1536229e+00
   2.0790000e+03   3.5197518e+02   5.2155823e+00
   2.0800000e+03   3.5511553e+02   5.3255322e+00
   2.0810000e+03   3.5809996e+02   5.3851556e+00
   2.0820000e+03   3.6114718e+02   5.4657976e+00
   2.0830000e+03   3.6435701e+02   5.5254945e+00
   2.0840000e+03   3.6773784e+02   5.6156359e+00
   2.0850000e+03   3.7077132e+02   5.8027012e+00
   2.0860000e+03   3.7359432e+02   5.9227649e+00
   2.0870000e+03   3.7653799e+02   6.0466092e+00
   2.0880000e+03   3.7955565e+02   6.2026147e+00
   2.0890000e+03   3.8280385e+02   6.3396217e+00
   2.0900000e+03   3.8587031e+02   6.5380609e+00
   2.0910000e+03   3.8882515e+02   6.7072841e+00
   2.0920000e+03   3.9174987e+02   6.8472672e+00
   2.0930000e+03   3.9476600e+02   6.9922601e+00
   2.0940000e+03   3.9804205e+02   7.2082998e+00
   2.0950000e+03   4.0105766e+02   7.3394921e+00
   2.0960000e+03   4.0402823e+02   7.5324487e+00
   2.0970000e+03   4.0695721e+02   7.7058780e+00
   2.0980000e+03   4.0995703e+02   7.8726476e+00
   2.0990000e+03   4.1311225e+02   8.1000815e+00
   2.1000000e+03   4.1627374e+02   8.1015997e+00
   2.1010000e+03             NaN             NaN
   2.1020000e+03             NaN             NaN
   2.1030000e+03             NaN             NaN
   2.1040000e+03             NaN             NaN
   2.1050000e+03             NaN             NaN
   2.1060000e+03             NaN             NaN
   2.1070000e+03             NaN             NaN
   2.1080000e+03             NaN             NaN
   2.1090000e+03             NaN             NaN
   2.1100000e+03             NaN             NaN
   2.1110000e+03             NaN             NaN
   2.1120000e+03             NaN             NaN
   2.1130000e+03             NaN             NaN
   2.1140000e+03             NaN             NaN
   2.1150000e+03             NaN             NaN
   2.1160000e+03             NaN             NaN
   2.1170000e+03             NaN             NaN
   2.1180000e+03             NaN             NaN
   2.1190000e+03             NaN             NaN
   2.1200000e+03             NaN             NaN
   2.1210000e+03             NaN             NaN
   2.1220000e+03             NaN             NaN
   2.1230000e+03             NaN             NaN
   2.1240000e+03             NaN             NaN
   2.1250000e+03             NaN             NaN
   2.1260000e+03             NaN             NaN
   2.1270000e+03             NaN             NaN
   2.1280000e+03             NaN             NaN
   2.1290000e+03             NaN             NaN
   2.1300000e+03             NaN             NaN
   2.1310000e+03             NaN             NaN
   2.1320000e+03             NaN             NaN
   2.1330000e+03             NaN             NaN
   2.1340000e+03             NaN             NaN
   2.1350000e+03             NaN             NaN
   2.1360000e+03             NaN             NaN
   2.1370000e+03             NaN             NaN
   2.1380000e+03             NaN             NaN
   2.1390000e+03             NaN             NaN
   2.1400000e+03             NaN             NaN
   2.1410000e+03             NaN             NaN
   2.1420000e+03             NaN             NaN
   2.1430000e+03             NaN             NaN
   2.1440000e+03             NaN             NaN
   2.1450000e+03             NaN             NaN
   2.1460000e+03             NaN             NaN
   2.1470000e+03             NaN             NaN
   2.1480000e+03             NaN             NaN
   2.1490000e+03             NaN             NaN
   2.1500000e+03             NaN             NaN
   2.1510000e+03             NaN             NaN
   2.1520000e+03             NaN             NaN
   2.1530000e+03             NaN             NaN
   2.1540000e+03             NaN             NaN
   2.1550000e+03             NaN             NaN
   2.1560000e+03             NaN             NaN
   2.1570000e+03             NaN             NaN
   2.1580000e+03             NaN             NaN
   2.1590000e+03             NaN             NaN
   2.1600000e+03             NaN             NaN
   2.1610000e+03             NaN             NaN
   2.1620000e+03             NaN             NaN
   2.1630000e+03             NaN             NaN
   2.1640000e+03             NaN             NaN
   2.1650000e+03             NaN             NaN
   2.1660000e+03             NaN             NaN
   2.1670000e+03             NaN             NaN
   2.1680000e+03             NaN             NaN
   2.1690000e+03             NaN             NaN
   2.1700000e+03             NaN             NaN
   2.1710000e+03             NaN             NaN
   2.1720000e+03             NaN             NaN
   2.1730000e+03             NaN             NaN
   2.1740000e+03             NaN             NaN
   2.1750000e+03             NaN             NaN
   2.1760000e+03             NaN             NaN
   2.1770000e+03             NaN             NaN
   2.1780000e+03             NaN             NaN
   2.1790000e+03             NaN             NaN
   2.1800000e+03             NaN             NaN
   2.1810000e+03             NaN             NaN
   2.1820000e+03             NaN             NaN
   2.1830000e+03             NaN             NaN
   2.1840000e+03             NaN             NaN
   2.1850000e+03             NaN             NaN
   2.1860000e+03             NaN             NaN
   2.1870000e+03             NaN             NaN
   2.1880000e+03             NaN             NaN
   2.1890000e+03             NaN             NaN
   2.1900000e+03             NaN             NaN
   2.1910000e+03             NaN             NaN
   2.1920000e+03             NaN             NaN
   2.1930000e+03             NaN             NaN
   2.1940000e+03             NaN             NaN
   2.1950000e+03             NaN             NaN
   2.1960000e+03             NaN             NaN
   2.1970000e+03             NaN             NaN
   2.1980000e+03             NaN             NaN
   2.1990000e+03             NaN             NaN
   2.2000000e+03             NaN             NaN
   2.2010000e+03             NaN             NaN
   2.2020000e+03             NaN             NaN
   2.2030000e+03             NaN             NaN
   2.2040000e+03             NaN             NaN
   2.2050000e+03             NaN             NaN
   2.2060000e+03             NaN             NaN
   2.2070000e+03             NaN             NaN
   2.2080000e+03             NaN             NaN
   2.2090000e+03             NaN             NaN
   2.2100000e+03             NaN             NaN
   2.2110000e+03             NaN             NaN
   2.2120000e+03             NaN             NaN
   2.2130000e+03             NaN             NaN
   2.2140000e+03             NaN             NaN
   2.2150000e+03             NaN             NaN
   2.2160000e+03             NaN             NaN
   2.2170000e+03             NaN             NaN
   2.2180000e+03             NaN             NaN
   2.2190000e+03             NaN             NaN
   2.2200000e+03             NaN             NaN
   2.2210000e+03             NaN             NaN
   2.2220000e+03             NaN             NaN
   2.2230000e+03             NaN             NaN
   2.2240000e+03             NaN             NaN
   2.2250000e+03             NaN             NaN
   2.2260000e+03             NaN             NaN
   2.2270000e+03             NaN             NaN
   2.2280000e+03             NaN             NaN
   2.2290000e+03             NaN             NaN
   2.2300000e+03             NaN             NaN
   2.2310000e+03             NaN             NaN
   2.2320000e+03             NaN             NaN
   2.2330000e+03             NaN             NaN
   2.2340000e+03             NaN             NaN
   2.2350000e+03             NaN             NaN
   2.2360000e+03             NaN             NaN
   2.2370000e+03             NaN             NaN
   2.2380000e+03             NaN             NaN
   2.2390000e+03             NaN             NaN
   2.2400000e+03             NaN             NaN
   2.2410000e+03             NaN             NaN
   2.2420000e+03             NaN             NaN
   2.2430000e+03             NaN             NaN
   2.2440000e+03             NaN             NaN
   2.2450000e+03             NaN             NaN
   2.2460000e+03             NaN             NaN
   2.2470000e+03             NaN             NaN
   2.2480000e+03             NaN             NaN
   2.2490000e+03             NaN             NaN
   2.2500000e+03             NaN             NaN
   2.2510000e+03             NaN             NaN
   2.2520000e+03             NaN             NaN
   2.2530000e+03             NaN             NaN
   2.2540000e+03             NaN             NaN
   2.2550000e+03             NaN             NaN
   2.2560000e+03             NaN             NaN
   2.2570000e+03             NaN             NaN
   2.2580000e+03             NaN             NaN
   2.2590000e+03             NaN             NaN
   2.2600000e+03             NaN             NaN
   2.2610000e+03             NaN             NaN
   2.2620000e+03             NaN             NaN
   2.2630000e+03             NaN             NaN
   2.2640000e+03             NaN             NaN
   2.2650000e+03             NaN             NaN
   2.2660000e+03             NaN             NaN
   2.2670000e+03             NaN             NaN
   2.2680000e+03             NaN             NaN
   2.2690000e+03             NaN             NaN
   2.2700000e+03             NaN             NaN
   2.2710000e+03             NaN             NaN
   2.2720000e+03             NaN             NaN
   2.2730000e+03             NaN             NaN
   2.2740000e+03             NaN             NaN
   2.2750000e+03             NaN             NaN
   2.2760000e+03             NaN             NaN
   2.2770000e+03             NaN             NaN
   2.2780000e+03             NaN             NaN
   2.2790000e+03             NaN             NaN
   2.2800000e+03             NaN             NaN
   2.2810000e+03             NaN             NaN
   2.2820000e+03             NaN             NaN
   2.2830000e+03             NaN             NaN
   2.2840000e+03             NaN             NaN
   2.2850000e+03             NaN             NaN
   2.2860000e+03             NaN             NaN
   2.2870000e+03             NaN             NaN
   2.2880000e+03             NaN             NaN
   2.2890000e+03             NaN             NaN
   2.2900000e+03             NaN             NaN
   2.2910000e+03             NaN             NaN
   2.2920000e+03             NaN             NaN
   2.2930000e+03             NaN             NaN
   2.2940000e+03             NaN             NaN
   2.2950000e+03             NaN             NaN
   2.2960000e+03             NaN             NaN
   2.2970000e+03             NaN             NaN
   2.2980000e+03             NaN             NaN
   2.2990000e+03             NaN             NaN
   2.3000000e+03             NaN             NaN
