   1.8500000e+03             NaN             NaN
   1.8510000e+03             NaN             NaN
   1.8520000e+03             NaN             NaN
   1.8530000e+03             NaN             NaN
   1.8540000e+03             NaN             NaN
   1.8550000e+03             NaN             NaN
   1.8560000e+03             NaN             NaN
   1.8570000e+03             NaN             NaN
   1.8580000e+03             NaN             NaN
   1.8590000e+03             NaN             NaN
   1.8600000e+03             NaN             NaN
   1.8610000e+03   2.3326002e+00   4.1789873e+00
   1.8620000e+03   3.2926596e+00   4.1178602e+00
   1.8630000e+03   4.9759086e+00   4.0809493e+00
   1.8640000e+03   6.6561195e+00   4.0309760e+00
   1.8650000e+03   8.1712511e+00   3.9395929e+00
   1.8660000e+03   9.3391275e+00   3.8967936e+00
   1.8670000e+03   1.0078819e+01   3.8170530e+00
   1.8680000e+03   1.0716598e+01   3.7757735e+00
   1.8690000e+03   1.2487210e+01   3.7735378e+00
   1.8700000e+03   1.3682980e+01   3.7208724e+00
   1.8710000e+03   1.5010228e+01   3.6833898e+00
   1.8720000e+03   1.6393941e+01   3.6455855e+00
   1.8730000e+03   1.7754724e+01   3.6435667e+00
   1.8740000e+03   1.8896328e+01   3.5996101e+00
   1.8750000e+03   2.1016471e+01   3.5976356e+00
   1.8760000e+03   2.2754379e+01   3.5053148e+00
   1.8770000e+03   2.4423596e+01   3.4368044e+00
   1.8780000e+03   2.6211968e+01   3.3625494e+00
   1.8790000e+03   2.7645451e+01   3.2615223e+00
   1.8800000e+03   2.9474556e+01   3.2223703e+00
   1.8810000e+03   3.0810096e+01   3.1851630e+00
   1.8820000e+03   3.2300683e+01   3.1823077e+00
   1.8830000e+03   3.3909709e+01   3.1270378e+00
   1.8840000e+03   3.4513367e+01   3.0823318e+00
   1.8850000e+03   3.5752884e+01   3.0535903e+00
   1.8860000e+03   3.6722177e+01   2.9859368e+00
   1.8870000e+03   3.7578767e+01   2.9467194e+00
   1.8880000e+03   3.8427357e+01   2.9178185e+00
   1.8890000e+03   3.9681649e+01   2.9154230e+00
   1.8900000e+03   4.1243836e+01   2.8820285e+00
   1.8910000e+03   4.2640653e+01   2.8498167e+00
   1.8920000e+03   4.3878257e+01   2.8157457e+00
   1.8930000e+03   4.5163426e+01   2.7576863e+00
   1.8940000e+03   4.6130590e+01   2.7540400e+00
   1.8950000e+03   4.7383407e+01   2.7067549e+00
   1.8960000e+03   4.8406159e+01   2.6773173e+00
   1.8970000e+03   4.9442798e+01   2.6334868e+00
   1.8980000e+03   5.0579861e+01   2.6295333e+00
   1.8990000e+03   5.2632812e+01   2.6256671e+00
   1.9000000e+03   5.3877515e+01   2.5735520e+00
   1.9010000e+03   5.4548460e+01   2.5387021e+00
   1.9020000e+03   5.5917626e+01   2.5360605e+00
   1.9030000e+03   5.7072903e+01   2.5089565e+00
   1.9040000e+03   5.8119999e+01   2.4705602e+00
   1.9050000e+03   5.9744648e+01   2.4445053e+00
   1.9060000e+03   6.1246193e+01   2.3962202e+00
   1.9070000e+03   6.1826987e+01   2.3691269e+00
   1.9080000e+03   6.2287417e+01   2.3652438e+00
   1.9090000e+03   6.2919530e+01   2.3301169e+00
   1.9100000e+03   6.3117825e+01   2.3047671e+00
   1.9110000e+03   6.3596479e+01   2.3014783e+00
   1.9120000e+03   6.4323854e+01   2.2768360e+00
   1.9130000e+03   6.4702236e+01   2.2273453e+00
   1.9140000e+03   6.5391472e+01   2.2028819e+00
   1.9150000e+03   6.6560637e+01   2.1771293e+00
   1.9160000e+03   6.7629270e+01   2.1246269e+00
   1.9170000e+03   6.8820362e+01   2.0961443e+00
   1.9180000e+03   7.0093879e+01   2.0503912e+00
   1.9190000e+03   7.1075644e+01   2.0218561e+00
   1.9200000e+03   7.2345293e+01   1.9777360e+00
   1.9210000e+03   7.3106117e+01   1.9518025e+00
   1.9220000e+03   7.3959362e+01   1.9218646e+00
   1.9230000e+03   7.4844252e+01   1.8926046e+00
   1.9240000e+03   7.5662704e+01   1.8883726e+00
   1.9250000e+03   7.6880833e+01   1.8318985e+00
   1.9260000e+03   7.8735752e+01   1.7864374e+00
   1.9270000e+03   8.0128385e+01   1.7478735e+00
   1.9280000e+03   8.1460560e+01   1.7442961e+00
   1.9290000e+03   8.2324756e+01   1.7224533e+00
   1.9300000e+03   8.3164213e+01   1.7182433e+00
   1.9310000e+03   8.3506786e+01   1.6844647e+00
   1.9320000e+03   8.3995127e+01   1.6794881e+00
   1.9330000e+03   8.5096129e+01   1.6580998e+00
   1.9340000e+03   8.6775455e+01   1.5895464e+00
   1.9350000e+03   8.8274158e+01   1.5171982e+00
   1.9360000e+03   8.9934830e+01   1.4456092e+00
   1.9370000e+03   9.1307319e+01   1.3865786e+00
   1.9380000e+03   9.2554444e+01   1.3817040e+00
   1.9390000e+03   9.3567245e+01   1.3756168e+00
   1.9400000e+03   9.5079934e+01   1.3701371e+00
   1.9410000e+03   9.6302458e+01   1.3455788e+00
   1.9420000e+03   9.7614136e+01   1.2953884e+00
   1.9430000e+03   9.9085239e+01   1.2746576e+00
   1.9440000e+03   1.0064920e+02   1.2511330e+00
   1.9450000e+03   1.0184762e+02   1.2246485e+00
   1.9460000e+03   1.0426459e+02   1.2191638e+00
   1.9470000e+03   1.0585506e+02   1.1898227e+00
   1.9480000e+03   1.0760016e+02   1.1826283e+00
   1.9490000e+03   1.0865955e+02   1.1567900e+00
   1.9500000e+03   1.0922425e+02   1.1478012e+00
   1.9510000e+03   1.1042023e+02   1.1323397e+00
   1.9520000e+03   1.1150808e+02   1.1051939e+00
   1.9530000e+03   1.1218957e+02   1.0992451e+00
   1.9540000e+03   1.1359870e+02   1.0933859e+00
   1.9550000e+03   1.1438111e+02   1.0454084e+00
   1.9560000e+03   1.1522775e+02   1.0100051e+00
   1.9570000e+03   1.1573001e+02   9.4762687e-01
   1.9580000e+03   1.1623930e+02   9.1891357e-01
   1.9590000e+03   1.1669197e+02   9.1190290e-01
   1.9600000e+03   1.1736309e+02   8.7515050e-01
   1.9610000e+03   1.1714962e+02   8.5990825e-01
   1.9620000e+03   1.1722466e+02   8.5239098e-01
   1.9630000e+03   1.1766348e+02   8.4582198e-01
   1.9640000e+03   1.1821425e+02   8.3229661e-01
   1.9650000e+03   1.1939302e+02   8.2022580e-01
   1.9660000e+03   1.1974273e+02   8.1199365e-01
   1.9670000e+03   1.2052076e+02   7.8807408e-01
   1.9680000e+03   1.2103531e+02   7.5975001e-01
   1.9690000e+03   1.2240957e+02   7.5137516e-01
   1.9700000e+03   1.2371135e+02   7.4219232e-01
   1.9710000e+03   1.2427749e+02   7.3141050e-01
   1.9720000e+03   1.2507377e+02   7.2259043e-01
   1.9730000e+03   1.2543111e+02   7.1372395e-01
   1.9740000e+03   1.2565486e+02   7.0481124e-01
   1.9750000e+03   1.2576149e+02   6.8670903e-01
   1.9760000e+03   1.2642891e+02   6.7743944e-01
   1.9770000e+03   1.2725968e+02   6.6532831e-01
   1.9780000e+03   1.2767642e+02   6.2974685e-01
   1.9790000e+03   1.2831868e+02   6.1977995e-01
   1.9800000e+03   1.2866428e+02   6.0951265e-01
   1.9810000e+03   1.2902517e+02   5.9912412e-01
   1.9820000e+03   1.2895323e+02   5.8853029e-01
   1.9830000e+03   1.2892570e+02   5.7751554e-01
   1.9840000e+03   1.2925703e+02   5.6657493e-01
   1.9850000e+03   1.3002420e+02   5.5451326e-01
   1.9860000e+03   1.3126394e+02   5.4280918e-01
   1.9870000e+03   1.3259176e+02   5.1792832e-01
   1.9880000e+03   1.3407929e+02   5.0541391e-01
   1.9890000e+03   1.3493566e+02   4.6623888e-01
   1.9900000e+03   1.3557473e+02   4.5263291e-01
   1.9910000e+03   1.3609701e+02   4.2315463e-01
   1.9920000e+03   1.3684014e+02   4.0756079e-01
   1.9930000e+03   1.3742856e+02   3.9207718e-01
   1.9940000e+03   1.3855214e+02   3.7662083e-01
   1.9950000e+03   1.3986668e+02   3.6030464e-01
   1.9960000e+03   1.4154155e+02   3.4248095e-01
   1.9970000e+03   1.4281987e+02   3.2252813e-01
   1.9980000e+03   1.4401577e+02   3.0275299e-01
   1.9990000e+03   1.4538577e+02   2.8117310e-01
   2.0000000e+03   1.4675980e+02   2.5746660e-01
   2.0010000e+03   1.4821981e+02   2.2781363e-01
   2.0020000e+03   1.4948535e+02   1.9930180e-01
   2.0030000e+03   1.5065536e+02   1.9778027e-01
   2.0040000e+03   1.5220614e+02   1.9829049e-01
   2.0050000e+03   1.5360783e+02   1.9937236e-01
   2.0060000e+03   1.5523636e+02   1.9964644e-01
   2.0070000e+03   1.5705376e+02   2.4831094e-01
   2.0080000e+03   1.5896895e+02   2.6797419e-01
   2.0090000e+03   1.6019447e+02   2.8984808e-01
   2.0100000e+03   1.6175607e+02   3.1271628e-01
   2.0110000e+03   1.6308202e+02   3.3213100e-01
   2.0120000e+03   1.6473474e+02   3.5132312e-01
   2.0130000e+03   1.6684108e+02   3.7054209e-01
   2.0140000e+03   1.6919025e+02   4.6228678e-01
   2.0150000e+03   1.7085966e+02   4.7717555e-01
   2.0160000e+03   1.7306851e+02   4.9095689e-01
   2.0170000e+03   1.7610564e+02   6.8367080e-01
   2.0180000e+03   1.7820735e+02   6.9266186e-01
   2.0190000e+03   1.8043679e+02   7.0577898e-01
   2.0200000e+03   1.8211151e+02   7.1620324e-01
   2.0210000e+03   1.8423918e+02   7.4075672e-01
   2.0220000e+03   1.8634872e+02   7.4912959e-01
   2.0230000e+03   1.8841970e+02   7.6452835e-01
   2.0240000e+03   1.9011946e+02   7.8273901e-01
   2.0250000e+03   1.9299443e+02   1.6951164e+00
   2.0260000e+03   1.9468198e+02   1.6987873e+00
   2.0270000e+03   1.9654141e+02   1.7026272e+00
   2.0280000e+03   1.9865562e+02   1.7120143e+00
   2.0290000e+03   2.0059535e+02   1.7332142e+00
   2.0300000e+03   2.0209706e+02   1.7468176e+00
   2.0310000e+03   2.0417399e+02   1.7651195e+00
   2.0320000e+03   2.0711362e+02   1.8237452e+00
   2.0330000e+03   2.0935276e+02   1.8326381e+00
   2.0340000e+03   2.1176323e+02   1.8496004e+00
   2.0350000e+03   2.1415630e+02   1.8854325e+00
   2.0360000e+03   2.1642990e+02   1.8928378e+00
   2.0370000e+03   2.1845081e+02   1.8962889e+00
   2.0380000e+03   2.2005533e+02   1.9036306e+00
   2.0390000e+03   2.2143939e+02   1.9099880e+00
   2.0400000e+03   2.2317228e+02   1.9179305e+00
   2.0410000e+03   2.2555238e+02   1.9255605e+00
   2.0420000e+03   2.2744062e+02   1.9288343e+00
   2.0430000e+03   2.2900634e+02   1.9328629e+00
   2.0440000e+03   2.3105771e+02   1.9365304e+00
   2.0450000e+03   2.3269098e+02   1.9454453e+00
   2.0460000e+03   2.3455680e+02   1.9492303e+00
   2.0470000e+03   2.3646766e+02   1.9570983e+00
   2.0480000e+03   2.3822075e+02   1.9607360e+00
   2.0490000e+03   2.3986741e+02   1.9638515e+00
   2.0500000e+03   2.4155570e+02   1.9796948e+00
   2.0510000e+03   2.4359717e+02   1.9843786e+00
   2.0520000e+03   2.4554376e+02   2.0107408e+00
   2.0530000e+03   2.4747035e+02   2.0141140e+00
   2.0540000e+03   2.4991166e+02   2.0842584e+00
   2.0550000e+03   2.5197955e+02   2.1114288e+00
   2.0560000e+03   2.5437758e+02   2.1428273e+00
   2.0570000e+03   2.5616658e+02   2.1457036e+00
   2.0580000e+03   2.5833414e+02   2.2912507e+00
   2.0590000e+03   2.6078416e+02   2.5089197e+00
   2.0600000e+03   2.6384088e+02   2.6431539e+00
   2.0610000e+03   2.6604238e+02   2.7423382e+00
   2.0620000e+03   2.6873532e+02   2.9021443e+00
   2.0630000e+03   2.7148659e+02   3.0036919e+00
   2.0640000e+03   2.7379638e+02   3.0686127e+00
   2.0650000e+03   2.7641392e+02   3.1324981e+00
   2.0660000e+03   2.8010434e+02   3.4640292e+00
   2.0670000e+03   2.8341407e+02   3.7914363e+00
   2.0680000e+03   2.8652895e+02   4.0147420e+00
   2.0690000e+03   2.8984214e+02   4.1813432e+00
   2.0700000e+03   2.9320059e+02   4.3744306e+00
   2.0710000e+03   2.9637927e+02   4.5936493e+00
   2.0720000e+03   2.9960033e+02   4.7645129e+00
   2.0730000e+03   3.0273500e+02   5.1315545e+00
   2.0740000e+03   3.0623480e+02   5.3503522e+00
   2.0750000e+03   3.0920570e+02   5.4345386e+00
   2.0760000e+03   3.1186602e+02   5.4356270e+00
   2.0770000e+03   3.1447660e+02   5.4367376e+00
   2.0780000e+03   3.1716836e+02   5.4378554e+00
   2.0790000e+03   3.1989302e+02   5.4389967e+00
   2.0800000e+03   3.2288013e+02   5.4401424e+00
   2.0810000e+03   3.2588851e+02   5.4413078e+00
   2.0820000e+03   3.2875943e+02   5.4424036e+00
   2.0830000e+03   3.3161784e+02   5.4436193e+00
   2.0840000e+03   3.3427604e+02   5.4447467e+00
   2.0850000e+03   3.3703632e+02   5.4459158e+00
   2.0860000e+03   3.3965737e+02   5.4470112e+00
   2.0870000e+03   3.4243281e+02   5.4481894e+00
   2.0880000e+03   3.4536361e+02   5.4495661e+00
   2.0890000e+03   3.4818439e+02   5.4507876e+00
   2.0900000e+03   3.5089559e+02   5.4519615e+00
   2.0910000e+03   3.5326610e+02   5.4531508e+00
   2.0920000e+03   3.5561903e+02   5.4543180e+00
   2.0930000e+03   3.5795110e+02   5.4554347e+00
   2.0940000e+03   3.6037585e+02   5.4565765e+00
   2.0950000e+03   3.6296411e+02   5.4578749e+00
   2.0960000e+03   3.6565878e+02   5.4592183e+00
   2.0970000e+03   3.6837202e+02   5.4606157e+00
   2.0980000e+03   3.7127338e+02   5.4620512e+00
   2.0990000e+03             NaN             NaN
   2.1000000e+03             NaN             NaN
   2.1010000e+03             NaN             NaN
   2.1020000e+03             NaN             NaN
   2.1030000e+03             NaN             NaN
   2.1040000e+03             NaN             NaN
   2.1050000e+03             NaN             NaN
   2.1060000e+03             NaN             NaN
   2.1070000e+03             NaN             NaN
   2.1080000e+03             NaN             NaN
   2.1090000e+03             NaN             NaN
   2.1100000e+03             NaN             NaN
   2.1110000e+03             NaN             NaN
   2.1120000e+03             NaN             NaN
   2.1130000e+03             NaN             NaN
   2.1140000e+03             NaN             NaN
   2.1150000e+03             NaN             NaN
   2.1160000e+03             NaN             NaN
   2.1170000e+03             NaN             NaN
   2.1180000e+03             NaN             NaN
   2.1190000e+03             NaN             NaN
   2.1200000e+03             NaN             NaN
   2.1210000e+03             NaN             NaN
   2.1220000e+03             NaN             NaN
   2.1230000e+03             NaN             NaN
   2.1240000e+03             NaN             NaN
   2.1250000e+03             NaN             NaN
   2.1260000e+03             NaN             NaN
   2.1270000e+03             NaN             NaN
   2.1280000e+03             NaN             NaN
   2.1290000e+03             NaN             NaN
   2.1300000e+03             NaN             NaN
   2.1310000e+03             NaN             NaN
   2.1320000e+03             NaN             NaN
   2.1330000e+03             NaN             NaN
   2.1340000e+03             NaN             NaN
   2.1350000e+03             NaN             NaN
   2.1360000e+03             NaN             NaN
   2.1370000e+03             NaN             NaN
   2.1380000e+03             NaN             NaN
   2.1390000e+03             NaN             NaN
   2.1400000e+03             NaN             NaN
   2.1410000e+03             NaN             NaN
   2.1420000e+03             NaN             NaN
   2.1430000e+03             NaN             NaN
   2.1440000e+03             NaN             NaN
   2.1450000e+03             NaN             NaN
   2.1460000e+03             NaN             NaN
   2.1470000e+03             NaN             NaN
   2.1480000e+03             NaN             NaN
   2.1490000e+03             NaN             NaN
   2.1500000e+03             NaN             NaN
   2.1510000e+03             NaN             NaN
   2.1520000e+03             NaN             NaN
   2.1530000e+03             NaN             NaN
   2.1540000e+03             NaN             NaN
   2.1550000e+03             NaN             NaN
   2.1560000e+03             NaN             NaN
   2.1570000e+03             NaN             NaN
   2.1580000e+03             NaN             NaN
   2.1590000e+03             NaN             NaN
   2.1600000e+03             NaN             NaN
   2.1610000e+03             NaN             NaN
   2.1620000e+03             NaN             NaN
   2.1630000e+03             NaN             NaN
   2.1640000e+03             NaN             NaN
   2.1650000e+03             NaN             NaN
   2.1660000e+03             NaN             NaN
   2.1670000e+03             NaN             NaN
   2.1680000e+03             NaN             NaN
   2.1690000e+03             NaN             NaN
   2.1700000e+03             NaN             NaN
   2.1710000e+03             NaN             NaN
   2.1720000e+03             NaN             NaN
   2.1730000e+03             NaN             NaN
   2.1740000e+03             NaN             NaN
   2.1750000e+03             NaN             NaN
   2.1760000e+03             NaN             NaN
   2.1770000e+03             NaN             NaN
   2.1780000e+03             NaN             NaN
   2.1790000e+03             NaN             NaN
   2.1800000e+03             NaN             NaN
   2.1810000e+03             NaN             NaN
   2.1820000e+03             NaN             NaN
   2.1830000e+03             NaN             NaN
   2.1840000e+03             NaN             NaN
   2.1850000e+03             NaN             NaN
   2.1860000e+03             NaN             NaN
   2.1870000e+03             NaN             NaN
   2.1880000e+03             NaN             NaN
   2.1890000e+03             NaN             NaN
   2.1900000e+03             NaN             NaN
   2.1910000e+03             NaN             NaN
   2.1920000e+03             NaN             NaN
   2.1930000e+03             NaN             NaN
   2.1940000e+03             NaN             NaN
   2.1950000e+03             NaN             NaN
   2.1960000e+03             NaN             NaN
   2.1970000e+03             NaN             NaN
   2.1980000e+03             NaN             NaN
   2.1990000e+03             NaN             NaN
   2.2000000e+03             NaN             NaN
   2.2010000e+03             NaN             NaN
   2.2020000e+03             NaN             NaN
   2.2030000e+03             NaN             NaN
   2.2040000e+03             NaN             NaN
   2.2050000e+03             NaN             NaN
   2.2060000e+03             NaN             NaN
   2.2070000e+03             NaN             NaN
   2.2080000e+03             NaN             NaN
   2.2090000e+03             NaN             NaN
   2.2100000e+03             NaN             NaN
   2.2110000e+03             NaN             NaN
   2.2120000e+03             NaN             NaN
   2.2130000e+03             NaN             NaN
   2.2140000e+03             NaN             NaN
   2.2150000e+03             NaN             NaN
   2.2160000e+03             NaN             NaN
   2.2170000e+03             NaN             NaN
   2.2180000e+03             NaN             NaN
   2.2190000e+03             NaN             NaN
   2.2200000e+03             NaN             NaN
   2.2210000e+03             NaN             NaN
   2.2220000e+03             NaN             NaN
   2.2230000e+03             NaN             NaN
   2.2240000e+03             NaN             NaN
   2.2250000e+03             NaN             NaN
   2.2260000e+03             NaN             NaN
   2.2270000e+03             NaN             NaN
   2.2280000e+03             NaN             NaN
   2.2290000e+03             NaN             NaN
   2.2300000e+03             NaN             NaN
   2.2310000e+03             NaN             NaN
   2.2320000e+03             NaN             NaN
   2.2330000e+03             NaN             NaN
   2.2340000e+03             NaN             NaN
   2.2350000e+03             NaN             NaN
   2.2360000e+03             NaN             NaN
   2.2370000e+03             NaN             NaN
   2.2380000e+03             NaN             NaN
   2.2390000e+03             NaN             NaN
   2.2400000e+03             NaN             NaN
   2.2410000e+03             NaN             NaN
   2.2420000e+03             NaN             NaN
   2.2430000e+03             NaN             NaN
   2.2440000e+03             NaN             NaN
   2.2450000e+03             NaN             NaN
   2.2460000e+03             NaN             NaN
   2.2470000e+03             NaN             NaN
   2.2480000e+03             NaN             NaN
   2.2490000e+03             NaN             NaN
   2.2500000e+03             NaN             NaN
   2.2510000e+03             NaN             NaN
   2.2520000e+03             NaN             NaN
   2.2530000e+03             NaN             NaN
   2.2540000e+03             NaN             NaN
   2.2550000e+03             NaN             NaN
   2.2560000e+03             NaN             NaN
   2.2570000e+03             NaN             NaN
   2.2580000e+03             NaN             NaN
   2.2590000e+03             NaN             NaN
   2.2600000e+03             NaN             NaN
   2.2610000e+03             NaN             NaN
   2.2620000e+03             NaN             NaN
   2.2630000e+03             NaN             NaN
   2.2640000e+03             NaN             NaN
   2.2650000e+03             NaN             NaN
   2.2660000e+03             NaN             NaN
   2.2670000e+03             NaN             NaN
   2.2680000e+03             NaN             NaN
   2.2690000e+03             NaN             NaN
   2.2700000e+03             NaN             NaN
   2.2710000e+03             NaN             NaN
   2.2720000e+03             NaN             NaN
   2.2730000e+03             NaN             NaN
   2.2740000e+03             NaN             NaN
   2.2750000e+03             NaN             NaN
   2.2760000e+03             NaN             NaN
   2.2770000e+03             NaN             NaN
   2.2780000e+03             NaN             NaN
   2.2790000e+03             NaN             NaN
   2.2800000e+03             NaN             NaN
   2.2810000e+03             NaN             NaN
   2.2820000e+03             NaN             NaN
   2.2830000e+03             NaN             NaN
   2.2840000e+03             NaN             NaN
   2.2850000e+03             NaN             NaN
   2.2860000e+03             NaN             NaN
   2.2870000e+03             NaN             NaN
   2.2880000e+03             NaN             NaN
   2.2890000e+03             NaN             NaN
   2.2900000e+03             NaN             NaN
   2.2910000e+03             NaN             NaN
   2.2920000e+03             NaN             NaN
   2.2930000e+03             NaN             NaN
   2.2940000e+03             NaN             NaN
   2.2950000e+03             NaN             NaN
   2.2960000e+03             NaN             NaN
   2.2970000e+03             NaN             NaN
   2.2980000e+03             NaN             NaN
   2.2990000e+03             NaN             NaN
   2.3000000e+03             NaN             NaN
