   1.8500000e+03             NaN             NaN
   1.8510000e+03             NaN             NaN
   1.8520000e+03             NaN             NaN
   1.8530000e+03             NaN             NaN
   1.8540000e+03             NaN             NaN
   1.8550000e+03             NaN             NaN
   1.8560000e+03             NaN             NaN
   1.8570000e+03             NaN             NaN
   1.8580000e+03             NaN             NaN
   1.8590000e+03             NaN             NaN
   1.8600000e+03             NaN             NaN
   1.8610000e+03   2.3523175e+00   4.1812912e+00
   1.8620000e+03   3.3259227e+00   4.1200785e+00
   1.8630000e+03   5.0068616e+00   4.0831778e+00
   1.8640000e+03   6.7101137e+00   4.0331203e+00
   1.8650000e+03   8.2414177e+00   3.9417804e+00
   1.8660000e+03   9.4197325e+00   3.8989959e+00
   1.8670000e+03   1.0165341e+01   3.8192932e+00
   1.8680000e+03   1.0804184e+01   3.7780345e+00
   1.8690000e+03   1.2578700e+01   3.7757936e+00
   1.8700000e+03   1.3776946e+01   3.7231550e+00
   1.8710000e+03   1.5128811e+01   3.6856805e+00
   1.8720000e+03   1.6526258e+01   3.6479072e+00
   1.8730000e+03   1.7913143e+01   3.6458602e+00
   1.8740000e+03   1.9078816e+01   3.6019212e+00
   1.8750000e+03   2.1222394e+01   3.5999455e+00
   1.8760000e+03   2.2978252e+01   3.5076306e+00
   1.8770000e+03   2.4670163e+01   3.4390579e+00
   1.8780000e+03   2.6487174e+01   3.3648541e+00
   1.8790000e+03   2.7943474e+01   3.2638459e+00
   1.8800000e+03   2.9785060e+01   3.2247083e+00
   1.8810000e+03   3.1131279e+01   3.1872918e+00
   1.8820000e+03   3.2630506e+01   3.1844355e+00
   1.8830000e+03   3.4256312e+01   3.1291849e+00
   1.8840000e+03   3.4864499e+01   3.0844712e+00
   1.8850000e+03   3.6104627e+01   3.0557287e+00
   1.8860000e+03   3.7074316e+01   2.9881175e+00
   1.8870000e+03   3.7929977e+01   2.9489251e+00
   1.8880000e+03   3.8789124e+01   2.9200443e+00
   1.8890000e+03   4.0091629e+01   2.9176437e+00
   1.8900000e+03   4.1657631e+01   2.8842201e+00
   1.8910000e+03   4.3052704e+01   2.8520271e+00
   1.8920000e+03   4.4289465e+01   2.8179409e+00
   1.8930000e+03   4.5574981e+01   2.7598177e+00
   1.8940000e+03   4.6545850e+01   2.7562463e+00
   1.8950000e+03   4.7808805e+01   2.7089929e+00
   1.8960000e+03   4.8837928e+01   2.6795682e+00
   1.8970000e+03   4.9873560e+01   2.6357738e+00
   1.8980000e+03   5.1022228e+01   2.6318466e+00
   1.8990000e+03   5.3106335e+01   2.6279460e+00
   1.9000000e+03   5.4370212e+01   2.5758622e+00
   1.9010000e+03   5.5044190e+01   2.5410394e+00
   1.9020000e+03   5.6426328e+01   2.5384001e+00
   1.9030000e+03   5.7582856e+01   2.5113207e+00
   1.9040000e+03   5.8628616e+01   2.4729613e+00
   1.9050000e+03   6.0277041e+01   2.4469194e+00
   1.9060000e+03   6.1783978e+01   2.3986808e+00
   1.9070000e+03   6.2363515e+01   2.3715876e+00
   1.9080000e+03   6.2823102e+01   2.3677008e+00
   1.9090000e+03   6.3454217e+01   2.3325925e+00
   1.9100000e+03   6.3651518e+01   2.3072663e+00
   1.9110000e+03   6.4130241e+01   2.3039712e+00
   1.9120000e+03   6.4856989e+01   2.2793512e+00
   1.9130000e+03   6.5234816e+01   2.2299099e+00
   1.9140000e+03   6.5923419e+01   2.2054632e+00
   1.9150000e+03   6.7092556e+01   2.1797343e+00
   1.9160000e+03   6.8160166e+01   2.1272888e+00
   1.9170000e+03   6.9375493e+01   2.0988350e+00
   1.9180000e+03   7.0650185e+01   2.0531405e+00
   1.9190000e+03   7.1640355e+01   2.0246279e+00
   1.9200000e+03   7.2912576e+01   1.9805696e+00
   1.9210000e+03   7.3683038e+01   1.9546585e+00
   1.9220000e+03   7.4548041e+01   1.9247370e+00
   1.9230000e+03   7.5438279e+01   1.8955102e+00
   1.9240000e+03   7.6271757e+01   1.8912666e+00
   1.9250000e+03   7.7503196e+01   1.8348676e+00
   1.9260000e+03   7.9378696e+01   1.7894552e+00
   1.9270000e+03   8.0777877e+01   1.7508248e+00
   1.9280000e+03   8.2113274e+01   1.7472462e+00
   1.9290000e+03   8.2984601e+01   1.7253572e+00
   1.9300000e+03   8.3824838e+01   1.7211269e+00
   1.9310000e+03   8.4166264e+01   1.6873979e+00
   1.9320000e+03   8.4653556e+01   1.6824262e+00
   1.9330000e+03   8.5753742e+01   1.6610696e+00
   1.9340000e+03   8.7460688e+01   1.5926381e+00
   1.9350000e+03   8.8982216e+01   1.5204110e+00
   1.9360000e+03   9.0685242e+01   1.4488599e+00
   1.9370000e+03   9.2060859e+01   1.3898123e+00
   1.9380000e+03   9.3320315e+01   1.3847541e+00
   1.9390000e+03   9.4349893e+01   1.3784993e+00
   1.9400000e+03   9.5882259e+01   1.3728519e+00
   1.9410000e+03   9.7109232e+01   1.3482105e+00
   1.9420000e+03   9.8419837e+01   1.2979198e+00
   1.9430000e+03   9.9900013e+01   1.2771884e+00
   1.9440000e+03   1.0146890e+02   1.2537014e+00
   1.9450000e+03   1.0267052e+02   1.2272803e+00
   1.9460000e+03   1.0510115e+02   1.2217256e+00
   1.9470000e+03   1.0671495e+02   1.1920679e+00
   1.9480000e+03   1.0846807e+02   1.1844688e+00
   1.9490000e+03   1.0953681e+02   1.1585363e+00
   1.9500000e+03   1.1010099e+02   1.1489790e+00
   1.9510000e+03   1.1130629e+02   1.1334224e+00
   1.9520000e+03   1.1241287e+02   1.1062221e+00
   1.9530000e+03   1.1309854e+02   1.1002331e+00
   1.9540000e+03   1.1451888e+02   1.0943758e+00
   1.9550000e+03   1.1531147e+02   1.0464135e+00
   1.9560000e+03   1.1615886e+02   1.0109861e+00
   1.9570000e+03   1.1666801e+02   9.4864737e-01
   1.9580000e+03   1.1718066e+02   9.1991212e-01
   1.9590000e+03   1.1763975e+02   9.1289420e-01
   1.9600000e+03   1.1831085e+02   8.7617579e-01
   1.9610000e+03   1.1810710e+02   8.6094805e-01
   1.9620000e+03   1.1818339e+02   8.5343444e-01
   1.9630000e+03   1.1862932e+02   8.4686978e-01
   1.9640000e+03   1.1920301e+02   8.3334561e-01
   1.9650000e+03   1.2038074e+02   8.2126877e-01
   1.9660000e+03   1.2072979e+02   8.1322977e-01
   1.9670000e+03   1.2150925e+02   7.8931166e-01
   1.9680000e+03   1.2204160e+02   7.6098015e-01
   1.9690000e+03   1.2344106e+02   7.5260443e-01
   1.9700000e+03   1.2476763e+02   7.4343599e-01
   1.9710000e+03   1.2533805e+02   7.3266328e-01
   1.9720000e+03   1.2613792e+02   7.2381569e-01
   1.9730000e+03   1.2650138e+02   7.1497203e-01
   1.9740000e+03   1.2672536e+02   7.0607089e-01
   1.9750000e+03   1.2683189e+02   6.8799227e-01
   1.9760000e+03   1.2749883e+02   6.7873183e-01
   1.9770000e+03   1.2833426e+02   6.6662366e-01
   1.9780000e+03   1.2875338e+02   6.3107955e-01
   1.9790000e+03   1.2939471e+02   6.2104327e-01
   1.9800000e+03   1.2974106e+02   6.1077690e-01
   1.9810000e+03   1.3010203e+02   6.0040098e-01
   1.9820000e+03   1.3003527e+02   5.8982615e-01
   1.9830000e+03   1.3000721e+02   5.7879501e-01
   1.9840000e+03   1.3034347e+02   5.6787417e-01
   1.9850000e+03   1.3111085e+02   5.5583974e-01
   1.9860000e+03   1.3235915e+02   5.4399084e-01
   1.9870000e+03   1.3369366e+02   5.1880198e-01
   1.9880000e+03   1.3518985e+02   5.0596855e-01
   1.9890000e+03   1.3604626e+02   4.6681417e-01
   1.9900000e+03   1.3668821e+02   4.5320823e-01
   1.9910000e+03   1.3721123e+02   4.2370695e-01
   1.9920000e+03   1.3795823e+02   4.0788672e-01
   1.9930000e+03   1.3855044e+02   3.9241058e-01
   1.9940000e+03   1.3968687e+02   3.7694013e-01
   1.9950000e+03   1.4100265e+02   3.6062821e-01
   1.9960000e+03   1.4268498e+02   3.4281174e-01
   1.9970000e+03   1.4397072e+02   3.2283046e-01
   1.9980000e+03   1.4516878e+02   3.0302724e-01
   1.9990000e+03   1.4654137e+02   2.8144230e-01
   2.0000000e+03   1.4793946e+02   2.5774221e-01
   2.0010000e+03   1.4940613e+02   2.2796628e-01
   2.0020000e+03   1.5067437e+02   1.9942285e-01
   2.0030000e+03   1.5185539e+02   1.9782149e-01
   2.0040000e+03   1.5340818e+02   1.9834948e-01
   2.0050000e+03   1.5481818e+02   1.9946720e-01
   2.0060000e+03   1.5635577e+02   1.9984892e-01
   2.0070000e+03   1.5775291e+02   2.2395398e-01
   2.0080000e+03   1.5933456e+02   2.4564957e-01
   2.0090000e+03   1.6026739e+02   2.6951683e-01
   2.0100000e+03   1.6203239e+02   2.9227994e-01
   2.0110000e+03   1.6356830e+02   3.1265671e-01
   2.0120000e+03   1.6538388e+02   3.3250801e-01
   2.0130000e+03   1.6714950e+02   3.5083801e-01
   2.0140000e+03   1.6926986e+02   3.6858584e-01
   2.0150000e+03   1.7141856e+02   3.9573100e-01
   2.0160000e+03   1.7361702e+02   5.7811421e-01
   2.0170000e+03   1.7551909e+02   5.9668795e-01
   2.0180000e+03   1.7752466e+02   6.0805417e-01
   2.0190000e+03   1.7928903e+02   6.1855082e-01
   2.0200000e+03   1.8172968e+02   6.5507691e-01
   2.0210000e+03   1.8606783e+02   2.0618961e+00
   2.0220000e+03   1.8786851e+02   2.0653599e+00
   2.0230000e+03   1.9007240e+02   2.0711042e+00
   2.0240000e+03   1.9286840e+02   2.0861683e+00
   2.0250000e+03   1.9533149e+02   2.1017042e+00
   2.0260000e+03   1.9776000e+02   2.1059911e+00
   2.0270000e+03   1.9996920e+02   2.1104981e+00
   2.0280000e+03   2.0173101e+02   2.1186619e+00
   2.0290000e+03   2.0397081e+02   2.1324038e+00
   2.0300000e+03   2.0601957e+02   2.1382224e+00
   2.0310000e+03   2.0854022e+02   2.1430470e+00
   2.0320000e+03   2.1055391e+02   2.1485088e+00
   2.0330000e+03   2.1300035e+02   2.1586805e+00
   2.0340000e+03   2.1578132e+02   2.1833853e+00
   2.0350000e+03   2.1824926e+02   2.2162142e+00
   2.0360000e+03   2.2109745e+02   2.2234160e+00
   2.0370000e+03   2.2375779e+02   2.2480557e+00
   2.0380000e+03   2.2641428e+02   2.2688882e+00
   2.0390000e+03   2.2873489e+02   2.2850881e+00
   2.0400000e+03   2.3117378e+02   2.2993376e+00
   2.0410000e+03   2.3372076e+02   2.3409185e+00
   2.0420000e+03   2.3610632e+02   2.3752829e+00
   2.0430000e+03   2.3985475e+02   2.4909132e+00
   2.0440000e+03   2.4213050e+02   2.5064329e+00
   2.0450000e+03   2.4493484e+02   2.5438556e+00
   2.0460000e+03   2.4777299e+02   2.6041944e+00
   2.0470000e+03   2.5040075e+02   2.6443500e+00
   2.0480000e+03   2.5307546e+02   2.6765715e+00
   2.0490000e+03   2.5597660e+02   2.7411103e+00
   2.0500000e+03   2.5891672e+02   2.8857827e+00
   2.0510000e+03   2.6209240e+02   3.0379938e+00
   2.0520000e+03   2.6536621e+02   3.2934731e+00
   2.0530000e+03   2.6927178e+02   3.5302526e+00
   2.0540000e+03   2.7333605e+02   3.7866679e+00
   2.0550000e+03   2.7671333e+02   3.9608252e+00
   2.0560000e+03   2.8001754e+02   4.2135474e+00
   2.0570000e+03   2.8326097e+02   4.2914252e+00
   2.0580000e+03   2.8675366e+02   4.4836473e+00
   2.0590000e+03   2.9080634e+02   4.7871567e+00
   2.0600000e+03   2.9457599e+02   5.0570161e+00
   2.0610000e+03   2.9800588e+02   5.2846129e+00
   2.0620000e+03   3.0206652e+02   5.3356243e+00
   2.0630000e+03   3.0541886e+02   5.3645230e+00
   2.0640000e+03   3.0930323e+02   5.3948555e+00
   2.0650000e+03   3.1262487e+02   5.4259436e+00
   2.0660000e+03   3.1576529e+02   5.4597652e+00
   2.0670000e+03   3.1921515e+02   5.4966035e+00
   2.0680000e+03   3.2249558e+02   5.5340617e+00
   2.0690000e+03   3.2585060e+02   5.5745566e+00
   2.0700000e+03   3.2912691e+02   5.6149497e+00
   2.0710000e+03   3.3216816e+02   5.6541101e+00
   2.0720000e+03   3.3536808e+02   5.7001933e+00
   2.0730000e+03   3.3867095e+02   5.7474344e+00
   2.0740000e+03   3.4211938e+02   5.8009966e+00
   2.0750000e+03   3.4530517e+02   5.8550165e+00
   2.0760000e+03   3.4883775e+02   5.9234667e+00
   2.0770000e+03   3.5224133e+02   5.9940976e+00
   2.0780000e+03   3.5569471e+02   6.0777379e+00
   2.0790000e+03   3.5954148e+02   6.1622494e+00
   2.0800000e+03   3.6301484e+02   6.2680380e+00
   2.0810000e+03   3.6652439e+02   6.3556391e+00
   2.0820000e+03   3.6986079e+02   6.4356537e+00
   2.0830000e+03   3.7318766e+02   6.5264434e+00
   2.0840000e+03   3.7691431e+02   6.6483092e+00
   2.0850000e+03   3.8048779e+02   6.7562826e+00
   2.0860000e+03   3.8419897e+02   6.8903626e+00
   2.0870000e+03   3.8773871e+02   7.0141896e+00
   2.0880000e+03   3.9138150e+02   7.1679491e+00
   2.0890000e+03   3.9496312e+02   7.3068586e+00
   2.0900000e+03   3.9883854e+02   7.5632669e+00
   2.0910000e+03   4.0252727e+02   7.7445235e+00
   2.0920000e+03   4.0606409e+02   7.9411730e+00
   2.0930000e+03   4.0969032e+02   8.2138264e+00
   2.0940000e+03   4.1336555e+02   8.4922348e+00
   2.0950000e+03   4.1690039e+02   8.7322609e+00
   2.0960000e+03   4.2051077e+02   9.0028088e+00
   2.0970000e+03   4.2422020e+02   9.3251745e+00
   2.0980000e+03   4.2821141e+02   9.6396277e+00
   2.0990000e+03   4.3165656e+02   9.8449234e+00
   2.1000000e+03   4.3509369e+02   1.0055833e+01
   2.1010000e+03   4.3880189e+02   1.0259476e+01
   2.1020000e+03   4.4296876e+02   1.0658690e+01
   2.1030000e+03   4.4694780e+02   1.1029700e+01
   2.1040000e+03   4.5093136e+02   1.1461669e+01
   2.1050000e+03   4.5513869e+02   1.2001447e+01
   2.1060000e+03   4.5919957e+02   1.2435541e+01
   2.1070000e+03   4.6317125e+02   1.2862671e+01
   2.1080000e+03   4.6722995e+02   1.3317611e+01
   2.1090000e+03   4.7140652e+02   1.3861778e+01
   2.1100000e+03   4.7537031e+02   1.4358438e+01
   2.1110000e+03   4.7957826e+02   1.5031546e+01
   2.1120000e+03   4.8332121e+02   1.5560831e+01
   2.1130000e+03   4.8696478e+02   1.6095569e+01
   2.1140000e+03   4.9054980e+02   1.6544066e+01
   2.1150000e+03   4.9395987e+02   1.6998000e+01
   2.1160000e+03   4.9715863e+02   1.7447588e+01
   2.1170000e+03   5.0056265e+02   1.7988646e+01
   2.1180000e+03   5.0389330e+02   1.8442385e+01
   2.1190000e+03   5.0648039e+02   1.8457264e+01
   2.1200000e+03   5.0912249e+02   1.8476095e+01
   2.1210000e+03   5.1158645e+02   1.8493548e+01
   2.1220000e+03   5.1395270e+02   1.8508391e+01
   2.1230000e+03   5.1635305e+02   1.8524084e+01
   2.1240000e+03   5.1867758e+02   1.8539795e+01
   2.1250000e+03   5.2091009e+02   1.8554315e+01
   2.1260000e+03   5.2305365e+02   1.8571458e+01
   2.1270000e+03   5.2527470e+02   1.8590907e+01
   2.1280000e+03   5.2727499e+02   1.8610676e+01
   2.1290000e+03   5.2928362e+02   1.8634648e+01
   2.1300000e+03   5.3122065e+02   1.8655535e+01
   2.1310000e+03   5.3308777e+02   1.8673394e+01
   2.1320000e+03   5.3495073e+02   1.8692502e+01
   2.1330000e+03   5.3677879e+02   1.8708826e+01
   2.1340000e+03   5.3857058e+02   1.8725241e+01
   2.1350000e+03   5.4030524e+02   1.8740978e+01
   2.1360000e+03   5.4198792e+02   1.8754834e+01
   2.1370000e+03   5.4363371e+02   1.8770356e+01
   2.1380000e+03   5.4532923e+02   1.8784381e+01
   2.1390000e+03   5.4690821e+02   1.8794212e+01
   2.1400000e+03   5.4844766e+02   1.8802087e+01
   2.1410000e+03   5.4992848e+02   1.8809846e+01
   2.1420000e+03   5.5141105e+02   1.8821978e+01
   2.1430000e+03   5.5279163e+02   1.8832302e+01
   2.1440000e+03   5.5411251e+02   1.8841910e+01
   2.1450000e+03   5.5538194e+02   1.8849395e+01
   2.1460000e+03   5.5666955e+02   1.8855539e+01
   2.1470000e+03   5.5792869e+02   1.8862144e+01
   2.1480000e+03   5.5915429e+02   1.8865230e+01
   2.1490000e+03   5.6031524e+02   1.8865581e+01
   2.1500000e+03   5.6139179e+02   1.8865889e+01
   2.1510000e+03   5.6237786e+02   1.8866178e+01
   2.1520000e+03   5.6329283e+02   1.8866460e+01
   2.1530000e+03   5.6421131e+02   1.8866783e+01
   2.1540000e+03   5.6515840e+02   1.8867114e+01
   2.1550000e+03   5.6607212e+02   1.8867472e+01
   2.1560000e+03   5.6695581e+02   1.8867818e+01
   2.1570000e+03   5.6784156e+02   1.8868214e+01
   2.1580000e+03   5.6867873e+02   1.8868568e+01
   2.1590000e+03   5.6948338e+02   1.8868890e+01
   2.1600000e+03   5.7024569e+02   1.8869243e+01
   2.1610000e+03   5.7102346e+02   1.8869615e+01
   2.1620000e+03   5.7176883e+02   1.8869966e+01
   2.1630000e+03   5.7248702e+02   1.8870324e+01
   2.1640000e+03   5.7318483e+02   1.8870728e+01
   2.1650000e+03   5.7384361e+02   1.8871060e+01
   2.1660000e+03   5.7453238e+02   1.8871482e+01
   2.1670000e+03   5.7518679e+02   1.8871837e+01
   2.1680000e+03   5.7583294e+02   1.8872109e+01
   2.1690000e+03   5.7645644e+02   1.8872354e+01
   2.1700000e+03   5.7707599e+02   1.8872594e+01
   2.1710000e+03   5.7771718e+02   1.8872860e+01
   2.1720000e+03   5.7833874e+02   1.8873166e+01
   2.1730000e+03   5.7893323e+02   1.8873448e+01
   2.1740000e+03   5.7954149e+02   1.8873769e+01
   2.1750000e+03   5.8015444e+02   1.8874112e+01
   2.1760000e+03   5.8070355e+02   1.8874360e+01
   2.1770000e+03   5.8124708e+02   1.8874657e+01
   2.1780000e+03   5.8179308e+02   1.8874933e+01
   2.1790000e+03   5.8232026e+02   1.8875166e+01
   2.1800000e+03   5.8282318e+02   1.8875393e+01
   2.1810000e+03   5.8332953e+02   1.8875661e+01
   2.1820000e+03   5.8383078e+02   1.8875905e+01
   2.1830000e+03   5.8430551e+02   1.8876145e+01
   2.1840000e+03   5.8477595e+02   1.8876403e+01
   2.1850000e+03   5.8523246e+02   1.8876656e+01
   2.1860000e+03   5.8565737e+02   1.8876879e+01
   2.1870000e+03   5.8609542e+02   1.8877131e+01
   2.1880000e+03   5.8650837e+02   1.8877372e+01
   2.1890000e+03   5.8691325e+02   1.8877638e+01
   2.1900000e+03   5.8730592e+02   1.8877904e+01
   2.1910000e+03   5.8770217e+02   1.8878186e+01
   2.1920000e+03   5.8807174e+02   1.8878435e+01
   2.1930000e+03   5.8843138e+02   1.8878686e+01
   2.1940000e+03   5.8877409e+02   1.8878912e+01
   2.1950000e+03   5.8912130e+02   1.8879499e+01
   2.1960000e+03   5.8946570e+02   1.8880055e+01
   2.1970000e+03   5.8978526e+02   1.8880300e+01
   2.1980000e+03   5.9008486e+02   1.8880521e+01
   2.1990000e+03   5.9037547e+02   1.8881034e+01
   2.2000000e+03   5.9066083e+02   1.8881236e+01
   2.2010000e+03   5.9096433e+02   1.8881499e+01
   2.2020000e+03   5.9125539e+02   1.8881747e+01
   2.2030000e+03   5.9153716e+02   1.8882019e+01
   2.2040000e+03   5.9179689e+02   1.8882267e+01
   2.2050000e+03   5.9201491e+02   1.8882453e+01
   2.2060000e+03   5.9224353e+02   1.8882706e+01
   2.2070000e+03   5.9248435e+02   1.8883017e+01
   2.2080000e+03   5.9267580e+02   1.8883207e+01
   2.2090000e+03   5.9288208e+02   1.8883471e+01
   2.2100000e+03   5.9306036e+02   1.8883659e+01
   2.2110000e+03   5.9326638e+02   1.8883952e+01
   2.2120000e+03   5.9344492e+02   1.8884154e+01
   2.2130000e+03   5.9362925e+02   1.8884400e+01
   2.2140000e+03   5.9379920e+02   1.8884609e+01
   2.2150000e+03   5.9398084e+02   1.8884868e+01
   2.2160000e+03   5.9414558e+02   1.8885092e+01
   2.2170000e+03   5.9430185e+02   1.8885528e+01
   2.2180000e+03   5.9444411e+02   1.8885692e+01
   2.2190000e+03   5.9458996e+02   1.8885888e+01
   2.2200000e+03   5.9473681e+02   1.8886085e+01
   2.2210000e+03   5.9486966e+02   1.8886248e+01
   2.2220000e+03   5.9502058e+02   1.8886488e+01
   2.2230000e+03   5.9516771e+02   1.8886715e+01
   2.2240000e+03   5.9529712e+02   1.8886886e+01
   2.2250000e+03   5.9543262e+02   1.8887092e+01
   2.2260000e+03   5.9555553e+02   1.8887252e+01
   2.2270000e+03   5.9568558e+02   1.8887644e+01
   2.2280000e+03   5.9580187e+02   1.8888196e+01
   2.2290000e+03   5.9593000e+02   1.8888411e+01
   2.2300000e+03   5.9604544e+02   1.8888991e+01
   2.2310000e+03   5.9616239e+02   1.8889585e+01
   2.2320000e+03   5.9627205e+02   1.8889951e+01
   2.2330000e+03   5.9637482e+02   1.8890310e+01
   2.2340000e+03   5.9647285e+02   1.8890663e+01
   2.2350000e+03   5.9657010e+02   1.8891021e+01
   2.2360000e+03   5.9665569e+02   1.8891336e+01
   2.2370000e+03   5.9674558e+02   1.8891491e+01
   2.2380000e+03   5.9682927e+02   1.8891623e+01
   2.2390000e+03   5.9691443e+02   1.8891778e+01
   2.2400000e+03   5.9700404e+02   1.8891955e+01
   2.2410000e+03   5.9708957e+02   1.8892472e+01
   2.2420000e+03   5.9717214e+02   1.8892630e+01
   2.2430000e+03   5.9726052e+02   1.8892832e+01
   2.2440000e+03   5.9734072e+02   1.8892991e+01
   2.2450000e+03   5.9741405e+02   1.8893132e+01
   2.2460000e+03   5.9747996e+02   1.8893247e+01
   2.2470000e+03   5.9755550e+02   1.8893412e+01
   2.2480000e+03   5.9763435e+02   1.8893939e+01
   2.2490000e+03   5.9770918e+02   1.8894108e+01
   2.2500000e+03   5.9777926e+02   1.8894584e+01
   2.2510000e+03   5.9784639e+02   1.8894731e+01
   2.2520000e+03   5.9791539e+02   1.8895209e+01
   2.2530000e+03   5.9798062e+02   1.8895511e+01
   2.2540000e+03   5.9804085e+02   1.8895788e+01
   2.2550000e+03   5.9810188e+02   1.8896238e+01
   2.2560000e+03   5.9816271e+02   1.8896376e+01
   2.2570000e+03   5.9821859e+02   1.8896507e+01
   2.2580000e+03   5.9826992e+02   1.8896767e+01
   2.2590000e+03   5.9832664e+02   1.8897194e+01
   2.2600000e+03   5.9837810e+02   1.8897313e+01
   2.2610000e+03   5.9842829e+02   1.8897570e+01
   2.2620000e+03   5.9847409e+02   1.8897955e+01
   2.2630000e+03   5.9853067e+02   1.8898241e+01
   2.2640000e+03   5.9858134e+02   1.8898640e+01
   2.2650000e+03   5.9863078e+02   1.8898756e+01
   2.2660000e+03   5.9868182e+02   1.8899024e+01
   2.2670000e+03   5.9872467e+02   1.8899121e+01
   2.2680000e+03   5.9877793e+02   1.8899559e+01
   2.2690000e+03   5.9882367e+02   1.8899957e+01
   2.2700000e+03   5.9886703e+02   1.8900335e+01
   2.2710000e+03   5.9890845e+02   1.8900705e+01
   2.2720000e+03   5.9894968e+02   1.8900945e+01
   2.2730000e+03   5.9898824e+02   1.8901045e+01
   2.2740000e+03   5.9902878e+02   1.8901279e+01
   2.2750000e+03   5.9906708e+02   1.8901379e+01
   2.2760000e+03   5.9910556e+02   1.8901488e+01
   2.2770000e+03   5.9914479e+02   1.8901599e+01
   2.2780000e+03   5.9918653e+02   1.8901740e+01
   2.2790000e+03   5.9922459e+02   1.8902099e+01
   2.2800000e+03   5.9926414e+02   1.8902466e+01
   2.2810000e+03   5.9930148e+02   1.8902711e+01
   2.2820000e+03   5.9933563e+02   1.8902810e+01
   2.2830000e+03   5.9936701e+02   1.8902896e+01
   2.2840000e+03   5.9939915e+02   1.8902994e+01
   2.2850000e+03   5.9942668e+02   1.8903309e+01
   2.2860000e+03   5.9945580e+02   1.8903513e+01
   2.2870000e+03   5.9948679e+02   1.8903605e+01
   2.2880000e+03   5.9951695e+02   1.8903706e+01
   2.2890000e+03   5.9954872e+02   1.8904046e+01
   2.2900000e+03   5.9957695e+02   1.8904362e+01
   2.2910000e+03   5.9960446e+02   1.8904682e+01
   2.2920000e+03   5.9963361e+02   1.8905006e+01
   2.2930000e+03   5.9966264e+02   1.8905327e+01
   2.2940000e+03   5.9969250e+02   1.8905441e+01
   2.2950000e+03   5.9971855e+02   1.8905531e+01
   2.2960000e+03   5.9974585e+02   1.8905739e+01
   2.2970000e+03   5.9977344e+02   1.8905846e+01
   2.2980000e+03   5.9980068e+02   1.8905946e+01
   2.2990000e+03   5.9982301e+02   1.8906021e+01
   2.3000000e+03             NaN             NaN
