   1.8500000e+03             NaN             NaN
   1.8510000e+03   7.2205849e-01   1.6354338e+01
   1.8520000e+03   1.2065707e+00   1.6231120e+01
   1.8530000e+03   2.8968539e+00   1.6230451e+01
   1.8540000e+03   5.0483213e+00   1.5974921e+01
   1.8550000e+03   7.9771356e+00   1.5715627e+01
   1.8560000e+03   8.5529402e+00   1.5565675e+01
   1.8570000e+03   8.5060289e+00   1.5565042e+01
   1.8580000e+03   8.9323839e+00   1.5564432e+01
   1.8590000e+03   1.0102892e+01   1.5428436e+01
   1.8600000e+03   1.0740701e+01   1.5319206e+01
   1.8610000e+03   1.1613461e+01   1.5318557e+01
   1.8620000e+03   1.2799730e+01   1.5317580e+01
   1.8630000e+03   1.3447125e+01   1.5304502e+01
   1.8640000e+03   1.4198861e+01   1.5303880e+01
   1.8650000e+03   1.5963896e+01   1.5303161e+01
   1.8660000e+03   2.1778480e+01   1.5163159e+01
   1.8670000e+03   2.2230084e+01   1.4956426e+01
   1.8680000e+03   2.4463523e+01   1.4955793e+01
   1.8690000e+03   2.8130207e+01   1.4807358e+01
   1.8700000e+03   2.9016460e+01   1.4640721e+01
   1.8710000e+03   3.0351640e+01   1.4640045e+01
   1.8720000e+03   3.7197705e+01   1.4496483e+01
   1.8730000e+03   3.6866363e+01   1.4251376e+01
   1.8740000e+03   3.7746171e+01   1.4250714e+01
   1.8750000e+03   3.8085758e+01   1.4250007e+01
   1.8760000e+03   3.8216891e+01   1.4249348e+01
   1.8770000e+03   4.0931737e+01   1.4248671e+01
   1.8780000e+03   4.3668475e+01   1.4091294e+01
   1.8790000e+03   4.4060708e+01   1.3939404e+01
   1.8800000e+03   4.4544772e+01   1.3925470e+01
   1.8810000e+03   4.4883271e+01   1.3924747e+01
   1.8820000e+03   4.5717121e+01   1.3924076e+01
   1.8830000e+03   4.6135309e+01   1.3793470e+01
   1.8840000e+03   4.6395448e+01   1.3792789e+01
   1.8850000e+03   4.6615017e+01   1.3792064e+01
   1.8860000e+03   4.6888103e+01   1.3791375e+01
   1.8870000e+03   4.7092669e+01   1.3790702e+01
   1.8880000e+03   4.7655206e+01   1.3790032e+01
   1.8890000e+03   4.7708909e+01   1.3789349e+01
   1.8900000e+03   4.8263344e+01   1.3788684e+01
   1.8910000e+03   4.8979037e+01   1.3647620e+01
   1.8920000e+03   5.1091352e+01   1.3646887e+01
   1.8930000e+03   5.1970207e+01   1.3500323e+01
   1.8940000e+03   5.6442286e+01   1.3499619e+01
   1.8950000e+03   5.9597664e+01   1.3168939e+01
   1.8960000e+03   6.6305365e+01   1.2859848e+01
   1.8970000e+03   7.0705118e+01   1.2605743e+01
   1.8980000e+03   7.0832534e+01   1.2402542e+01
   1.8990000e+03   7.1938284e+01   1.2401810e+01
   1.9000000e+03   7.2551178e+01   1.2250357e+01
   1.9010000e+03   7.4983835e+01   1.2099674e+01
   1.9020000e+03   7.6456948e+01   1.1937985e+01
   1.9030000e+03   7.7038350e+01   1.1785534e+01
   1.9040000e+03   7.7148202e+01   1.1628677e+01
   1.9050000e+03   7.7429549e+01   1.1627850e+01
   1.9060000e+03   7.9395337e+01   1.1627014e+01
   1.9070000e+03   7.9577051e+01   1.1469472e+01
   1.9080000e+03   8.7766409e+01   1.1452791e+01
   1.9090000e+03   9.2547628e+01   1.0955932e+01
   1.9100000e+03   9.4218778e+01   1.0756771e+01
   1.9110000e+03   9.6771858e+01   1.0458671e+01
   1.9120000e+03   9.7708554e+01   1.0288657e+01
   1.9130000e+03   9.7943748e+01   1.0127143e+01
   1.9140000e+03   1.0103405e+02   1.0126283e+01
   1.9150000e+03   1.0246114e+02   9.8160186e+00
   1.9160000e+03   1.0285742e+02   9.6552661e+00
   1.9170000e+03   1.0347070e+02   9.6543502e+00
   1.9180000e+03   1.0519235e+02   9.4960940e+00
   1.9190000e+03   1.0577755e+02   9.3144864e+00
   1.9200000e+03   1.0652193e+02   9.3135156e+00
   1.9210000e+03   1.0762601e+02   9.1755325e+00
   1.9220000e+03   1.0838320e+02   8.8788734e+00
   1.9230000e+03   1.0856506e+02   8.7384019e+00
   1.9240000e+03   1.0876162e+02   8.7374142e+00
   1.9250000e+03   1.1274956e+02   8.7364580e+00
   1.9260000e+03   1.1453640e+02   8.5302616e+00
   1.9270000e+03   1.1694423e+02   8.3637204e+00
   1.9280000e+03   1.1836903e+02   8.1685189e+00
   1.9290000e+03   1.2228543e+02   8.0013896e+00
   1.9300000e+03   1.2352128e+02   7.7979989e+00
   1.9310000e+03   1.2523949e+02   7.6348251e+00
   1.9320000e+03   1.2612371e+02   7.4640171e+00
   1.9330000e+03   1.2771296e+02   7.3009249e+00
   1.9340000e+03   1.2975640e+02   7.1042932e+00
   1.9350000e+03   1.3134876e+02   6.9321695e+00
   1.9360000e+03   1.3202036e+02   6.6209505e+00
   1.9370000e+03   1.3338387e+02   6.4775880e+00
   1.9380000e+03   1.3414338e+02   6.3048916e+00
   1.9390000e+03   1.3495460e+02   6.3036288e+00
   1.9400000e+03   1.3572919e+02   6.3023524e+00
   1.9410000e+03   1.3994483e+02   6.1358767e+00
   1.9420000e+03   1.4105307e+02   5.7169266e+00
   1.9430000e+03   1.4149404e+02   5.5412817e+00
   1.9440000e+03   1.4406856e+02   5.5399340e+00
   1.9450000e+03   1.4901756e+02   5.3444435e+00
   1.9460000e+03   1.4950498e+02   5.0382661e+00
   1.9470000e+03   1.5128870e+02   5.0367510e+00
   1.9480000e+03   1.5407959e+02   4.8523222e+00
   1.9490000e+03   1.5593842e+02   4.4805624e+00
   1.9500000e+03   1.5758480e+02   4.2918505e+00
   1.9510000e+03   1.6039501e+02   4.0952067e+00
   1.9520000e+03   1.6090380e+02   3.6782721e+00
   1.9530000e+03   1.6133741e+02   3.5204705e+00
   1.9540000e+03   1.6324925e+02   3.5183624e+00
   1.9550000e+03   1.6548763e+02   3.3137816e+00
   1.9560000e+03   1.6584170e+02   3.0947479e+00
   1.9570000e+03   1.6782730e+02   3.0924209e+00
   1.9580000e+03   1.7039118e+02   2.8688348e+00
   1.9590000e+03   1.7362121e+02   2.4775986e+00
   1.9600000e+03   1.7714321e+02   2.1628982e+00
   1.9610000e+03   1.7770721e+02   1.8193185e+00
   1.9620000e+03   1.7900109e+02   1.8153590e+00
   1.9630000e+03   1.8088887e+02   1.6441575e+00
   1.9640000e+03   1.8169358e+02   1.4772829e+00
   1.9650000e+03   1.8296074e+02   1.4726037e+00
   1.9660000e+03   1.8408050e+02   1.3270417e+00
   1.9670000e+03   1.8431476e+02   1.1718570e+00
   1.9680000e+03   1.8448587e+02   1.1661829e+00
   1.9690000e+03   1.8500659e+02   1.1606298e+00
   1.9700000e+03   1.8666747e+02   1.1549824e+00
   1.9710000e+03   1.8807099e+02   1.0450191e+00
   1.9720000e+03   1.8892221e+02   9.6115212e-01
   1.9730000e+03   1.9003452e+02   8.8474073e-01
   1.9740000e+03   1.9089960e+02   7.3839709e-01
   1.9750000e+03   1.9135996e+02   6.6805029e-01
   1.9760000e+03   1.9180418e+02   6.5851780e-01
   1.9770000e+03   1.9274604e+02   6.4890248e-01
   1.9780000e+03   1.9294648e+02   5.9764247e-01
   1.9790000e+03   1.9335067e+02   5.8764110e-01
   1.9800000e+03   1.9325284e+02   5.7690327e-01
   1.9810000e+03   1.9371771e+02   5.6599103e-01
   1.9820000e+03   1.9418606e+02   5.5507874e-01
   1.9830000e+03   1.9485234e+02   5.4376451e-01
   1.9840000e+03   1.9587995e+02   5.3217817e-01
   1.9850000e+03   1.9706809e+02   5.1002767e-01
   1.9860000e+03   1.9811262e+02   4.8957661e-01
   1.9870000e+03   1.9903627e+02   4.7953376e-01
   1.9880000e+03   2.0007357e+02   4.6640756e-01
   1.9890000e+03   2.0065454e+02   4.4645059e-01
   1.9900000e+03   2.0093862e+02   4.3236961e-01
   1.9910000e+03   2.0151793e+02   4.1790088e-01
   1.9920000e+03   2.0188276e+02   4.0292161e-01
   1.9930000e+03   2.0189654e+02   3.8475368e-01
   1.9940000e+03   2.0169375e+02   3.6877298e-01
   1.9950000e+03   2.0224729e+02   3.5169483e-01
   1.9960000e+03   2.0316382e+02   3.3384264e-01
   1.9970000e+03   2.0384423e+02   3.1482760e-01
   1.9980000e+03   2.0485501e+02   2.9461524e-01
   1.9990000e+03   2.0577602e+02   2.7294025e-01
   2.0000000e+03   2.0672575e+02   2.4939374e-01
   2.0010000e+03   2.0776342e+02   2.2331237e-01
   2.0020000e+03   2.0844584e+02   1.9430060e-01
   2.0030000e+03   2.0887541e+02   1.9488233e-01
   2.0040000e+03   2.0997025e+02   1.9581477e-01
   2.0050000e+03   2.1054640e+02   1.9654424e-01
   2.0060000e+03   2.1118673e+02   1.9752477e-01
   2.0070000e+03   2.1245471e+02   2.2062841e-01
   2.0080000e+03   2.1284767e+02   2.3967487e-01
   2.0090000e+03   2.1395845e+02   2.6378144e-01
   2.0100000e+03   2.1493537e+02   2.8610902e-01
   2.0110000e+03   2.1559531e+02   3.0394903e-01
   2.0120000e+03   2.1592062e+02   3.2342385e-01
   2.0130000e+03   2.1617572e+02   3.4157572e-01
   2.0140000e+03   2.1665048e+02   3.5747917e-01
   2.0150000e+03   2.1793765e+02   3.7435399e-01
   2.0160000e+03   2.1829407e+02   3.9029806e-01
   2.0170000e+03   2.1925850e+02   4.0566466e-01
   2.0180000e+03   2.2010509e+02   4.2043239e-01
   2.0190000e+03   2.2078388e+02   4.3472024e-01
   2.0200000e+03   2.2173702e+02   4.4855487e-01
   2.0210000e+03   2.2281937e+02   4.6193523e-01
   2.0220000e+03   2.2354176e+02   4.7492797e-01
   2.0230000e+03   2.2416918e+02   4.8756318e-01
   2.0240000e+03   2.2491595e+02   4.9989096e-01
   2.0250000e+03   2.2566843e+02   5.1191145e-01
   2.0260000e+03   2.2636618e+02   5.2361675e-01
   2.0270000e+03   2.2707623e+02   5.3511865e-01
   2.0280000e+03   2.2797752e+02   5.4638308e-01
   2.0290000e+03   2.2843703e+02   5.5735550e-01
   2.0300000e+03   2.2945930e+02   5.6817627e-01
   2.0310000e+03   2.3012070e+02   5.7839847e-01
   2.0320000e+03   2.3046415e+02   5.8879103e-01
   2.0330000e+03   2.3160609e+02   5.9911606e-01
   2.0340000e+03   2.3278583e+02   6.0978464e-01
   2.0350000e+03   2.3390834e+02   6.1974965e-01
   2.0360000e+03   2.3481385e+02   6.2955495e-01
   2.0370000e+03   2.3559865e+02   6.3913881e-01
   2.0380000e+03   2.3692141e+02   6.4882163e-01
   2.0390000e+03   2.3830848e+02   6.5655961e-01
   2.0400000e+03   2.3990328e+02   6.7111315e-01
   2.0410000e+03   2.4170386e+02   6.8495138e-01
   2.0420000e+03   2.4366796e+02   6.9727895e-01
   2.0430000e+03   2.4488895e+02   7.0599770e-01
   2.0440000e+03   2.4616398e+02   7.1453201e-01
   2.0450000e+03   2.4743680e+02   7.2291927e-01
   2.0460000e+03   2.4862893e+02   7.3124906e-01
   2.0470000e+03   2.4912118e+02   7.3943612e-01
   2.0480000e+03   2.4967591e+02   7.4745879e-01
   2.0490000e+03   2.5113299e+02   7.5598795e-01
   2.0500000e+03   2.5213420e+02   7.6390919e-01
   2.0510000e+03   2.5269033e+02   7.7178464e-01
   2.0520000e+03   2.5363255e+02   7.7960692e-01
   2.0530000e+03   2.5412448e+02   7.8730774e-01
   2.0540000e+03   2.5506375e+02   7.9498977e-01
   2.0550000e+03   2.5626406e+02   8.0365414e-01
   2.0560000e+03   2.5752866e+02   8.1542622e-01
   2.0570000e+03   2.5907634e+02   8.2404241e-01
   2.0580000e+03   2.5971899e+02   8.3131077e-01
   2.0590000e+03   2.6050435e+02   8.3851522e-01
   2.0600000e+03   2.6135435e+02   8.4578778e-01
   2.0610000e+03   2.6204328e+02   8.5293111e-01
   2.0620000e+03   2.6257380e+02   8.5994802e-01
   2.0630000e+03   2.6344751e+02   8.6686823e-01
   2.0640000e+03   2.6417123e+02   8.7380114e-01
   2.0650000e+03   2.6469660e+02   8.8058012e-01
   2.0660000e+03   2.6558731e+02   8.8589073e-01
   2.0670000e+03   2.6639498e+02   8.9269556e-01
   2.0680000e+03   2.6700388e+02   8.9945567e-01
   2.0690000e+03   2.6802660e+02   9.0616971e-01
   2.0700000e+03   2.6918532e+02   9.1283851e-01
   2.0710000e+03   2.6996262e+02   9.1982630e-01
   2.0720000e+03   2.7068905e+02   9.2655722e-01
   2.0730000e+03   2.7149409e+02   9.3317286e-01
   2.0740000e+03   2.7202300e+02   9.3974369e-01
   2.0750000e+03   2.7304771e+02   9.4618958e-01
   2.0760000e+03   2.7418404e+02   9.5277551e-01
   2.0770000e+03   2.7450877e+02   9.5917831e-01
   2.0780000e+03   2.7488524e+02   9.6534170e-01
   2.0790000e+03   2.7567956e+02   9.7229320e-01
   2.0800000e+03   2.7600447e+02   9.7835575e-01
   2.0810000e+03   2.7664737e+02   9.8450457e-01
   2.0820000e+03   2.7718231e+02   9.9055177e-01
   2.0830000e+03   2.7775610e+02   9.9665028e-01
   2.0840000e+03   2.7834555e+02   1.0026931e+00
   2.0850000e+03   2.7880098e+02   1.0085642e+00
   2.0860000e+03   2.7926021e+02   1.0144029e+00
   2.0870000e+03   2.7968769e+02   1.0202131e+00
   2.0880000e+03   2.8080640e+02   1.0261712e+00
   2.0890000e+03   2.8127666e+02   1.0319034e+00
   2.0900000e+03   2.8188335e+02   1.0379981e+00
   2.0910000e+03   2.8246362e+02   1.0435964e+00
   2.0920000e+03   2.8307789e+02   1.0493051e+00
   2.0930000e+03   2.8341157e+02   1.0550435e+00
   2.0940000e+03   2.8381640e+02   1.0608464e+00
   2.0950000e+03   2.8424191e+02   1.0655305e+00
   2.0960000e+03   2.8449123e+02   1.0711689e+00
   2.0970000e+03   2.8487939e+02   1.0767866e+00
   2.0980000e+03   2.8556839e+02   1.0807291e+00
   2.0990000e+03   2.8598718e+02   1.0861499e+00
   2.1000000e+03   2.8632157e+02   1.0919178e+00
   2.1010000e+03             NaN             NaN
   2.1020000e+03             NaN             NaN
   2.1030000e+03             NaN             NaN
   2.1040000e+03             NaN             NaN
   2.1050000e+03             NaN             NaN
   2.1060000e+03             NaN             NaN
   2.1070000e+03             NaN             NaN
   2.1080000e+03             NaN             NaN
   2.1090000e+03             NaN             NaN
   2.1100000e+03             NaN             NaN
   2.1110000e+03             NaN             NaN
   2.1120000e+03             NaN             NaN
   2.1130000e+03             NaN             NaN
   2.1140000e+03             NaN             NaN
   2.1150000e+03             NaN             NaN
   2.1160000e+03             NaN             NaN
   2.1170000e+03             NaN             NaN
   2.1180000e+03             NaN             NaN
   2.1190000e+03             NaN             NaN
   2.1200000e+03             NaN             NaN
   2.1210000e+03             NaN             NaN
   2.1220000e+03             NaN             NaN
   2.1230000e+03             NaN             NaN
   2.1240000e+03             NaN             NaN
   2.1250000e+03             NaN             NaN
   2.1260000e+03             NaN             NaN
   2.1270000e+03             NaN             NaN
   2.1280000e+03             NaN             NaN
   2.1290000e+03             NaN             NaN
   2.1300000e+03             NaN             NaN
   2.1310000e+03             NaN             NaN
   2.1320000e+03             NaN             NaN
   2.1330000e+03             NaN             NaN
   2.1340000e+03             NaN             NaN
   2.1350000e+03             NaN             NaN
   2.1360000e+03             NaN             NaN
   2.1370000e+03             NaN             NaN
   2.1380000e+03             NaN             NaN
   2.1390000e+03             NaN             NaN
   2.1400000e+03             NaN             NaN
   2.1410000e+03             NaN             NaN
   2.1420000e+03             NaN             NaN
   2.1430000e+03             NaN             NaN
   2.1440000e+03             NaN             NaN
   2.1450000e+03             NaN             NaN
   2.1460000e+03             NaN             NaN
   2.1470000e+03             NaN             NaN
   2.1480000e+03             NaN             NaN
   2.1490000e+03             NaN             NaN
   2.1500000e+03             NaN             NaN
   2.1510000e+03             NaN             NaN
   2.1520000e+03             NaN             NaN
   2.1530000e+03             NaN             NaN
   2.1540000e+03             NaN             NaN
   2.1550000e+03             NaN             NaN
   2.1560000e+03             NaN             NaN
   2.1570000e+03             NaN             NaN
   2.1580000e+03             NaN             NaN
   2.1590000e+03             NaN             NaN
   2.1600000e+03             NaN             NaN
   2.1610000e+03             NaN             NaN
   2.1620000e+03             NaN             NaN
   2.1630000e+03             NaN             NaN
   2.1640000e+03             NaN             NaN
   2.1650000e+03             NaN             NaN
   2.1660000e+03             NaN             NaN
   2.1670000e+03             NaN             NaN
   2.1680000e+03             NaN             NaN
   2.1690000e+03             NaN             NaN
   2.1700000e+03             NaN             NaN
   2.1710000e+03             NaN             NaN
   2.1720000e+03             NaN             NaN
   2.1730000e+03             NaN             NaN
   2.1740000e+03             NaN             NaN
   2.1750000e+03             NaN             NaN
   2.1760000e+03             NaN             NaN
   2.1770000e+03             NaN             NaN
   2.1780000e+03             NaN             NaN
   2.1790000e+03             NaN             NaN
   2.1800000e+03             NaN             NaN
   2.1810000e+03             NaN             NaN
   2.1820000e+03             NaN             NaN
   2.1830000e+03             NaN             NaN
   2.1840000e+03             NaN             NaN
   2.1850000e+03             NaN             NaN
   2.1860000e+03             NaN             NaN
   2.1870000e+03             NaN             NaN
   2.1880000e+03             NaN             NaN
   2.1890000e+03             NaN             NaN
   2.1900000e+03             NaN             NaN
   2.1910000e+03             NaN             NaN
   2.1920000e+03             NaN             NaN
   2.1930000e+03             NaN             NaN
   2.1940000e+03             NaN             NaN
   2.1950000e+03             NaN             NaN
   2.1960000e+03             NaN             NaN
   2.1970000e+03             NaN             NaN
   2.1980000e+03             NaN             NaN
   2.1990000e+03             NaN             NaN
   2.2000000e+03             NaN             NaN
   2.2010000e+03             NaN             NaN
   2.2020000e+03             NaN             NaN
   2.2030000e+03             NaN             NaN
   2.2040000e+03             NaN             NaN
   2.2050000e+03             NaN             NaN
   2.2060000e+03             NaN             NaN
   2.2070000e+03             NaN             NaN
   2.2080000e+03             NaN             NaN
   2.2090000e+03             NaN             NaN
   2.2100000e+03             NaN             NaN
   2.2110000e+03             NaN             NaN
   2.2120000e+03             NaN             NaN
   2.2130000e+03             NaN             NaN
   2.2140000e+03             NaN             NaN
   2.2150000e+03             NaN             NaN
   2.2160000e+03             NaN             NaN
   2.2170000e+03             NaN             NaN
   2.2180000e+03             NaN             NaN
   2.2190000e+03             NaN             NaN
   2.2200000e+03             NaN             NaN
   2.2210000e+03             NaN             NaN
   2.2220000e+03             NaN             NaN
   2.2230000e+03             NaN             NaN
   2.2240000e+03             NaN             NaN
   2.2250000e+03             NaN             NaN
   2.2260000e+03             NaN             NaN
   2.2270000e+03             NaN             NaN
   2.2280000e+03             NaN             NaN
   2.2290000e+03             NaN             NaN
   2.2300000e+03             NaN             NaN
   2.2310000e+03             NaN             NaN
   2.2320000e+03             NaN             NaN
   2.2330000e+03             NaN             NaN
   2.2340000e+03             NaN             NaN
   2.2350000e+03             NaN             NaN
   2.2360000e+03             NaN             NaN
   2.2370000e+03             NaN             NaN
   2.2380000e+03             NaN             NaN
   2.2390000e+03             NaN             NaN
   2.2400000e+03             NaN             NaN
   2.2410000e+03             NaN             NaN
   2.2420000e+03             NaN             NaN
   2.2430000e+03             NaN             NaN
   2.2440000e+03             NaN             NaN
   2.2450000e+03             NaN             NaN
   2.2460000e+03             NaN             NaN
   2.2470000e+03             NaN             NaN
   2.2480000e+03             NaN             NaN
   2.2490000e+03             NaN             NaN
   2.2500000e+03             NaN             NaN
   2.2510000e+03             NaN             NaN
   2.2520000e+03             NaN             NaN
   2.2530000e+03             NaN             NaN
   2.2540000e+03             NaN             NaN
   2.2550000e+03             NaN             NaN
   2.2560000e+03             NaN             NaN
   2.2570000e+03             NaN             NaN
   2.2580000e+03             NaN             NaN
   2.2590000e+03             NaN             NaN
   2.2600000e+03             NaN             NaN
   2.2610000e+03             NaN             NaN
   2.2620000e+03             NaN             NaN
   2.2630000e+03             NaN             NaN
   2.2640000e+03             NaN             NaN
   2.2650000e+03             NaN             NaN
   2.2660000e+03             NaN             NaN
   2.2670000e+03             NaN             NaN
   2.2680000e+03             NaN             NaN
   2.2690000e+03             NaN             NaN
   2.2700000e+03             NaN             NaN
   2.2710000e+03             NaN             NaN
   2.2720000e+03             NaN             NaN
   2.2730000e+03             NaN             NaN
   2.2740000e+03             NaN             NaN
   2.2750000e+03             NaN             NaN
   2.2760000e+03             NaN             NaN
   2.2770000e+03             NaN             NaN
   2.2780000e+03             NaN             NaN
   2.2790000e+03             NaN             NaN
   2.2800000e+03             NaN             NaN
   2.2810000e+03             NaN             NaN
   2.2820000e+03             NaN             NaN
   2.2830000e+03             NaN             NaN
   2.2840000e+03             NaN             NaN
   2.2850000e+03             NaN             NaN
   2.2860000e+03             NaN             NaN
   2.2870000e+03             NaN             NaN
   2.2880000e+03             NaN             NaN
   2.2890000e+03             NaN             NaN
   2.2900000e+03             NaN             NaN
   2.2910000e+03             NaN             NaN
   2.2920000e+03             NaN             NaN
   2.2930000e+03             NaN             NaN
   2.2940000e+03             NaN             NaN
   2.2950000e+03             NaN             NaN
   2.2960000e+03             NaN             NaN
   2.2970000e+03             NaN             NaN
   2.2980000e+03             NaN             NaN
   2.2990000e+03             NaN             NaN
   2.3000000e+03             NaN             NaN
