   1.8500000e+03             NaN             NaN
   1.8510000e+03   7.4192289e-01   6.0282490e+00
   1.8520000e+03   4.4645606e-01   6.0260608e+00
   1.8530000e+03   9.8668417e-01   6.0249401e+00
   1.8540000e+03   1.8776973e-01   6.0229923e+00
   1.8550000e+03  -1.5838319e-01   6.0217488e+00
   1.8560000e+03   4.9041580e-02   6.0206147e+00
   1.8570000e+03   9.7006325e-01   6.0188271e+00
   1.8580000e+03   1.7763267e+00   5.9176827e+00
   1.8590000e+03   2.2884061e+00   5.8033208e+00
   1.8600000e+03   2.0296201e+00   5.7868579e+00
   1.8610000e+03   2.3627367e+00   5.7851795e+00
   1.8620000e+03   3.5416782e+00   5.7837405e+00
   1.8630000e+03   3.6344919e+00   5.6765702e+00
   1.8640000e+03   3.9827943e+00   5.6753803e+00
   1.8650000e+03   4.5694646e+00   5.6736822e+00
   1.8660000e+03   5.1235861e+00   5.6715785e+00
   1.8670000e+03   5.4210987e+00   5.5679788e+00
   1.8680000e+03   6.0227756e+00   5.5661626e+00
   1.8690000e+03   7.3414048e+00   5.5641284e+00
   1.8700000e+03   8.4852173e+00   5.5017631e+00
   1.8710000e+03   1.0169067e+01   5.4985862e+00
   1.8720000e+03   1.0681121e+01   5.3847673e+00
   1.8730000e+03   1.1022499e+01   5.3666929e+00
   1.8740000e+03   1.2364804e+01   5.3496870e+00
   1.8750000e+03   1.3461557e+01   5.2376467e+00
   1.8760000e+03   1.4946235e+01   5.1046932e+00
   1.8770000e+03   1.5580545e+01   5.0868771e+00
   1.8780000e+03   1.6063491e+01   5.0850351e+00
   1.8790000e+03   1.7303394e+01   5.0688198e+00
   1.8800000e+03   1.8083451e+01   5.0416133e+00
   1.8810000e+03   1.8550386e+01   4.9928970e+00
   1.8820000e+03   1.9149715e+01   4.9763335e+00
   1.8830000e+03   2.1899214e+01   4.9601067e+00
   1.8840000e+03   2.1243580e+01   4.7790975e+00
   1.8850000e+03   2.1535996e+01   4.7774834e+00
   1.8860000e+03   2.2477313e+01   4.7751326e+00
   1.8870000e+03   2.2032488e+01   4.6482536e+00
   1.8880000e+03   2.3035133e+01   4.6467986e+00
   1.8890000e+03   2.3413230e+01   4.6452455e+00
   1.8900000e+03   2.3690601e+01   4.6437336e+00
   1.8910000e+03   2.3785255e+01   4.6420968e+00
   1.8920000e+03   2.4544106e+01   4.6406467e+00
   1.8930000e+03   2.6285406e+01   4.6239971e+00
   1.8940000e+03   2.7135132e+01   4.4722316e+00
   1.8950000e+03   2.7352265e+01   4.3688921e+00
   1.8960000e+03   2.7958288e+01   4.3517553e+00
   1.8970000e+03   2.8849416e+01   4.3338055e+00
   1.8980000e+03   2.9830780e+01   4.2281335e+00
   1.8990000e+03   3.0686454e+01   4.1244144e+00
   1.9000000e+03   3.1702971e+01   4.1227696e+00
   1.9010000e+03   3.1949210e+01   4.0725926e+00
   1.9020000e+03   3.2967073e+01   4.0710557e+00
   1.9030000e+03   3.2924620e+01   3.9715618e+00
   1.9040000e+03   3.3069032e+01   3.8711838e+00
   1.9050000e+03   3.3071648e+01   3.8690307e+00
   1.9060000e+03   3.2838420e+01   3.8672910e+00
   1.9070000e+03   3.2650484e+01   3.8655660e+00
   1.9080000e+03   3.2632068e+01   3.8638328e+00
   1.9090000e+03   3.4566360e+01   3.8620822e+00
   1.9100000e+03   3.4877033e+01   3.7608090e+00
   1.9110000e+03   3.5091818e+01   3.7590029e+00
   1.9120000e+03   3.5416078e+01   3.6669816e+00
   1.9130000e+03   3.6128824e+01   3.6380541e+00
   1.9140000e+03   3.7215089e+01   3.6358400e+00
   1.9150000e+03   3.7704520e+01   3.6337002e+00
   1.9160000e+03   3.8530342e+01   3.5297408e+00
   1.9170000e+03   3.9815543e+01   3.4415550e+00
   1.9180000e+03   4.0687937e+01   3.4391917e+00
   1.9190000e+03   4.0719449e+01   3.3822434e+00
   1.9200000e+03   4.2304810e+01   3.3614417e+00
   1.9210000e+03   4.4486820e+01   3.3346980e+00
   1.9220000e+03   4.5943186e+01   3.2255313e+00
   1.9230000e+03   4.8109826e+01   3.1358195e+00
   1.9240000e+03   4.9621153e+01   3.1013424e+00
   1.9250000e+03   5.0819799e+01   3.0978993e+00
   1.9260000e+03   5.2783800e+01   2.9975895e+00
   1.9270000e+03   5.3561504e+01   2.9951713e+00
   1.9280000e+03   5.5358034e+01   2.9930437e+00
   1.9290000e+03   5.5845753e+01   2.8970452e+00
   1.9300000e+03   5.7643524e+01   2.8947411e+00
   1.9310000e+03   5.7990727e+01   2.8161322e+00
   1.9320000e+03   5.8818875e+01   2.7946321e+00
   1.9330000e+03   5.9673612e+01   2.7922502e+00
   1.9340000e+03   6.1093466e+01   2.7898350e+00
   1.9350000e+03   6.1452462e+01   2.7117501e+00
   1.9360000e+03   6.2310081e+01   2.7093042e+00
   1.9370000e+03   6.3330721e+01   2.6435914e+00
   1.9380000e+03   6.5688451e+01   2.5977309e+00
   1.9390000e+03   6.7892836e+01   2.4824959e+00
   1.9400000e+03   7.0149648e+01   2.3568084e+00
   1.9410000e+03   7.2315691e+01   2.2667803e+00
   1.9420000e+03   7.3582948e+01   2.1632364e+00
   1.9430000e+03   7.5215363e+01   2.1211054e+00
   1.9440000e+03   7.6174546e+01   2.0050565e+00
   1.9450000e+03   7.6404546e+01   1.9521997e+00
   1.9460000e+03   7.6626714e+01   1.9488135e+00
   1.9470000e+03   7.7148689e+01   1.9270072e+00
   1.9480000e+03   7.7562698e+01   1.9236039e+00
   1.9490000e+03   7.9232196e+01   1.9206302e+00
   1.9500000e+03   7.9827320e+01   1.7807357e+00
   1.9510000e+03   8.0645653e+01   1.7584820e+00
   1.9520000e+03   8.2318722e+01   1.7547237e+00
   1.9530000e+03   8.4117810e+01   1.6674769e+00
   1.9540000e+03   8.4928972e+01   1.4760322e+00
   1.9550000e+03   8.5627971e+01   1.4716506e+00
   1.9560000e+03   8.6610038e+01   1.4672450e+00
   1.9570000e+03   8.8170881e+01   1.4624497e+00
   1.9580000e+03   8.8680119e+01   1.4241549e+00
   1.9590000e+03   8.9268522e+01   1.4196416e+00
   1.9600000e+03   8.9322530e+01   1.4033507e+00
   1.9610000e+03   9.0557157e+01   1.3987278e+00
   1.9620000e+03   9.1154353e+01   1.3807724e+00
   1.9630000e+03   9.1229977e+01   1.3760948e+00
   1.9640000e+03   9.1437082e+01   1.3714142e+00
   1.9650000e+03   9.2184657e+01   1.3667862e+00
   1.9660000e+03   9.2363619e+01   1.3620976e+00
   1.9670000e+03   9.2648267e+01   1.3569338e+00
   1.9680000e+03   9.3682628e+01   1.3503622e+00
   1.9690000e+03   9.4048807e+01   1.3381325e+00
   1.9700000e+03   9.4567322e+01   1.3256745e+00
   1.9710000e+03   9.4871549e+01   1.3206997e+00
   1.9720000e+03   9.5314000e+01   1.3158711e+00
   1.9730000e+03   9.6416358e+01   1.3110112e+00
   1.9740000e+03   9.7271139e+01   1.2027785e+00
   1.9750000e+03   9.8153219e+01   1.1911595e+00
   1.9760000e+03   9.8903542e+01   1.1355471e+00
   1.9770000e+03   1.0004433e+02   1.1296206e+00
   1.9780000e+03   1.0128543e+02   9.7047129e-01
   1.9790000e+03   1.0231882e+02   8.1628663e-01
   1.9800000e+03   1.0369426e+02   7.9448913e-01
   1.9810000e+03   1.0512926e+02   7.8613183e-01
   1.9820000e+03   1.0652695e+02   7.7330763e-01
   1.9830000e+03   1.0761971e+02   7.6389344e-01
   1.9840000e+03   1.0911652e+02   6.8854168e-01
   1.9850000e+03   1.1000897e+02   6.2976881e-01
   1.9860000e+03   1.1106183e+02   5.9406190e-01
   1.9870000e+03   1.1211037e+02   5.8277537e-01
   1.9880000e+03   1.1322827e+02   5.5929226e-01
   1.9890000e+03   1.1449963e+02   5.4501950e-01
   1.9900000e+03   1.1665733e+02   5.2884661e-01
   1.9910000e+03   1.1889372e+02   5.1531544e-01
   1.9920000e+03   1.1980864e+02   4.6497176e-01
   1.9930000e+03   1.2080374e+02   4.5135460e-01
   1.9940000e+03   1.2138749e+02   4.3639549e-01
   1.9950000e+03   1.2226763e+02   4.2086411e-01
   1.9960000e+03   1.2317435e+02   4.0476340e-01
   1.9970000e+03   1.2476788e+02   3.8839002e-01
   1.9980000e+03   1.2631224e+02   3.7309185e-01
   1.9990000e+03   1.2792201e+02   3.3247625e-01
   2.0000000e+03   1.2980731e+02   3.1295278e-01
   2.0010000e+03   1.3220289e+02   2.3143508e-01
   2.0020000e+03   1.3515489e+02   2.0353901e-01
   2.0030000e+03   1.3664172e+02   2.0399786e-01
   2.0040000e+03   1.3830249e+02   1.9853743e-01
   2.0050000e+03   1.3945947e+02   1.9887113e-01
   2.0060000e+03   1.4100692e+02   1.9985772e-01
   2.0070000e+03   1.4290180e+02   2.2369195e-01
   2.0080000e+03   1.4463603e+02   2.5191894e-01
   2.0090000e+03   1.4614739e+02   2.7551837e-01
   2.0100000e+03   1.4702810e+02   2.9699675e-01
   2.0110000e+03   1.4837499e+02   3.1749267e-01
   2.0120000e+03   1.4959659e+02   3.3636250e-01
   2.0130000e+03   1.5143457e+02   3.5552673e-01
   2.0140000e+03   1.5247986e+02   3.7239903e-01
   2.0150000e+03   1.5396857e+02   3.9516331e-01
   2.0160000e+03   1.5591677e+02   4.4094776e-01
   2.0170000e+03   1.5760489e+02   4.5473096e-01
   2.0180000e+03   1.5901764e+02   4.7399542e-01
   2.0190000e+03   1.5991399e+02   4.8683927e-01
   2.0200000e+03   1.6167013e+02   5.6058269e-01
   2.0210000e+03   1.6343555e+02   6.0446417e-01
   2.0220000e+03   1.6512422e+02   6.8662625e-01
   2.0230000e+03   1.6681328e+02   6.9565185e-01
   2.0240000e+03   1.6818131e+02   7.0581321e-01
   2.0250000e+03   1.7032961e+02   7.1458352e-01
   2.0260000e+03   1.7157813e+02   7.2315297e-01
   2.0270000e+03   1.7269553e+02   7.3166026e-01
   2.0280000e+03   1.7435717e+02   7.4009115e-01
   2.0290000e+03   1.7615717e+02   7.5350641e-01
   2.0300000e+03   1.7789443e+02   8.9694476e-01
   2.0310000e+03   1.7952047e+02   1.0234632e+00
   2.0320000e+03   1.8157309e+02   1.0295466e+00
   2.0330000e+03   1.8343033e+02   1.0354236e+00
   2.0340000e+03   1.8545597e+02   1.0414154e+00
   2.0350000e+03   1.8736605e+02   1.0473429e+00
   2.0360000e+03   1.8911910e+02   1.0531054e+00
   2.0370000e+03   1.9038720e+02   1.0588332e+00
   2.0380000e+03   1.9243500e+02   1.0645517e+00
   2.0390000e+03   1.9433081e+02   1.0702124e+00
   2.0400000e+03   1.9546153e+02   1.0738525e+00
   2.0410000e+03   1.9739910e+02   1.0794558e+00
   2.0420000e+03   1.9886544e+02   1.0849995e+00
   2.0430000e+03   2.0091384e+02   1.0906265e+00
   2.0440000e+03   2.0262717e+02   1.0960891e+00
   2.0450000e+03   2.0441571e+02   1.1015744e+00
   2.0460000e+03   2.0585473e+02   1.1066204e+00
   2.0470000e+03   2.0743787e+02   1.1120642e+00
   2.0480000e+03   2.0959986e+02   1.1176139e+00
   2.0490000e+03   2.1132784e+02   1.1230007e+00
   2.0500000e+03   2.1297516e+02   1.1283741e+00
   2.0510000e+03   2.1505035e+02   1.1337468e+00
   2.0520000e+03   2.1709012e+02   1.1391135e+00
   2.0530000e+03   2.1919027e+02   1.1444334e+00
   2.0540000e+03   2.2107985e+02   1.1497281e+00
   2.0550000e+03   2.2298511e+02   1.1550806e+00
   2.0560000e+03   2.2459589e+02   1.1603511e+00
   2.0570000e+03   2.2638504e+02   1.1654786e+00
   2.0580000e+03   2.2784155e+02   1.1705441e+00
   2.0590000e+03   2.2969154e+02   1.1756978e+00
   2.0600000e+03   2.3125235e+02   1.1808221e+00
   2.0610000e+03   2.3330388e+02   1.1860360e+00
   2.0620000e+03   2.3510757e+02   1.1910791e+00
   2.0630000e+03   2.3699621e+02   1.1961900e+00
   2.0640000e+03   2.3887039e+02   1.2012019e+00
   2.0650000e+03   2.4098694e+02   1.2063048e+00
   2.0660000e+03   2.4211007e+02   1.2111821e+00
   2.0670000e+03   2.4386752e+02   1.2162324e+00
   2.0680000e+03   2.4605651e+02   1.2215796e+00
   2.0690000e+03   2.4792384e+02   1.2268023e+00
   2.0700000e+03   2.4981528e+02   1.2317664e+00
   2.0710000e+03   2.5162852e+02   1.2366115e+00
   2.0720000e+03   2.5352128e+02   1.2414108e+00
   2.0730000e+03   2.5506122e+02   1.2461761e+00
   2.0740000e+03   2.5696389e+02   1.2511166e+00
   2.0750000e+03   2.5894306e+02   1.2558921e+00
   2.0760000e+03   2.6098655e+02   1.2607056e+00
   2.0770000e+03   2.6341355e+02   1.2657110e+00
   2.0780000e+03   2.6547814e+02   1.2706729e+00
   2.0790000e+03   2.6749706e+02   1.2757258e+00
   2.0800000e+03   2.6919896e+02   1.2805396e+00
   2.0810000e+03   2.7146224e+02   1.2854831e+00
   2.0820000e+03   2.7372181e+02   1.2906262e+00
   2.0830000e+03   2.7583109e+02   1.2954926e+00
   2.0840000e+03   2.7802322e+02   1.3002411e+00
   2.0850000e+03   2.7976012e+02   1.3049126e+00
   2.0860000e+03   2.8167756e+02   1.3095703e+00
   2.0870000e+03   2.8363952e+02   1.3144386e+00
   2.0880000e+03   2.8586842e+02   1.3195822e+00
   2.0890000e+03   2.8780113e+02   1.3242205e+00
   2.0900000e+03   2.8993685e+02   1.3289076e+00
   2.0910000e+03   2.9175525e+02   1.3334067e+00
   2.0920000e+03   2.9360959e+02   1.3378564e+00
   2.0930000e+03   2.9575551e+02   1.3424286e+00
   2.0940000e+03   2.9759278e+02   1.3468691e+00
   2.0950000e+03   2.9960867e+02   1.3513881e+00
   2.0960000e+03   3.0179229e+02   1.3561214e+00
   2.0970000e+03   3.0333657e+02   1.3605543e+00
   2.0980000e+03   3.0501942e+02   1.3650961e+00
   2.0990000e+03   3.0726215e+02   1.3698906e+00
   2.1000000e+03   3.0935975e+02   1.3747249e+00
   2.1010000e+03             NaN             NaN
   2.1020000e+03             NaN             NaN
   2.1030000e+03             NaN             NaN
   2.1040000e+03             NaN             NaN
   2.1050000e+03             NaN             NaN
   2.1060000e+03             NaN             NaN
   2.1070000e+03             NaN             NaN
   2.1080000e+03             NaN             NaN
   2.1090000e+03             NaN             NaN
   2.1100000e+03             NaN             NaN
   2.1110000e+03             NaN             NaN
   2.1120000e+03             NaN             NaN
   2.1130000e+03             NaN             NaN
   2.1140000e+03             NaN             NaN
   2.1150000e+03             NaN             NaN
   2.1160000e+03             NaN             NaN
   2.1170000e+03             NaN             NaN
   2.1180000e+03             NaN             NaN
   2.1190000e+03             NaN             NaN
   2.1200000e+03             NaN             NaN
   2.1210000e+03             NaN             NaN
   2.1220000e+03             NaN             NaN
   2.1230000e+03             NaN             NaN
   2.1240000e+03             NaN             NaN
   2.1250000e+03             NaN             NaN
   2.1260000e+03             NaN             NaN
   2.1270000e+03             NaN             NaN
   2.1280000e+03             NaN             NaN
   2.1290000e+03             NaN             NaN
   2.1300000e+03             NaN             NaN
   2.1310000e+03             NaN             NaN
   2.1320000e+03             NaN             NaN
   2.1330000e+03             NaN             NaN
   2.1340000e+03             NaN             NaN
   2.1350000e+03             NaN             NaN
   2.1360000e+03             NaN             NaN
   2.1370000e+03             NaN             NaN
   2.1380000e+03             NaN             NaN
   2.1390000e+03             NaN             NaN
   2.1400000e+03             NaN             NaN
   2.1410000e+03             NaN             NaN
   2.1420000e+03             NaN             NaN
   2.1430000e+03             NaN             NaN
   2.1440000e+03             NaN             NaN
   2.1450000e+03             NaN             NaN
   2.1460000e+03             NaN             NaN
   2.1470000e+03             NaN             NaN
   2.1480000e+03             NaN             NaN
   2.1490000e+03             NaN             NaN
   2.1500000e+03             NaN             NaN
   2.1510000e+03             NaN             NaN
   2.1520000e+03             NaN             NaN
   2.1530000e+03             NaN             NaN
   2.1540000e+03             NaN             NaN
   2.1550000e+03             NaN             NaN
   2.1560000e+03             NaN             NaN
   2.1570000e+03             NaN             NaN
   2.1580000e+03             NaN             NaN
   2.1590000e+03             NaN             NaN
   2.1600000e+03             NaN             NaN
   2.1610000e+03             NaN             NaN
   2.1620000e+03             NaN             NaN
   2.1630000e+03             NaN             NaN
   2.1640000e+03             NaN             NaN
   2.1650000e+03             NaN             NaN
   2.1660000e+03             NaN             NaN
   2.1670000e+03             NaN             NaN
   2.1680000e+03             NaN             NaN
   2.1690000e+03             NaN             NaN
   2.1700000e+03             NaN             NaN
   2.1710000e+03             NaN             NaN
   2.1720000e+03             NaN             NaN
   2.1730000e+03             NaN             NaN
   2.1740000e+03             NaN             NaN
   2.1750000e+03             NaN             NaN
   2.1760000e+03             NaN             NaN
   2.1770000e+03             NaN             NaN
   2.1780000e+03             NaN             NaN
   2.1790000e+03             NaN             NaN
   2.1800000e+03             NaN             NaN
   2.1810000e+03             NaN             NaN
   2.1820000e+03             NaN             NaN
   2.1830000e+03             NaN             NaN
   2.1840000e+03             NaN             NaN
   2.1850000e+03             NaN             NaN
   2.1860000e+03             NaN             NaN
   2.1870000e+03             NaN             NaN
   2.1880000e+03             NaN             NaN
   2.1890000e+03             NaN             NaN
   2.1900000e+03             NaN             NaN
   2.1910000e+03             NaN             NaN
   2.1920000e+03             NaN             NaN
   2.1930000e+03             NaN             NaN
   2.1940000e+03             NaN             NaN
   2.1950000e+03             NaN             NaN
   2.1960000e+03             NaN             NaN
   2.1970000e+03             NaN             NaN
   2.1980000e+03             NaN             NaN
   2.1990000e+03             NaN             NaN
   2.2000000e+03             NaN             NaN
   2.2010000e+03             NaN             NaN
   2.2020000e+03             NaN             NaN
   2.2030000e+03             NaN             NaN
   2.2040000e+03             NaN             NaN
   2.2050000e+03             NaN             NaN
   2.2060000e+03             NaN             NaN
   2.2070000e+03             NaN             NaN
   2.2080000e+03             NaN             NaN
   2.2090000e+03             NaN             NaN
   2.2100000e+03             NaN             NaN
   2.2110000e+03             NaN             NaN
   2.2120000e+03             NaN             NaN
   2.2130000e+03             NaN             NaN
   2.2140000e+03             NaN             NaN
   2.2150000e+03             NaN             NaN
   2.2160000e+03             NaN             NaN
   2.2170000e+03             NaN             NaN
   2.2180000e+03             NaN             NaN
   2.2190000e+03             NaN             NaN
   2.2200000e+03             NaN             NaN
   2.2210000e+03             NaN             NaN
   2.2220000e+03             NaN             NaN
   2.2230000e+03             NaN             NaN
   2.2240000e+03             NaN             NaN
   2.2250000e+03             NaN             NaN
   2.2260000e+03             NaN             NaN
   2.2270000e+03             NaN             NaN
   2.2280000e+03             NaN             NaN
   2.2290000e+03             NaN             NaN
   2.2300000e+03             NaN             NaN
   2.2310000e+03             NaN             NaN
   2.2320000e+03             NaN             NaN
   2.2330000e+03             NaN             NaN
   2.2340000e+03             NaN             NaN
   2.2350000e+03             NaN             NaN
   2.2360000e+03             NaN             NaN
   2.2370000e+03             NaN             NaN
   2.2380000e+03             NaN             NaN
   2.2390000e+03             NaN             NaN
   2.2400000e+03             NaN             NaN
   2.2410000e+03             NaN             NaN
   2.2420000e+03             NaN             NaN
   2.2430000e+03             NaN             NaN
   2.2440000e+03             NaN             NaN
   2.2450000e+03             NaN             NaN
   2.2460000e+03             NaN             NaN
   2.2470000e+03             NaN             NaN
   2.2480000e+03             NaN             NaN
   2.2490000e+03             NaN             NaN
   2.2500000e+03             NaN             NaN
   2.2510000e+03             NaN             NaN
   2.2520000e+03             NaN             NaN
   2.2530000e+03             NaN             NaN
   2.2540000e+03             NaN             NaN
   2.2550000e+03             NaN             NaN
   2.2560000e+03             NaN             NaN
   2.2570000e+03             NaN             NaN
   2.2580000e+03             NaN             NaN
   2.2590000e+03             NaN             NaN
   2.2600000e+03             NaN             NaN
   2.2610000e+03             NaN             NaN
   2.2620000e+03             NaN             NaN
   2.2630000e+03             NaN             NaN
   2.2640000e+03             NaN             NaN
   2.2650000e+03             NaN             NaN
   2.2660000e+03             NaN             NaN
   2.2670000e+03             NaN             NaN
   2.2680000e+03             NaN             NaN
   2.2690000e+03             NaN             NaN
   2.2700000e+03             NaN             NaN
   2.2710000e+03             NaN             NaN
   2.2720000e+03             NaN             NaN
   2.2730000e+03             NaN             NaN
   2.2740000e+03             NaN             NaN
   2.2750000e+03             NaN             NaN
   2.2760000e+03             NaN             NaN
   2.2770000e+03             NaN             NaN
   2.2780000e+03             NaN             NaN
   2.2790000e+03             NaN             NaN
   2.2800000e+03             NaN             NaN
   2.2810000e+03             NaN             NaN
   2.2820000e+03             NaN             NaN
   2.2830000e+03             NaN             NaN
   2.2840000e+03             NaN             NaN
   2.2850000e+03             NaN             NaN
   2.2860000e+03             NaN             NaN
   2.2870000e+03             NaN             NaN
   2.2880000e+03             NaN             NaN
   2.2890000e+03             NaN             NaN
   2.2900000e+03             NaN             NaN
   2.2910000e+03             NaN             NaN
   2.2920000e+03             NaN             NaN
   2.2930000e+03             NaN             NaN
   2.2940000e+03             NaN             NaN
   2.2950000e+03             NaN             NaN
   2.2960000e+03             NaN             NaN
   2.2970000e+03             NaN             NaN
   2.2980000e+03             NaN             NaN
   2.2990000e+03             NaN             NaN
   2.3000000e+03             NaN             NaN
