   1.8500000e+03             NaN             NaN
   1.8510000e+03   2.3841654e+00   5.7114837e+00
   1.8520000e+03   3.9473397e+00   5.6248198e+00
   1.8530000e+03   4.5988773e+00   5.5791141e+00
   1.8540000e+03   4.9845920e+00   5.5437118e+00
   1.8550000e+03   7.6505775e+00   5.5414411e+00
   1.8560000e+03   8.4639477e+00   5.3977728e+00
   1.8570000e+03   9.4785397e+00   5.3963238e+00
   1.8580000e+03   1.0611726e+01   5.3656520e+00
   1.8590000e+03   1.2081047e+01   5.3631949e+00
   1.8600000e+03   1.4398521e+01   5.3334366e+00
   1.8610000e+03   1.5941018e+01   5.2553734e+00
   1.8620000e+03   1.7179434e+01   5.2216075e+00
   1.8630000e+03   1.8718778e+01   5.1916374e+00
   1.8640000e+03   2.1002789e+01   5.1530436e+00
   1.8650000e+03   2.3555828e+01   5.0643222e+00
   1.8660000e+03   2.5773378e+01   5.0294364e+00
   1.8670000e+03   2.7741432e+01   4.9673321e+00
   1.8680000e+03   2.8747882e+01   4.8060801e+00
   1.8690000e+03   2.9951998e+01   4.7748875e+00
   1.8700000e+03   3.1693103e+01   4.7421150e+00
   1.8710000e+03   3.2298641e+01   4.6967697e+00
   1.8720000e+03   3.4165039e+01   4.6655317e+00
   1.8730000e+03   3.5506592e+01   4.5997508e+00
   1.8740000e+03   3.7155964e+01   4.5676416e+00
   1.8750000e+03   3.7589061e+01   4.5659828e+00
   1.8760000e+03   3.9124236e+01   4.5644204e+00
   1.8770000e+03   4.0538655e+01   4.5275962e+00
   1.8780000e+03   4.1569655e+01   4.4856163e+00
   1.8790000e+03   4.3845953e+01   4.4490512e+00
   1.8800000e+03   4.5138703e+01   4.3042718e+00
   1.8810000e+03   4.6864207e+01   4.2733702e+00
   1.8820000e+03   4.7526573e+01   4.2419636e+00
   1.8830000e+03   4.8263155e+01   4.2402620e+00
   1.8840000e+03   5.0135157e+01   4.2129519e+00
   1.8850000e+03   5.0651434e+01   4.1006156e+00
   1.8860000e+03   5.1335443e+01   4.0738806e+00
   1.8870000e+03   5.3129602e+01   4.0444604e+00
   1.8880000e+03   5.3699909e+01   3.8624403e+00
   1.8890000e+03   5.4283681e+01   3.8605712e+00
   1.8900000e+03   5.6057702e+01   3.8325853e+00
   1.8910000e+03   5.6706712e+01   3.7866650e+00
   1.8920000e+03   5.7546325e+01   3.7584261e+00
   1.8930000e+03   5.8436684e+01   3.7565037e+00
   1.8940000e+03   5.9117006e+01   3.7179391e+00
   1.8950000e+03   5.9664405e+01   3.6849784e+00
   1.8960000e+03   6.0050242e+01   3.6830555e+00
   1.8970000e+03   6.0169649e+01   3.6785217e+00
   1.8980000e+03   6.0519557e+01   3.6740191e+00
   1.8990000e+03   6.1478681e+01   3.6508675e+00
   1.9000000e+03   6.3097742e+01   3.6132046e+00
   1.9010000e+03   6.4716734e+01   3.5021157e+00
   1.9020000e+03   6.5693135e+01   3.4069352e+00
   1.9030000e+03   6.7313163e+01   3.3683514e+00
   1.9040000e+03   6.8189358e+01   3.2600992e+00
   1.9050000e+03   6.9003947e+01   3.2579109e+00
   1.9060000e+03   7.0298649e+01   3.2125839e+00
   1.9070000e+03   7.0504090e+01   3.0673904e+00
   1.9080000e+03   7.0873635e+01   3.0651439e+00
   1.9090000e+03   7.1048032e+01   3.0384765e+00
   1.9100000e+03   7.1469252e+01   3.0356063e+00
   1.9110000e+03   7.2244400e+01   3.0123142e+00
   1.9120000e+03   7.2421039e+01   2.9437439e+00
   1.9130000e+03   7.3055901e+01   2.9414162e+00
   1.9140000e+03   7.4492502e+01   2.9021235e+00
   1.9150000e+03   7.5633549e+01   2.8723434e+00
   1.9160000e+03   7.6419577e+01   2.8420253e+00
   1.9170000e+03   7.7462637e+01   2.8396333e+00
   1.9180000e+03   7.8776791e+01   2.8063996e+00
   1.9190000e+03   7.9504746e+01   2.7250635e+00
   1.9200000e+03   8.1234510e+01   2.6959415e+00
   1.9210000e+03   8.2295278e+01   2.4759152e+00
   1.9220000e+03   8.3849296e+01   2.4546770e+00
   1.9230000e+03   8.5020652e+01   2.4176163e+00
   1.9240000e+03   8.6437272e+01   2.3985316e+00
   1.9250000e+03   8.7329725e+01   2.3649421e+00
   1.9260000e+03   8.8791860e+01   2.3438611e+00
   1.9270000e+03   8.9388545e+01   2.2853856e+00
   1.9280000e+03   9.0397334e+01   2.2824746e+00
   1.9290000e+03   9.1828256e+01   2.2559111e+00
   1.9300000e+03   9.2716362e+01   1.9697938e+00
   1.9310000e+03   9.4537821e+01   1.9310233e+00
   1.9320000e+03   9.5864675e+01   1.5472314e+00
   1.9330000e+03   9.6820851e+01   1.4460574e+00
   1.9340000e+03   9.7472433e+01   1.3821922e+00
   1.9350000e+03   9.8443829e+01   1.3756047e+00
   1.9360000e+03   9.9543741e+01   1.3294713e+00
   1.9370000e+03   1.0037870e+02   1.3109690e+00
   1.9380000e+03   1.0172343e+02   1.3057794e+00
   1.9390000e+03   1.0294184e+02   1.2244999e+00
   1.9400000e+03   1.0406432e+02   1.2023618e+00
   1.9410000e+03   1.0478193e+02   1.1615930e+00
   1.9420000e+03   1.0483153e+02   1.1553685e+00
   1.9430000e+03   1.0564918e+02   1.1496625e+00
   1.9440000e+03   1.0680856e+02   1.1305974e+00
   1.9450000e+03   1.0709607e+02   1.0319369e+00
   1.9460000e+03   1.0825110e+02   1.0256448e+00
   1.9470000e+03   1.0917544e+02   9.9937655e-01
   1.9480000e+03   1.1025421e+02   9.0327877e-01
   1.9490000e+03   1.1098377e+02   8.9598897e-01
   1.9500000e+03   1.1168984e+02   8.8541070e-01
   1.9510000e+03   1.1241182e+02   8.7450922e-01
   1.9520000e+03   1.1321527e+02   8.6491811e-01
   1.9530000e+03   1.1421105e+02   8.5545649e-01
   1.9540000e+03   1.1468878e+02   8.3834378e-01
   1.9550000e+03   1.1606682e+02   8.3064777e-01
   1.9560000e+03   1.1712725e+02   8.1553547e-01
   1.9570000e+03   1.1791734e+02   7.8790649e-01
   1.9580000e+03   1.1820571e+02   7.7967314e-01
   1.9590000e+03   1.1959162e+02   7.7139708e-01
   1.9600000e+03   1.1997055e+02   7.6082193e-01
   1.9610000e+03   1.2066269e+02   7.5024135e-01
   1.9620000e+03   1.2107885e+02   7.3971645e-01
   1.9630000e+03   1.2202062e+02   7.2911100e-01
   1.9640000e+03   1.2267521e+02   7.1870469e-01
   1.9650000e+03   1.2321374e+02   7.0798267e-01
   1.9660000e+03   1.2406331e+02   6.9891829e-01
   1.9670000e+03   1.2491719e+02   6.8975252e-01
   1.9680000e+03   1.2534687e+02   6.7885107e-01
   1.9690000e+03   1.2532543e+02   6.6941420e-01
   1.9700000e+03   1.2564282e+02   6.5986027e-01
   1.9710000e+03   1.2633443e+02   6.5019613e-01
   1.9720000e+03   1.2656468e+02   6.4038265e-01
   1.9730000e+03   1.2647413e+02   6.3045997e-01
   1.9740000e+03   1.2711212e+02   6.2036404e-01
   1.9750000e+03   1.2709453e+02   6.1007573e-01
   1.9760000e+03   1.2797340e+02   5.9977837e-01
   1.9770000e+03   1.2816872e+02   5.9068012e-01
   1.9780000e+03   1.2870176e+02   5.8003163e-01
   1.9790000e+03   1.2935047e+02   5.6906071e-01
   1.9800000e+03   1.2967154e+02   5.5793894e-01
   1.9810000e+03   1.3003679e+02   5.4665876e-01
   1.9820000e+03   1.3041915e+02   5.3510666e-01
   1.9830000e+03   1.3095386e+02   5.2291040e-01
   1.9840000e+03   1.3198872e+02   5.1081326e-01
   1.9850000e+03   1.3239820e+02   4.9838990e-01
   1.9860000e+03   1.3290392e+02   4.8560752e-01
   1.9870000e+03   1.3383081e+02   4.7259429e-01
   1.9880000e+03   1.3446414e+02   4.5926863e-01
   1.9890000e+03   1.3602354e+02   4.4551392e-01
   1.9900000e+03   1.3738741e+02   4.3136388e-01
   1.9910000e+03   1.3839705e+02   4.1640475e-01
   1.9920000e+03   1.3887264e+02   4.0122161e-01
   1.9930000e+03   1.3958486e+02   3.8556073e-01
   1.9940000e+03   1.4000935e+02   3.6918830e-01
   1.9950000e+03   1.4027054e+02   3.5222820e-01
   1.9960000e+03   1.4148038e+02   3.3427238e-01
   1.9970000e+03   1.4214313e+02   3.1556363e-01
   1.9980000e+03   1.4258092e+02   2.9542617e-01
   1.9990000e+03   1.4328706e+02   2.7373708e-01
   2.0000000e+03   1.4427556e+02   2.5025897e-01
   2.0010000e+03   1.4559577e+02   2.2447536e-01
   2.0020000e+03   1.4647058e+02   1.9561319e-01
   2.0030000e+03   1.4759206e+02   1.9634266e-01
   2.0040000e+03   1.4893812e+02   1.9728626e-01
   2.0050000e+03   1.5005106e+02   1.9829973e-01
   2.0060000e+03   1.5146704e+02   1.9948181e-01
   2.0070000e+03   1.5280335e+02   2.2325275e-01
   2.0080000e+03   1.5397953e+02   2.4476991e-01
   2.0090000e+03   1.5513893e+02   2.6844438e-01
   2.0100000e+03   1.5691106e+02   2.9048714e-01
   2.0110000e+03   1.5790870e+02   3.1086252e-01
   2.0120000e+03   1.5898563e+02   3.3000408e-01
   2.0130000e+03   1.5966589e+02   3.4804918e-01
   2.0140000e+03   1.6051247e+02   3.6523014e-01
   2.0150000e+03   1.6168518e+02   3.8166399e-01
   2.0160000e+03   1.6317177e+02   3.9751852e-01
   2.0170000e+03   1.6441488e+02   4.1264932e-01
   2.0180000e+03   1.6588533e+02   4.2860971e-01
   2.0190000e+03   1.6731002e+02   4.4357006e-01
   2.0200000e+03   1.6951457e+02   4.5776804e-01
   2.0210000e+03   1.7124197e+02   4.7769604e-01
   2.0220000e+03   1.7274563e+02   4.9061793e-01
   2.0230000e+03   1.7507514e+02   5.0319103e-01
   2.0240000e+03   1.7670659e+02   5.1551104e-01
   2.0250000e+03   1.7843195e+02   5.2733083e-01
   2.0260000e+03   1.8050939e+02   6.3067189e-01
   2.0270000e+03   1.8127329e+02   6.4051826e-01
   2.0280000e+03   1.8287427e+02   6.5584542e-01
   2.0290000e+03   1.8486143e+02   6.6535066e-01
   2.0300000e+03   1.8681794e+02   6.7515742e-01
   2.0310000e+03   1.8792858e+02   6.8444376e-01
   2.0320000e+03   1.8954061e+02   6.9380444e-01
   2.0330000e+03   1.9068962e+02   7.0312426e-01
   2.0340000e+03   1.9257098e+02   7.1182990e-01
   2.0350000e+03   1.9364463e+02   7.2040413e-01
   2.0360000e+03   1.9579780e+02   7.3875780e-01
   2.0370000e+03   1.9802271e+02   7.4716564e-01
   2.0380000e+03   1.9988494e+02   7.5631390e-01
   2.0390000e+03   2.0192830e+02   7.6497688e-01
   2.0400000e+03   2.0481723e+02   1.2016837e+00
   2.0410000e+03   2.0710997e+02   1.4604634e+00
   2.0420000e+03   2.0931676e+02   1.4805338e+00
   2.0430000e+03   2.1137979e+02   1.4847541e+00
   2.0440000e+03   2.1365826e+02   1.7032338e+00
   2.0450000e+03   2.1623315e+02   1.7735130e+00
   2.0460000e+03   2.1836592e+02   1.7769645e+00
   2.0470000e+03   2.2011503e+02   1.7803748e+00
   2.0480000e+03   2.2213643e+02   1.7837840e+00
   2.0490000e+03   2.2446678e+02   1.7872430e+00
   2.0500000e+03   2.2644365e+02   1.7906656e+00
   2.0510000e+03   2.2861683e+02   1.7941759e+00
   2.0520000e+03   2.3065021e+02   1.7976181e+00
   2.0530000e+03   2.3270959e+02   1.8010896e+00
   2.0540000e+03   2.3435636e+02   1.8045037e+00
   2.0550000e+03   2.3636830e+02   1.8081494e+00
   2.0560000e+03   2.3851222e+02   1.8117427e+00
   2.0570000e+03   2.4059549e+02   1.8151929e+00
   2.0580000e+03   2.4299933e+02   1.8187202e+00
   2.0590000e+03   2.4420165e+02   1.8220728e+00
   2.0600000e+03   2.4635004e+02   1.8256285e+00
   2.0610000e+03   2.4823814e+02   1.8291288e+00
   2.0620000e+03   2.5016331e+02   1.8326812e+00
   2.0630000e+03   2.5234074e+02   1.8365491e+00
   2.0640000e+03   2.5401997e+02   1.8399576e+00
   2.0650000e+03   2.5613423e+02   1.8435807e+00
   2.0660000e+03   2.5823896e+02   1.8473995e+00
   2.0670000e+03   2.6030755e+02   1.8510887e+00
   2.0680000e+03   2.6218132e+02   1.8548919e+00
   2.0690000e+03   2.6411532e+02   1.8585526e+00
   2.0700000e+03   2.6585002e+02   1.8624939e+00
   2.0710000e+03   2.6749742e+02   1.8661301e+00
   2.0720000e+03   2.6956882e+02   1.8698415e+00
   2.0730000e+03   2.7160824e+02   1.8737493e+00
   2.0740000e+03   2.7343193e+02   1.8774508e+00
   2.0750000e+03   2.7522766e+02   1.8812208e+00
   2.0760000e+03   2.7682860e+02   1.8850608e+00
   2.0770000e+03   2.7871401e+02   1.8886756e+00
   2.0780000e+03   2.8033212e+02   1.8921746e+00
   2.0790000e+03   2.8168171e+02   1.8956688e+00
   2.0800000e+03   2.8341829e+02   1.8992357e+00
   2.0810000e+03   2.8513984e+02   1.9029251e+00
   2.0820000e+03   2.8696447e+02   1.9066321e+00
   2.0830000e+03   2.8853051e+02   1.9101907e+00
   2.0840000e+03   2.9043839e+02   1.9138732e+00
   2.0850000e+03   2.9222158e+02   1.9177517e+00
   2.0860000e+03   2.9381534e+02   1.9219670e+00
   2.0870000e+03   2.9517205e+02   1.9258954e+00
   2.0880000e+03   2.9647943e+02   1.9296768e+00
   2.0890000e+03   2.9839807e+02   1.9335592e+00
   2.0900000e+03   3.0032933e+02   1.9372132e+00
   2.0910000e+03   3.0205706e+02   1.9413591e+00
   2.0920000e+03   3.0372645e+02   1.9456378e+00
   2.0930000e+03   3.0518004e+02   1.9495903e+00
   2.0940000e+03   3.0681613e+02   1.9536612e+00
   2.0950000e+03   3.0857137e+02   1.9578332e+00
   2.0960000e+03   3.1032898e+02   1.9621156e+00
   2.0970000e+03   3.1213386e+02   1.9665334e+00
   2.0980000e+03   3.1390172e+02   1.9706397e+00
   2.0990000e+03   3.1545436e+02   1.9750314e+00
   2.1000000e+03   3.1695125e+02   1.9798202e+00
   2.1010000e+03   3.1884845e+02   1.9841672e+00
   2.1020000e+03   3.2023379e+02   1.9889158e+00
   2.1030000e+03   3.2163325e+02   1.9934192e+00
   2.1040000e+03   3.2340455e+02   1.9978247e+00
   2.1050000e+03   3.2472062e+02   2.0027785e+00
   2.1060000e+03   3.2655326e+02   2.0077980e+00
   2.1070000e+03   3.2786812e+02   2.0119693e+00
   2.1080000e+03   3.2912954e+02   2.0166941e+00
   2.1090000e+03   3.3050038e+02   2.0218526e+00
   2.1100000e+03   3.3195952e+02   2.0269541e+00
   2.1110000e+03   3.3328207e+02   2.0314560e+00
   2.1120000e+03   3.3493566e+02   2.0368937e+00
   2.1130000e+03   3.3631303e+02   2.0415540e+00
   2.1140000e+03   3.3773893e+02   2.0457506e+00
   2.1150000e+03   3.3909374e+02   2.0516153e+00
   2.1160000e+03   3.4042145e+02   2.0564265e+00
   2.1170000e+03   3.4171265e+02   2.0608331e+00
   2.1180000e+03   3.4312817e+02   2.0665870e+00
   2.1190000e+03   3.4463797e+02   2.0711111e+00
   2.1200000e+03   3.4649876e+02   2.0783757e+00
   2.1210000e+03   3.4785258e+02   2.0840418e+00
   2.1220000e+03   3.4883154e+02   2.0878821e+00
   2.1230000e+03   3.5017081e+02   2.0939077e+00
   2.1240000e+03   3.5153038e+02   2.0983328e+00
   2.1250000e+03   3.5310874e+02   2.1049810e+00
   2.1260000e+03   3.5487755e+02   2.1120083e+00
   2.1270000e+03   3.5608906e+02   2.1163441e+00
   2.1280000e+03   3.5728454e+02   2.1232326e+00
   2.1290000e+03   3.5871443e+02   2.1286341e+00
   2.1300000e+03   3.5989079e+02   2.1334074e+00
   2.1310000e+03   3.6141545e+02   2.1399669e+00
   2.1320000e+03   3.6258528e+02   2.1448251e+00
   2.1330000e+03   3.6382236e+02   2.1501309e+00
   2.1340000e+03   3.6538747e+02   2.1569646e+00
   2.1350000e+03   3.6659456e+02   2.1627424e+00
   2.1360000e+03   3.6779895e+02   2.1668958e+00
   2.1370000e+03   3.6891057e+02   2.1712926e+00
   2.1380000e+03   3.6992248e+02   2.1757675e+00
   2.1390000e+03   3.7089660e+02   2.1796674e+00
   2.1400000e+03   3.7222374e+02   2.1881553e+00
   2.1410000e+03   3.7348055e+02   2.1935511e+00
   2.1420000e+03   3.7457819e+02   2.1983745e+00
   2.1430000e+03   3.7573643e+02   2.2034344e+00
   2.1440000e+03   3.7691473e+02   2.2076153e+00
   2.1450000e+03   3.7780183e+02   2.2109896e+00
   2.1460000e+03   3.7853349e+02   2.2157391e+00
   2.1470000e+03   3.7931138e+02   2.2198981e+00
   2.1480000e+03   3.8033892e+02   2.2250971e+00
   2.1490000e+03   3.8125750e+02   2.2299280e+00
   2.1500000e+03   3.8231497e+02   2.2356315e+00
   2.1510000e+03   3.8335722e+02   2.2408278e+00
   2.1520000e+03   3.8422118e+02   2.2459792e+00
   2.1530000e+03   3.8551231e+02   2.2517430e+00
   2.1540000e+03   3.8680424e+02   2.2574804e+00
   2.1550000e+03   3.8780113e+02   2.2637838e+00
   2.1560000e+03   3.8875336e+02   2.2684786e+00
   2.1570000e+03   3.8963853e+02   2.2747428e+00
   2.1580000e+03   3.9048929e+02   2.2799771e+00
   2.1590000e+03   3.9149973e+02   2.2851515e+00
   2.1600000e+03   3.9269087e+02   2.2918934e+00
   2.1610000e+03   3.9366190e+02   2.2965745e+00
   2.1620000e+03   3.9451790e+02   2.3032796e+00
   2.1630000e+03   3.9543303e+02   2.3074993e+00
   2.1640000e+03   3.9630854e+02   2.3116989e+00
   2.1650000e+03   3.9739071e+02   2.3175063e+00
   2.1660000e+03   3.9830466e+02   2.3242643e+00
   2.1670000e+03   3.9914326e+02   2.3277327e+00
   2.1680000e+03   4.0020542e+02   2.3347769e+00
   2.1690000e+03   4.0111482e+02   2.3410184e+00
   2.1700000e+03   4.0198313e+02   2.3463321e+00
   2.1710000e+03   4.0300948e+02   2.3520826e+00
   2.1720000e+03   4.0384617e+02   2.3581315e+00
   2.1730000e+03   4.0470715e+02   2.3648892e+00
   2.1740000e+03   4.0550770e+02   2.3697665e+00
   2.1750000e+03   4.0619673e+02   2.3753823e+00
   2.1760000e+03   4.0695433e+02   2.3800698e+00
   2.1770000e+03   4.0795856e+02   2.3875382e+00
   2.1780000e+03   4.0890168e+02   2.3929858e+00
   2.1790000e+03   4.0966661e+02   2.3986021e+00
   2.1800000e+03   4.1051585e+02   2.4036503e+00
   2.1810000e+03   4.1136530e+02   2.4109105e+00
   2.1820000e+03   4.1225388e+02   2.4187682e+00
   2.1830000e+03   4.1299600e+02   2.4250624e+00
   2.1840000e+03   4.1379137e+02   2.4290542e+00
   2.1850000e+03   4.1454104e+02   2.4353047e+00
   2.1860000e+03   4.1524590e+02   2.4393646e+00
   2.1870000e+03   4.1590487e+02   2.4438607e+00
   2.1880000e+03   4.1699862e+02   2.4518390e+00
   2.1890000e+03   4.1773678e+02   2.4585716e+00
   2.1900000e+03   4.1833550e+02   2.4639363e+00
   2.1910000e+03   4.1878377e+02   2.4672161e+00
   2.1920000e+03   4.1966748e+02   2.4737090e+00
   2.1930000e+03   4.2062331e+02   2.4811734e+00
   2.1940000e+03   4.2144666e+02   2.4878486e+00
   2.1950000e+03   4.2221294e+02   2.4949423e+00
   2.1960000e+03   4.2299303e+02   2.4996573e+00
   2.1970000e+03   4.2363802e+02   2.5043773e+00
   2.1980000e+03   4.2432081e+02   2.5087824e+00
   2.1990000e+03   4.2516544e+02   2.5145285e+00
   2.2000000e+03   4.2599817e+02   2.5211018e+00
   2.2010000e+03   4.2695955e+02   2.5267625e+00
   2.2020000e+03   4.2800583e+02   2.5324751e+00
   2.2030000e+03   4.2864302e+02   2.5373061e+00
   2.2040000e+03   4.2944887e+02   2.5425919e+00
   2.2050000e+03   4.3059657e+02   2.5519400e+00
   2.2060000e+03   4.3141248e+02   2.5575988e+00
   2.2070000e+03   4.3208150e+02   2.5623712e+00
   2.2080000e+03   4.3281026e+02   2.5688971e+00
   2.2090000e+03   4.3355792e+02   2.5726197e+00
   2.2100000e+03   4.3437292e+02   2.5757856e+00
   2.2110000e+03   4.3510863e+02   2.5804557e+00
   2.2120000e+03   4.3582776e+02   2.5847719e+00
   2.2130000e+03   4.3638273e+02   2.5892993e+00
   2.2140000e+03   4.3712738e+02   2.5937153e+00
   2.2150000e+03   4.3790828e+02   2.6001676e+00
   2.2160000e+03   4.3850625e+02   2.6063878e+00
   2.2170000e+03   4.3925351e+02   2.6119850e+00
   2.2180000e+03   4.4007838e+02   2.6183507e+00
   2.2190000e+03   4.4066566e+02   2.6220160e+00
   2.2200000e+03   4.4144852e+02   2.6262053e+00
   2.2210000e+03   4.4224243e+02   2.6326253e+00
   2.2220000e+03   4.4287178e+02   2.6408646e+00
   2.2230000e+03   4.4354073e+02   2.6458446e+00
   2.2240000e+03   4.4397053e+02   2.6491388e+00
   2.2250000e+03   4.4449060e+02   2.6517050e+00
   2.2260000e+03   4.4513553e+02   2.6554377e+00
   2.2270000e+03   4.4561136e+02   2.6586554e+00
   2.2280000e+03   4.4634575e+02   2.6618072e+00
   2.2290000e+03   4.4696725e+02   2.6662445e+00
   2.2300000e+03   4.4759969e+02   2.6695423e+00
   2.2310000e+03   4.4811343e+02   2.6723829e+00
   2.2320000e+03   4.4871132e+02   2.6747675e+00
   2.2330000e+03   4.4941223e+02   2.6776090e+00
   2.2340000e+03   4.5008608e+02   2.6803289e+00
   2.2350000e+03   4.5081269e+02   2.6832023e+00
   2.2360000e+03   4.5125148e+02   2.6854826e+00
   2.2370000e+03   4.5167307e+02   2.6877072e+00
   2.2380000e+03   4.5217621e+02   2.6900668e+00
   2.2390000e+03   4.5267865e+02   2.6923088e+00
   2.2400000e+03   4.5314294e+02   2.6944739e+00
   2.2410000e+03   4.5360911e+02   2.6966232e+00
   2.2420000e+03   4.5419905e+02   2.6989134e+00
   2.2430000e+03   4.5475485e+02   2.7012438e+00
   2.2440000e+03   4.5516709e+02   2.7034843e+00
   2.2450000e+03   4.5593780e+02   2.7058408e+00
   2.2460000e+03   4.5664886e+02   2.7082282e+00
   2.2470000e+03   4.5712188e+02   2.7105725e+00
   2.2480000e+03   4.5758437e+02   2.7128869e+00
   2.2490000e+03   4.5792507e+02   2.7151587e+00
   2.2500000e+03   4.5845323e+02   2.7173521e+00
   2.2510000e+03   4.5891536e+02   2.7196760e+00
   2.2520000e+03   4.5938590e+02   2.7219920e+00
   2.2530000e+03   4.5991060e+02   2.7243716e+00
   2.2540000e+03   4.6040248e+02   2.7267318e+00
   2.2550000e+03   4.6075581e+02   2.7289572e+00
   2.2560000e+03   4.6107565e+02   2.7313340e+00
   2.2570000e+03   4.6160725e+02   2.7337285e+00
   2.2580000e+03   4.6204808e+02   2.7361406e+00
   2.2590000e+03   4.6249609e+02   2.7383542e+00
   2.2600000e+03   4.6301270e+02   2.7406134e+00
   2.2610000e+03   4.6366409e+02   2.7429049e+00
   2.2620000e+03   4.6430962e+02   2.7453710e+00
   2.2630000e+03   4.6476703e+02   2.7479368e+00
   2.2640000e+03   4.6513411e+02   2.7502328e+00
   2.2650000e+03   4.6554371e+02   2.7528707e+00
   2.2660000e+03   4.6603672e+02   2.7551095e+00
   2.2670000e+03   4.6650404e+02   2.7575069e+00
   2.2680000e+03   4.6692664e+02   2.7597914e+00
   2.2690000e+03   4.6756390e+02   2.7622150e+00
   2.2700000e+03   4.6793159e+02   2.7644425e+00
   2.2710000e+03   4.6823055e+02   2.7667840e+00
   2.2720000e+03   4.6873684e+02   2.7693104e+00
   2.2730000e+03   4.6907449e+02   2.7717680e+00
   2.2740000e+03   4.6933836e+02   2.7740865e+00
   2.2750000e+03   4.6957483e+02   2.7765545e+00
   2.2760000e+03   4.7007258e+02   2.7791187e+00
   2.2770000e+03   4.7050489e+02   2.7817317e+00
   2.2780000e+03   4.7094807e+02   2.7841514e+00
   2.2790000e+03   4.7128836e+02   2.7864701e+00
   2.2800000e+03   4.7145703e+02   2.7888045e+00
   2.2810000e+03   4.7187055e+02   2.7912495e+00
   2.2820000e+03   4.7223018e+02   2.7938273e+00
   2.2830000e+03   4.7270629e+02   2.7962737e+00
   2.2840000e+03   4.7325420e+02   2.7990304e+00
   2.2850000e+03   4.7376017e+02   2.8016230e+00
   2.2860000e+03   4.7423503e+02   2.8041729e+00
   2.2870000e+03   4.7472024e+02   2.8069736e+00
   2.2880000e+03   4.7504836e+02   2.8096806e+00
   2.2890000e+03   4.7543772e+02   2.8123349e+00
   2.2900000e+03   4.7570424e+02   2.8147184e+00
   2.2910000e+03   4.7601350e+02   2.8171487e+00
   2.2920000e+03   4.7631972e+02   2.8197624e+00
   2.2930000e+03   4.7677337e+02   2.8225640e+00
   2.2940000e+03   4.7693568e+02   2.8249270e+00
   2.2950000e+03   4.7711359e+02   2.8274698e+00
   2.2960000e+03   4.7740734e+02   2.8299942e+00
   2.2970000e+03   4.7765941e+02   2.8323673e+00
   2.2980000e+03   4.7794306e+02   2.8350830e+00
   2.2990000e+03   4.7831992e+02   2.8378606e+00
   2.3000000e+03   4.7869354e+02   2.8403468e+00
