   1.8500000e+03             NaN             NaN
   1.8510000e+03   1.6821510e+00   7.2139657e+00
   1.8520000e+03   2.1729391e+00   6.1068120e+00
   1.8530000e+03   3.2873525e+00   6.0985785e+00
   1.8540000e+03   6.3208270e+00   4.7685401e+00
   1.8550000e+03   6.9250810e+00   2.9166181e+00
   1.8560000e+03   8.0102362e+00   2.9095233e+00
   1.8570000e+03   8.3310590e+00   2.8621029e+00
   1.8580000e+03   9.1824638e+00   2.8051756e+00
   1.8590000e+03   9.5845775e+00   2.8025625e+00
   1.8600000e+03   1.0964981e+01   2.7907919e+00
   1.8610000e+03   1.1789874e+01   2.7475503e+00
   1.8620000e+03   1.3093166e+01   2.7451554e+00
   1.8630000e+03   1.3310562e+01   2.7286976e+00
   1.8640000e+03   1.3790850e+01   2.7205301e+00
   1.8650000e+03   1.4009331e+01   2.7129110e+00
   1.8660000e+03   1.5267591e+01   2.7105081e+00
   1.8670000e+03   1.5643605e+01   2.6451554e+00
   1.8680000e+03   1.7611678e+01   2.6426702e+00
   1.8690000e+03   1.8887971e+01   2.2875766e+00
   1.8700000e+03   2.0270927e+01   2.2683771e+00
   1.8710000e+03   2.1254110e+01   2.2495254e+00
   1.8720000e+03   2.1792101e+01   2.2407999e+00
   1.8730000e+03   2.2905663e+01   2.2378455e+00
   1.8740000e+03   2.3662051e+01   2.2180432e+00
   1.8750000e+03   2.3913430e+01   2.2037974e+00
   1.8760000e+03   2.5133313e+01   2.1955749e+00
   1.8770000e+03   2.5816829e+01   2.1776418e+00
   1.8780000e+03   2.6062566e+01   2.1537080e+00
   1.8790000e+03   2.6990090e+01   2.1290746e+00
   1.8800000e+03   2.7921764e+01   2.1151529e+00
   1.8810000e+03   2.8963524e+01   2.1055088e+00
   1.8820000e+03   2.9566792e+01   2.1021248e+00
   1.8830000e+03   3.0392870e+01   2.0946957e+00
   1.8840000e+03   3.0890697e+01   2.0874580e+00
   1.8850000e+03   3.1509836e+01   2.0765939e+00
   1.8860000e+03   3.2403686e+01   2.0738842e+00
   1.8870000e+03   3.2939153e+01   2.0559771e+00
   1.8880000e+03   3.2994823e+01   2.0528568e+00
   1.8890000e+03   3.3723590e+01   2.0496809e+00
   1.8900000e+03   3.4101104e+01   2.0427183e+00
   1.8910000e+03   3.4416649e+01   2.0348630e+00
   1.8920000e+03   3.4924020e+01   2.0316531e+00
   1.8930000e+03   3.5382492e+01   2.0189478e+00
   1.8940000e+03   3.6136488e+01   2.0156915e+00
   1.8950000e+03   3.7069895e+01   1.9960791e+00
   1.8960000e+03   3.7683073e+01   1.9842645e+00
   1.8970000e+03   3.8749081e+01   1.9809858e+00
   1.8980000e+03   3.9303003e+01   1.9527523e+00
   1.8990000e+03   4.0575047e+01   1.9426830e+00
   1.9000000e+03   4.2118220e+01   1.9078856e+00
   1.9010000e+03   4.2927468e+01   1.8956839e+00
   1.9020000e+03   4.3948581e+01   1.8925351e+00
   1.9030000e+03   4.4063880e+01   1.8773565e+00
   1.9040000e+03   4.4343238e+01   1.8739152e+00
   1.9050000e+03   4.4867602e+01   1.8704986e+00
   1.9060000e+03   4.5888409e+01   1.8512205e+00
   1.9070000e+03   4.6455107e+01   1.7700703e+00
   1.9080000e+03   4.6747412e+01   1.7600720e+00
   1.9090000e+03   4.6953490e+01   1.7534098e+00
   1.9100000e+03   4.7873802e+01   1.7496900e+00
   1.9110000e+03   4.8216939e+01   1.7371479e+00
   1.9120000e+03   4.8488552e+01   1.7307208e+00
   1.9130000e+03   4.8658106e+01   1.7270042e+00
   1.9140000e+03   4.9399668e+01   1.7232797e+00
   1.9150000e+03   4.9856978e+01   1.7108962e+00
   1.9160000e+03   5.0196867e+01   1.7071615e+00
   1.9170000e+03   5.1204388e+01   1.7034054e+00
   1.9180000e+03   5.2444235e+01   1.6885656e+00
   1.9190000e+03   5.2652643e+01   1.6740190e+00
   1.9200000e+03   5.3349326e+01   1.6701752e+00
   1.9210000e+03   5.4602954e+01   1.6662799e+00
   1.9220000e+03   5.4958982e+01   1.6183345e+00
   1.9230000e+03   5.5633975e+01   1.6062589e+00
   1.9240000e+03   5.6382830e+01   1.5917909e+00
   1.9250000e+03   5.8144309e+01   1.5793949e+00
   1.9260000e+03   5.8549543e+01   1.5671012e+00
   1.9270000e+03   5.9225309e+01   1.5629959e+00
   1.9280000e+03   6.0382073e+01   1.5514401e+00
   1.9290000e+03   6.1188293e+01   1.5231106e+00
   1.9300000e+03   6.1530834e+01   1.5188558e+00
   1.9310000e+03   6.2355727e+01   1.5146808e+00
   1.9320000e+03   6.2750340e+01   1.5011285e+00
   1.9330000e+03   6.3690999e+01   1.4973319e+00
   1.9340000e+03   6.4451033e+01   1.4927797e+00
   1.9350000e+03   6.5252704e+01   1.4829196e+00
   1.9360000e+03   6.6108407e+01   1.4648501e+00
   1.9370000e+03   6.7150232e+01   1.4518897e+00
   1.9380000e+03   6.8526049e+01   1.4410852e+00
   1.9390000e+03   6.9608049e+01   1.4306017e+00
   1.9400000e+03   7.0175407e+01   1.4187556e+00
   1.9410000e+03   7.0905070e+01   1.4132086e+00
   1.9420000e+03   7.1760041e+01   1.3984450e+00
   1.9430000e+03   7.2807839e+01   1.3798396e+00
   1.9440000e+03   7.3581312e+01   1.3698629e+00
   1.9450000e+03   7.4034554e+01   1.3514086e+00
   1.9460000e+03   7.5167260e+01   1.3467277e+00
   1.9470000e+03   7.6316501e+01   1.3285469e+00
   1.9480000e+03   7.6920234e+01   1.3057963e+00
   1.9490000e+03   7.7774572e+01   1.2929160e+00
   1.9500000e+03   7.8809023e+01   1.2837867e+00
   1.9510000e+03   7.9445507e+01   1.2747916e+00
   1.9520000e+03   8.0322824e+01   1.2699987e+00
   1.9530000e+03   8.0678364e+01   1.1538516e+00
   1.9540000e+03   8.1624974e+01   1.1483187e+00
   1.9550000e+03   8.2072883e+01   1.1119176e+00
   1.9560000e+03   8.3006441e+01   1.1061961e+00
   1.9570000e+03   8.4551112e+01   1.0980911e+00
   1.9580000e+03   8.5189719e+01   1.0624073e+00
   1.9590000e+03   8.5744634e+01   1.0564661e+00
   1.9600000e+03   8.6258886e+01   1.0504937e+00
   1.9610000e+03   8.6470681e+01   1.0444410e+00
   1.9620000e+03   8.6751719e+01   1.0385507e+00
   1.9630000e+03   8.7002721e+01   1.0325165e+00
   1.9640000e+03   8.7069362e+01   1.0264599e+00
   1.9650000e+03   8.7303660e+01   1.0203494e+00
   1.9660000e+03   8.8085250e+01   1.0080340e+00
   1.9670000e+03   8.8260195e+01   1.0017673e+00
   1.9680000e+03   8.8481248e+01   9.9537891e-01
   1.9690000e+03   8.8547719e+01   9.8902795e-01
   1.9700000e+03   8.9308026e+01   9.8269135e-01
   1.9710000e+03   8.9890892e+01   9.7338011e-01
   1.9720000e+03   9.0485045e+01   9.6687415e-01
   1.9730000e+03   9.0964277e+01   9.6033310e-01
   1.9740000e+03   9.1435378e+01   9.4925199e-01
   1.9750000e+03   9.2007447e+01   9.3490175e-01
   1.9760000e+03   9.3610311e+01   9.2816087e-01
   1.9770000e+03   9.4709547e+01   8.8488005e-01
   1.9780000e+03   9.5566019e+01   8.7887265e-01
   1.9790000e+03   9.6179799e+01   8.6048991e-01
   1.9800000e+03   9.6263672e+01   8.5322182e-01
   1.9810000e+03   9.7218179e+01   8.4672895e-01
   1.9820000e+03   9.8412479e+01   8.3928246e-01
   1.9830000e+03   9.8937845e+01   7.5578157e-01
   1.9840000e+03   9.9570768e+01   7.4747377e-01
   1.9850000e+03   1.0030653e+02   7.3031890e-01
   1.9860000e+03   1.0171565e+02   7.1110507e-01
   1.9870000e+03   1.0296466e+02   6.6580268e-01
   1.9880000e+03   1.0371206e+02   6.5620763e-01
   1.9890000e+03   1.0394701e+02   6.4668004e-01
   1.9900000e+03   1.0507552e+02   6.3705226e-01
   1.9910000e+03   1.0601459e+02   6.1673582e-01
   1.9920000e+03   1.0665439e+02   6.0657427e-01
   1.9930000e+03   1.0749445e+02   5.9629030e-01
   1.9940000e+03   1.0841613e+02   5.5855239e-01
   1.9950000e+03   1.0895055e+02   5.4903863e-01
   1.9960000e+03   1.1014919e+02   5.2351128e-01
   1.9970000e+03   1.1141058e+02   5.1158533e-01
   1.9980000e+03   1.1277596e+02   4.9935018e-01
   1.9990000e+03   1.1448106e+02   4.8683180e-01
   2.0000000e+03   1.1550189e+02   4.7395702e-01
   2.0010000e+03   1.1722295e+02   4.5811875e-01
   2.0020000e+03   1.1979739e+02   4.4444918e-01
   2.0030000e+03   1.2190623e+02   2.4083107e-01
   2.0040000e+03   1.2301920e+02   1.9811562e-01
   2.0050000e+03   1.2453517e+02   1.9873864e-01
   2.0060000e+03   1.2635259e+02   1.9969166e-01
   2.0070000e+03   1.2775971e+02   2.2349417e-01
   2.0080000e+03   1.2971554e+02   2.6954291e-01
   2.0090000e+03   1.3144768e+02   2.9136811e-01
   2.0100000e+03   1.3330653e+02   3.1626496e-01
   2.0110000e+03   1.3484777e+02   3.3514280e-01
   2.0120000e+03   1.3666897e+02   3.5333426e-01
   2.0130000e+03   1.3831445e+02   3.7039285e-01
   2.0140000e+03   1.3978311e+02   4.6954453e-01
   2.0150000e+03   1.4104890e+02   4.8255349e-01
   2.0160000e+03   1.4299810e+02   9.5179558e-01
   2.0170000e+03   1.4456153e+02   9.5821063e-01
   2.0180000e+03   1.4608531e+02   9.6454199e-01
   2.0190000e+03   1.4736991e+02   9.7082103e-01
   2.0200000e+03   1.4845099e+02   9.7703236e-01
   2.0210000e+03   1.4910988e+02   9.8318190e-01
   2.0220000e+03   1.5022544e+02   9.8948858e-01
   2.0230000e+03   1.5144145e+02   9.9566240e-01
   2.0240000e+03   1.5283903e+02   1.0017364e+00
   2.0250000e+03   1.5464489e+02   1.0080166e+00
   2.0260000e+03   1.5604649e+02   1.0140641e+00
   2.0270000e+03   1.5832215e+02   1.0201518e+00
   2.0280000e+03   1.6006985e+02   1.0260965e+00
   2.0290000e+03   1.6154617e+02   1.0320011e+00
   2.0300000e+03   1.6268327e+02   1.0369896e+00
   2.0310000e+03   1.6422621e+02   1.0428313e+00
   2.0320000e+03   1.6539051e+02   1.0486219e+00
   2.0330000e+03   1.6693798e+02   1.0545253e+00
   2.0340000e+03   1.6830085e+02   1.0606125e+00
   2.0350000e+03   1.6938123e+02   1.0663121e+00
   2.0360000e+03   1.7019223e+02   1.0720079e+00
   2.0370000e+03   1.7151413e+02   1.0777307e+00
   2.0380000e+03   1.7287315e+02   1.0837964e+00
   2.0390000e+03   1.7414488e+02   1.0894493e+00
   2.0400000e+03   1.7592952e+02   1.0950380e+00
   2.0410000e+03   1.7797483e+02   1.1007132e+00
   2.0420000e+03   1.7943263e+02   1.1065431e+00
   2.0430000e+03   1.8084696e+02   1.1122357e+00
   2.0440000e+03   1.8204990e+02   1.1179020e+00
   2.0450000e+03   1.8360392e+02   1.1238010e+00
   2.0460000e+03   1.8483530e+02   1.1292527e+00
   2.0470000e+03   1.8668526e+02   1.1356074e+00
   2.0480000e+03   1.8863278e+02   1.1413949e+00
   2.0490000e+03   1.9023637e+02   1.1473139e+00
   2.0500000e+03   1.9156912e+02   1.1533818e+00
   2.0510000e+03   1.9258057e+02   1.1590484e+00
   2.0520000e+03   1.9334587e+02   1.1644519e+00
   2.0530000e+03   1.9428307e+02   1.1696813e+00
   2.0540000e+03   1.9555163e+02   1.1750836e+00
   2.0550000e+03   1.9703695e+02   1.1822544e+00
   2.0560000e+03   1.9819429e+02   1.1886983e+00
   2.0570000e+03   1.9917472e+02   1.1957945e+00
   2.0580000e+03   2.0064909e+02   1.2013695e+00
   2.0590000e+03   2.0208064e+02   1.2088792e+00
   2.0600000e+03   2.0394055e+02   1.2152459e+00
   2.0610000e+03   2.0593450e+02   1.2218077e+00
   2.0620000e+03   2.0800832e+02   1.2279013e+00
   2.0630000e+03   2.0990971e+02   1.2330996e+00
   2.0640000e+03   2.1175910e+02   1.2389065e+00
   2.0650000e+03   2.1347471e+02   1.2441350e+00
   2.0660000e+03   2.1558099e+02   1.2495593e+00
   2.0670000e+03   2.1692420e+02   1.2546672e+00
   2.0680000e+03   2.1834395e+02   1.2599749e+00
   2.0690000e+03   2.1950386e+02   1.2653979e+00
   2.0700000e+03   2.2029315e+02   1.2707028e+00
   2.0710000e+03   2.2141524e+02   1.2753541e+00
   2.0720000e+03   2.2284739e+02   1.2808937e+00
   2.0730000e+03   2.2416975e+02   1.2861339e+00
   2.0740000e+03   2.2556713e+02   1.2910977e+00
   2.0750000e+03   2.2648149e+02   1.2962425e+00
   2.0760000e+03   2.2744504e+02   1.3026168e+00
   2.0770000e+03   2.2876054e+02   1.3073298e+00
   2.0780000e+03   2.2972457e+02   1.3123079e+00
   2.0790000e+03   2.3073969e+02   1.3173195e+00
   2.0800000e+03   2.3137692e+02   1.3219929e+00
   2.0810000e+03   2.3242303e+02   1.3265119e+00
   2.0820000e+03   2.3360688e+02   1.3310461e+00
   2.0830000e+03   2.3475490e+02   1.3358392e+00
   2.0840000e+03   2.3543302e+02   1.3403736e+00
   2.0850000e+03   2.3610132e+02   1.3450538e+00
   2.0860000e+03   2.3679890e+02   1.3502072e+00
   2.0870000e+03   2.3773353e+02   1.3550780e+00
   2.0880000e+03   2.3910296e+02   1.3595173e+00
   2.0890000e+03   2.3967391e+02   1.3649172e+00
   2.0900000e+03   2.4058117e+02   1.3695858e+00
   2.0910000e+03   2.4126028e+02   1.3740445e+00
   2.0920000e+03   2.4218946e+02   1.3798187e+00
   2.0930000e+03   2.4305210e+02   1.3848240e+00
   2.0940000e+03   2.4416949e+02   1.3907439e+00
   2.0950000e+03   2.4480887e+02   1.3960904e+00
   2.0960000e+03   2.4588855e+02   1.4003873e+00
   2.0970000e+03   2.4695538e+02   1.4052414e+00
   2.0980000e+03   2.4780034e+02   1.4096815e+00
   2.0990000e+03   2.4863350e+02   1.4140461e+00
   2.1000000e+03   2.4968374e+02   1.4182621e+00
   2.1010000e+03   2.5043619e+02   1.4229353e+00
   2.1020000e+03   2.5150037e+02   1.4270986e+00
   2.1030000e+03   2.5288597e+02   1.4323169e+00
   2.1040000e+03   2.5380708e+02   1.4364847e+00
   2.1050000e+03   2.5442597e+02   1.4407866e+00
   2.1060000e+03   2.5514826e+02   1.4448876e+00
   2.1070000e+03   2.5631501e+02   1.4492563e+00
   2.1080000e+03   2.5699947e+02   1.4535983e+00
   2.1090000e+03   2.5742637e+02   1.4576384e+00
   2.1100000e+03   2.5798153e+02   1.4615335e+00
   2.1110000e+03   2.5858957e+02   1.4658216e+00
   2.1120000e+03   2.5893788e+02   1.4697223e+00
   2.1130000e+03   2.5946606e+02   1.4738160e+00
   2.1140000e+03   2.6028940e+02   1.4781728e+00
   2.1150000e+03   2.6094275e+02   1.4836082e+00
   2.1160000e+03   2.6156134e+02   1.4881150e+00
   2.1170000e+03   2.6228466e+02   1.4928572e+00
   2.1180000e+03   2.6279034e+02   1.4969950e+00
   2.1190000e+03   2.6409990e+02   1.5014933e+00
   2.1200000e+03   2.6492639e+02   1.5055681e+00
   2.1210000e+03   2.6545894e+02   1.5092282e+00
   2.1220000e+03   2.6605342e+02   1.5130630e+00
   2.1230000e+03   2.6637162e+02   1.5168016e+00
   2.1240000e+03   2.6714681e+02   1.5213738e+00
   2.1250000e+03   2.6796452e+02   1.5273748e+00
   2.1260000e+03   2.6845797e+02   1.5313895e+00
   2.1270000e+03   2.6937269e+02   1.5363886e+00
   2.1280000e+03   2.7024892e+02   1.5417779e+00
   2.1290000e+03   2.7100911e+02   1.5464776e+00
   2.1300000e+03   2.7204897e+02   1.5505238e+00
   2.1310000e+03   2.7286011e+02   1.5543118e+00
   2.1320000e+03   2.7329853e+02   1.5580610e+00
   2.1330000e+03   2.7374644e+02   1.5618729e+00
   2.1340000e+03   2.7389029e+02   1.5654724e+00
   2.1350000e+03   2.7428091e+02   1.5687905e+00
   2.1360000e+03   2.7459138e+02   1.5725195e+00
   2.1370000e+03   2.7500507e+02   1.5764397e+00
   2.1380000e+03   2.7532303e+02   1.5807187e+00
   2.1390000e+03   2.7583468e+02   1.5845657e+00
   2.1400000e+03   2.7649335e+02   1.5885275e+00
   2.1410000e+03   2.7700970e+02   1.5923080e+00
   2.1420000e+03   2.7752582e+02   1.5960495e+00
   2.1430000e+03   2.7784264e+02   1.5995819e+00
   2.1440000e+03   2.7799915e+02   1.6033848e+00
   2.1450000e+03   2.7856186e+02   1.6070644e+00
   2.1460000e+03   2.7933608e+02   1.6123758e+00
   2.1470000e+03   2.7953407e+02   1.6174983e+00
   2.1480000e+03   2.7967566e+02   1.6209968e+00
   2.1490000e+03   2.8033517e+02   1.6246426e+00
   2.1500000e+03   2.8073473e+02   1.6281217e+00
   2.1510000e+03   2.8113787e+02   1.6320462e+00
   2.1520000e+03   2.8155476e+02   1.6367721e+00
   2.1530000e+03   2.8213158e+02   1.6403976e+00
   2.1540000e+03   2.8261125e+02   1.6438905e+00
   2.1550000e+03   2.8328987e+02   1.6473561e+00
   2.1560000e+03   2.8376554e+02   1.6510743e+00
   2.1570000e+03   2.8399143e+02   1.6544710e+00
   2.1580000e+03   2.8440860e+02   1.6577112e+00
   2.1590000e+03   2.8484071e+02   1.6612527e+00
   2.1600000e+03   2.8540250e+02   1.6652401e+00
   2.1610000e+03   2.8630645e+02   1.6694562e+00
   2.1620000e+03   2.8698208e+02   1.6744770e+00
   2.1630000e+03   2.8721426e+02   1.6783487e+00
   2.1640000e+03   2.8756120e+02   1.6816817e+00
   2.1650000e+03   2.8781694e+02   1.6850313e+00
   2.1660000e+03   2.8824672e+02   1.6883578e+00
   2.1670000e+03   2.8840233e+02   1.6912517e+00
   2.1680000e+03   2.8887123e+02   1.6945390e+00
   2.1690000e+03   2.8921577e+02   1.6981817e+00
   2.1700000e+03   2.8946656e+02   1.7022408e+00
   2.1710000e+03   2.8992195e+02   1.7060182e+00
   2.1720000e+03   2.9049432e+02   1.7100321e+00
   2.1730000e+03   2.9074499e+02   1.7139541e+00
   2.1740000e+03   2.9060831e+02   1.7172193e+00
   2.1750000e+03   2.9104554e+02   1.7204723e+00
   2.1760000e+03   2.9139840e+02   1.7237607e+00
   2.1770000e+03   2.9156519e+02   1.7271192e+00
   2.1780000e+03   2.9164942e+02   1.7312233e+00
   2.1790000e+03   2.9212955e+02   1.7344779e+00
   2.1800000e+03   2.9246961e+02   1.7377324e+00
   2.1810000e+03   2.9292271e+02   1.7421910e+00
   2.1820000e+03   2.9312936e+02   1.7454739e+00
   2.1830000e+03   2.9357110e+02   1.7487649e+00
   2.1840000e+03   2.9356691e+02   1.7523963e+00
   2.1850000e+03   2.9377508e+02   1.7560164e+00
   2.1860000e+03   2.9395328e+02   1.7594340e+00
   2.1870000e+03   2.9463016e+02   1.7649274e+00
   2.1880000e+03   2.9514942e+02   1.7696203e+00
   2.1890000e+03   2.9544969e+02   1.7734084e+00
   2.1900000e+03   2.9585934e+02   1.7766018e+00
   2.1910000e+03   2.9619820e+02   1.7797475e+00
   2.1920000e+03   2.9631168e+02   1.7824938e+00
   2.1930000e+03   2.9660147e+02   1.7856882e+00
   2.1940000e+03   2.9708293e+02   1.7897680e+00
   2.1950000e+03   2.9725957e+02   1.7929168e+00
   2.1960000e+03   2.9726258e+02   1.7955312e+00
   2.1970000e+03   2.9744387e+02   1.7987615e+00
   2.1980000e+03   2.9739827e+02   1.8018750e+00
   2.1990000e+03   2.9764876e+02   1.8054690e+00
   2.2000000e+03   2.9791264e+02   1.8085596e+00
   2.2010000e+03   2.9823096e+02   1.8118196e+00
   2.2020000e+03   2.9846304e+02   1.8149095e+00
   2.2030000e+03   2.9873002e+02   1.8196744e+00
   2.2040000e+03   2.9902626e+02   1.8228199e+00
   2.2050000e+03   2.9944543e+02   1.8259295e+00
   2.2060000e+03   2.9984109e+02   1.8296197e+00
   2.2070000e+03   3.0021087e+02   1.8331944e+00
   2.2080000e+03   3.0037052e+02   1.8369116e+00
   2.2090000e+03   3.0080301e+02   1.8399585e+00
   2.2100000e+03   3.0124350e+02   1.8438003e+00
   2.2110000e+03   3.0151966e+02   1.8468592e+00
   2.2120000e+03   3.0178290e+02   1.8505010e+00
   2.2130000e+03   3.0213313e+02   1.8541431e+00
   2.2140000e+03   3.0259272e+02   1.8571968e+00
   2.2150000e+03   3.0297028e+02   1.8602493e+00
   2.2160000e+03   3.0316085e+02   1.8633394e+00
   2.2170000e+03   3.0325752e+02   1.8662645e+00
   2.2180000e+03   3.0375653e+02   1.8704367e+00
   2.2190000e+03   3.0398388e+02   1.8734236e+00
   2.2200000e+03   3.0417642e+02   1.8764806e+00
   2.2210000e+03   3.0436334e+02   1.8794590e+00
   2.2220000e+03   3.0458422e+02   1.8824241e+00
   2.2230000e+03   3.0479894e+02   1.8854466e+00
   2.2240000e+03   3.0503742e+02   1.8884704e+00
   2.2250000e+03   3.0528893e+02   1.8914462e+00
   2.2260000e+03   3.0579385e+02   1.8950190e+00
   2.2270000e+03   3.0612805e+02   1.8991035e+00
   2.2280000e+03   3.0638360e+02   1.9019840e+00
   2.2290000e+03   3.0668260e+02   1.9055564e+00
   2.2300000e+03   3.0691393e+02   1.9084692e+00
   2.2310000e+03   3.0679180e+02   1.9113698e+00
   2.2320000e+03   3.0692284e+02   1.9148679e+00
   2.2330000e+03   3.0712658e+02   1.9177786e+00
   2.2340000e+03   3.0735942e+02   1.9206549e+00
   2.2350000e+03   3.0783391e+02   1.9235770e+00
   2.2360000e+03   3.0805711e+02   1.9264940e+00
   2.2370000e+03   3.0844854e+02   1.9300704e+00
   2.2380000e+03   3.0908324e+02   1.9332109e+00
   2.2390000e+03   3.0935252e+02   1.9367932e+00
   2.2400000e+03   3.0953048e+02   1.9396306e+00
   2.2410000e+03   3.0999782e+02   1.9425737e+00
   2.2420000e+03   3.1009216e+02   1.9454104e+00
   2.2430000e+03   3.1014631e+02   1.9482960e+00
   2.2440000e+03   3.1027961e+02   1.9511664e+00
   2.2450000e+03   3.1046430e+02   1.9541674e+00
   2.2460000e+03   3.1101214e+02   1.9578420e+00
   2.2470000e+03   3.1118238e+02   1.9606493e+00
   2.2480000e+03   3.1144542e+02   1.9632555e+00
   2.2490000e+03   3.1169086e+02   1.9660580e+00
   2.2500000e+03   3.1161863e+02   1.9688346e+00
   2.2510000e+03   3.1157788e+02   1.9723481e+00
   2.2520000e+03   3.1161175e+02   1.9751405e+00
   2.2530000e+03   3.1170348e+02   1.9779083e+00
   2.2540000e+03   3.1189661e+02   1.9806786e+00
   2.2550000e+03   3.1226041e+02   1.9835101e+00
   2.2560000e+03   3.1239109e+02   1.9862706e+00
   2.2570000e+03   3.1255618e+02   1.9897625e+00
   2.2580000e+03   3.1296032e+02   1.9925530e+00
   2.2590000e+03   3.1320953e+02   1.9953171e+00
   2.2600000e+03   3.1327250e+02   1.9980622e+00
   2.2610000e+03   3.1335946e+02   2.0004013e+00
   2.2620000e+03   3.1348555e+02   2.0030700e+00
   2.2630000e+03   3.1374060e+02   2.0058141e+00
   2.2640000e+03   3.1392215e+02   2.0093890e+00
   2.2650000e+03   3.1380784e+02   2.0120665e+00
   2.2660000e+03   3.1356210e+02   2.0147178e+00
   2.2670000e+03   3.1369743e+02   2.0174099e+00
   2.2680000e+03   3.1366865e+02   2.0200847e+00
   2.2690000e+03   3.1372181e+02   2.0227661e+00
   2.2700000e+03   3.1397903e+02   2.0262825e+00
   2.2710000e+03   3.1407377e+02   2.0288088e+00
   2.2720000e+03   3.1419147e+02   2.0316198e+00
   2.2730000e+03   3.1428800e+02   2.0342814e+00
   2.2740000e+03   3.1453709e+02   2.0370323e+00
   2.2750000e+03   3.1452874e+02   2.0397292e+00
   2.2760000e+03   3.1460213e+02   2.0423453e+00
   2.2770000e+03   3.1454466e+02   2.0458419e+00
   2.2780000e+03   3.1455334e+02   2.0483793e+00
   2.2790000e+03   3.1473322e+02   2.0510469e+00
   2.2800000e+03   3.1480765e+02   2.0536964e+00
   2.2810000e+03   3.1513070e+02   2.0563439e+00
   2.2820000e+03   3.1524933e+02   2.0589940e+00
   2.2830000e+03   3.1527983e+02   2.0616346e+00
   2.2840000e+03   3.1598685e+02   2.0652339e+00
   2.2850000e+03   3.1634540e+02   2.0678776e+00
   2.2860000e+03   3.1653056e+02   2.0705489e+00
   2.2870000e+03   3.1682428e+02   2.0732173e+00
   2.2880000e+03   3.1709949e+02   2.0759451e+00
   2.2890000e+03   3.1724090e+02   2.0795173e+00
   2.2900000e+03   3.1762021e+02   2.0833316e+00
   2.2910000e+03   3.1795135e+02   2.0859981e+00
   2.2920000e+03   3.1803149e+02   2.0886050e+00
   2.2930000e+03   3.1805531e+02   2.0911671e+00
   2.2940000e+03   3.1826986e+02   2.0937366e+00
   2.2950000e+03   3.1850630e+02   2.0972494e+00
   2.2960000e+03   3.1864006e+02   2.0998328e+00
   2.2970000e+03   3.1863925e+02   2.1023502e+00
   2.2980000e+03   3.1874503e+02   2.1049023e+00
   2.2990000e+03   3.1889578e+02   2.1074802e+00
   2.3000000e+03   3.1924276e+02   2.1100359e+00
