   1.8500000e+03             NaN             NaN
   1.8510000e+03   1.1002533e+00   3.2870180e+00
   1.8520000e+03   2.7984263e+00   3.2610406e+00
   1.8530000e+03   4.5488065e+00   3.2320899e+00
   1.8540000e+03   6.0371187e+00   3.2052247e+00
   1.8550000e+03   7.5506290e+00   3.1655418e+00
   1.8560000e+03   8.7278974e+00   3.1619703e+00
   1.8570000e+03   9.3255952e+00   3.1350893e+00
   1.8580000e+03   1.0028568e+01   3.1085057e+00
   1.8590000e+03   1.1478577e+01   3.0815563e+00
   1.8600000e+03   1.3509311e+01   3.0538437e+00
   1.8610000e+03   1.4696697e+01   2.9470147e+00
   1.8620000e+03   1.6679263e+01   2.9176817e+00
   1.8630000e+03   1.7926168e+01   2.8883069e+00
   1.8640000e+03   2.0911531e+01   2.8581657e+00
   1.8650000e+03   2.2538165e+01   2.7596557e+00
   1.8660000e+03   2.4009458e+01   2.7291029e+00
   1.8670000e+03   2.4788793e+01   2.6990119e+00
   1.8680000e+03   2.5830955e+01   2.6963565e+00
   1.8690000e+03   2.7250856e+01   2.6662198e+00
   1.8700000e+03   2.8399998e+01   2.6349931e+00
   1.8710000e+03   2.9380890e+01   2.6046931e+00
   1.8720000e+03   3.0231621e+01   2.5745092e+00
   1.8730000e+03   3.1081714e+01   2.5443839e+00
   1.8740000e+03   3.2459411e+01   2.5140924e+00
   1.8750000e+03   3.3663235e+01   2.4818184e+00
   1.8760000e+03   3.4660643e+01   2.4495533e+00
   1.8770000e+03   3.6387696e+01   2.4197672e+00
   1.8780000e+03   3.8729070e+01   2.3595781e+00
   1.8790000e+03   4.0128996e+01   2.2967988e+00
   1.8800000e+03   4.1178326e+01   2.2656625e+00
   1.8810000e+03   4.2595249e+01   2.2347520e+00
   1.8820000e+03   4.3779450e+01   2.2032298e+00
   1.8830000e+03   4.5152836e+01   2.1719342e+00
   1.8840000e+03   4.5716993e+01   2.1407471e+00
   1.8850000e+03   4.5665469e+01   2.1099490e+00
   1.8860000e+03   4.6516960e+01   2.0802978e+00
   1.8870000e+03   4.7377182e+01   2.0496416e+00
   1.8880000e+03   4.8160698e+01   2.0190347e+00
   1.8890000e+03   4.9650209e+01   2.0156490e+00
   1.8900000e+03   5.1149795e+01   1.9570397e+00
   1.8910000e+03   5.2158095e+01   1.8979831e+00
   1.8920000e+03   5.4037012e+01   1.8656409e+00
   1.8930000e+03   5.5064060e+01   1.8042333e+00
   1.8940000e+03   5.7888564e+01   1.8000488e+00
   1.8950000e+03   5.9068382e+01   1.7519299e+00
   1.8960000e+03   6.0150067e+01   1.6946141e+00
   1.8970000e+03   6.0906163e+01   1.6641816e+00
   1.8980000e+03   6.2007594e+01   1.6339840e+00
   1.8990000e+03   6.3291493e+01   1.6042825e+00
   1.9000000e+03   6.5181895e+01   1.5751678e+00
   1.9010000e+03   6.5953990e+01   1.5188130e+00
   1.9020000e+03   6.7004393e+01   1.4905088e+00
   1.9030000e+03   6.7610851e+01   1.4621798e+00
   1.9040000e+03   6.8530929e+01   1.4558913e+00
   1.9050000e+03   7.0040758e+01   1.4283711e+00
   1.9060000e+03   7.1163711e+01   1.4030843e+00
   1.9070000e+03   7.1823981e+01   1.3786519e+00
   1.9080000e+03   7.2325973e+01   1.3738219e+00
   1.9090000e+03   7.2860530e+01   1.3675752e+00
   1.9100000e+03   7.3671498e+01   1.3457123e+00
   1.9110000e+03   7.4407543e+01   1.3406230e+00
   1.9120000e+03   7.5278510e+01   1.3195746e+00
   1.9130000e+03   7.5991817e+01   1.3145658e+00
   1.9140000e+03   7.6835093e+01   1.3093530e+00
   1.9150000e+03   7.7489415e+01   1.2896945e+00
   1.9160000e+03   7.8484675e+01   1.2716262e+00
   1.9170000e+03   7.9293890e+01   1.2523392e+00
   1.9180000e+03   8.0192828e+01   1.2338407e+00
   1.9190000e+03   8.0855723e+01   1.2153161e+00
   1.9200000e+03   8.1583840e+01   1.1965404e+00
   1.9210000e+03   8.2227054e+01   1.1901057e+00
   1.9220000e+03   8.3168385e+01   1.1727563e+00
   1.9230000e+03   8.4059048e+01   1.1539440e+00
   1.9240000e+03   8.4666206e+01   1.1475219e+00
   1.9250000e+03   8.5882395e+01   1.1415414e+00
   1.9260000e+03   8.6790421e+01   1.1253994e+00
   1.9270000e+03   8.8263330e+01   1.0988766e+00
   1.9280000e+03   8.9832411e+01   1.0930932e+00
   1.9290000e+03   9.1442248e+01   1.0761137e+00
   1.9300000e+03   9.2575942e+01   1.0511792e+00
   1.9310000e+03   9.3042570e+01   1.0356810e+00
   1.9320000e+03   9.3711071e+01   1.0294729e+00
   1.9330000e+03   9.4302253e+01   1.0147813e+00
   1.9340000e+03   9.4903704e+01   1.0085504e+00
   1.9350000e+03   9.5845689e+01   9.9461821e-01
   1.9360000e+03   9.6694881e+01   9.8679053e-01
   1.9370000e+03   9.7996592e+01   9.7337350e-01
   1.9380000e+03   9.9870028e+01   9.5987735e-01
   1.9390000e+03   1.0039697e+02   9.3689793e-01
   1.9400000e+03   1.0104660e+02   9.3006269e-01
   1.9410000e+03   1.0181633e+02   9.2319826e-01
   1.9420000e+03   1.0269764e+02   9.1625138e-01
   1.9430000e+03   1.0378619e+02   9.0376656e-01
   1.9440000e+03   1.0486395e+02   8.9650152e-01
   1.9450000e+03   1.0627255e+02   8.8924705e-01
   1.9460000e+03   1.0791118e+02   8.8094292e-01
   1.9470000e+03   1.0933365e+02   8.7031406e-01
   1.9480000e+03   1.1061119e+02   8.6266991e-01
   1.9490000e+03   1.1117222e+02   8.5528320e-01
   1.9500000e+03   1.1258208e+02   8.4778656e-01
   1.9510000e+03   1.1332605e+02   8.3283653e-01
   1.9520000e+03   1.1395372e+02   8.2519428e-01
   1.9530000e+03   1.1491279e+02   8.1442408e-01
   1.9540000e+03   1.1561520e+02   8.0666720e-01
   1.9550000e+03   1.1631086e+02   7.9885445e-01
   1.9560000e+03   1.1650970e+02   7.9098446e-01
   1.9570000e+03   1.1728488e+02   7.8303525e-01
   1.9580000e+03   1.1822535e+02   7.7420010e-01
   1.9590000e+03   1.1900096e+02   7.6594072e-01
   1.9600000e+03   1.1968067e+02   7.5554696e-01
   1.9610000e+03   1.2039838e+02   7.4726806e-01
   1.9620000e+03   1.2086806e+02   7.3700075e-01
   1.9630000e+03   1.2149379e+02   7.2853344e-01
   1.9640000e+03   1.2236164e+02   7.1996016e-01
   1.9650000e+03   1.2252986e+02   7.1122088e-01
   1.9660000e+03   1.2267593e+02   7.0359779e-01
   1.9670000e+03   1.2265845e+02   6.9473670e-01
   1.9680000e+03   1.2321590e+02   6.8653750e-01
   1.9690000e+03   1.2364236e+02   6.7740088e-01
   1.9700000e+03   1.2446666e+02   6.6815413e-01
   1.9710000e+03   1.2490612e+02   6.5747397e-01
   1.9720000e+03   1.2551177e+02   6.4796263e-01
   1.9730000e+03   1.2623378e+02   6.3829823e-01
   1.9740000e+03   1.2627853e+02   6.2755053e-01
   1.9750000e+03   1.2676011e+02   6.1768706e-01
   1.9760000e+03   1.2718592e+02   6.0758488e-01
   1.9770000e+03   1.2772149e+02   5.9650710e-01
   1.9780000e+03   1.2769849e+02   5.8636588e-01
   1.9790000e+03   1.2811551e+02   5.7576871e-01
   1.9800000e+03   1.2879823e+02   5.6490034e-01
   1.9810000e+03   1.2974848e+02   5.5384940e-01
   1.9820000e+03   1.3038033e+02   5.4410061e-01
   1.9830000e+03   1.3064085e+02   5.3263679e-01
   1.9840000e+03   1.3083051e+02   5.2098662e-01
   1.9850000e+03   1.3155559e+02   5.0871615e-01
   1.9860000e+03   1.3199577e+02   4.9645855e-01
   1.9870000e+03   1.3246112e+02   4.8385131e-01
   1.9880000e+03   1.3278858e+02   4.7103746e-01
   1.9890000e+03   1.3359644e+02   4.5777343e-01
   1.9900000e+03   1.3443637e+02   4.4411658e-01
   1.9910000e+03   1.3523377e+02   4.3002770e-01
   1.9920000e+03   1.3584264e+02   4.1478055e-01
   1.9930000e+03   1.3687629e+02   3.9892834e-01
   1.9940000e+03   1.3733318e+02   3.8319480e-01
   1.9950000e+03   1.3787915e+02   3.6678617e-01
   1.9960000e+03   1.3831226e+02   3.4965331e-01
   1.9970000e+03   1.3870085e+02   3.3160042e-01
   1.9980000e+03   1.4005565e+02   3.1245915e-01
   1.9990000e+03   1.4131259e+02   2.8603727e-01
   2.0000000e+03   1.4213026e+02   2.5881393e-01
   2.0010000e+03   1.4292615e+02   2.2481270e-01
   2.0020000e+03   1.4396143e+02   1.9592009e-01
   2.0030000e+03   1.4482091e+02   1.9663474e-01
   2.0040000e+03   1.4549628e+02   1.9757224e-01
   2.0050000e+03   1.4671035e+02   1.9852682e-01
   2.0060000e+03   1.4739982e+02   1.9950442e-01
   2.0070000e+03   1.4782850e+02   2.2326118e-01
   2.0080000e+03   1.4865853e+02   2.4475438e-01
   2.0090000e+03   1.4943455e+02   2.6838521e-01
   2.0100000e+03   1.5039266e+02   2.9032343e-01
   2.0110000e+03   1.5084471e+02   3.1063434e-01
   2.0120000e+03   1.5182318e+02   3.2961550e-01
   2.0130000e+03   1.5271673e+02   3.4770640e-01
   2.0140000e+03   1.5357625e+02   3.6473403e-01
   2.0150000e+03   1.5433943e+02   3.8112718e-01
   2.0160000e+03   1.5541626e+02   3.9671063e-01
   2.0170000e+03   1.5616866e+02   4.1182034e-01
   2.0180000e+03   1.5698122e+02   4.2639807e-01
   2.0190000e+03   1.5792778e+02   4.4048990e-01
   2.0200000e+03   1.5901821e+02   4.5429061e-01
   2.0210000e+03   1.5969262e+02   4.6755329e-01
   2.0220000e+03   1.6091830e+02   4.8047393e-01
   2.0230000e+03   1.6233489e+02   4.9322103e-01
   2.0240000e+03   1.6366453e+02   5.0546032e-01
   2.0250000e+03   1.6520166e+02   5.1742100e-01
   2.0260000e+03   1.6651309e+02   5.2909353e-01
   2.0270000e+03   1.6772061e+02   5.4050015e-01
   2.0280000e+03   1.6874014e+02   5.5192213e-01
   2.0290000e+03   1.6945364e+02   5.6284592e-01
   2.0300000e+03   1.7049287e+02   5.7357932e-01
   2.0310000e+03   1.7131407e+02   5.8442275e-01
   2.0320000e+03   1.7288927e+02   5.9480361e-01
   2.0330000e+03   1.7403643e+02   6.0496042e-01
   2.0340000e+03   1.7566446e+02   6.1497129e-01
   2.0350000e+03   1.7640049e+02   6.2478143e-01
   2.0360000e+03   1.7724181e+02   6.3467486e-01
   2.0370000e+03   1.7808572e+02   6.4461696e-01
   2.0380000e+03   1.7944875e+02   6.5398565e-01
   2.0390000e+03   1.8024926e+02   6.6319040e-01
   2.0400000e+03   1.8105072e+02   6.7226596e-01
   2.0410000e+03   1.8186605e+02   6.8121540e-01
   2.0420000e+03   1.8280083e+02   6.9009850e-01
   2.0430000e+03   1.8389062e+02   6.9889375e-01
   2.0440000e+03   1.8489020e+02   7.0781433e-01
   2.0450000e+03   1.8599363e+02   7.1640488e-01
   2.0460000e+03   1.8688097e+02   7.2478128e-01
   2.0470000e+03   1.8775209e+02   7.3309212e-01
   2.0480000e+03   1.8899347e+02   7.4135959e-01
   2.0490000e+03   1.9029390e+02   7.4948790e-01
   2.0500000e+03   1.9144654e+02   7.5753219e-01
   2.0510000e+03   1.9253325e+02   7.6553354e-01
   2.0520000e+03   1.9331186e+02   7.7336504e-01
   2.0530000e+03   1.9415763e+02   7.8115827e-01
   2.0540000e+03   1.9504374e+02   7.8859761e-01
   2.0550000e+03   1.9590384e+02   7.9622904e-01
   2.0560000e+03   1.9711188e+02   8.0461719e-01
   2.0570000e+03   1.9805215e+02   8.1212023e-01
   2.0580000e+03   1.9923971e+02   8.1996254e-01
   2.0590000e+03   2.0016314e+02   8.2815993e-01
   2.0600000e+03   2.0077545e+02   8.3539731e-01
   2.0610000e+03   2.0142465e+02   8.4258858e-01
   2.0620000e+03   2.0220398e+02   8.4971573e-01
   2.0630000e+03   2.0299322e+02   8.5677853e-01
   2.0640000e+03   2.0371638e+02   8.6378804e-01
   2.0650000e+03   2.0435679e+02   8.7070284e-01
   2.0660000e+03   2.0495449e+02   8.7846574e-01
   2.0670000e+03   2.0573948e+02   8.8527479e-01
   2.0680000e+03   2.0664998e+02   8.9013381e-01
   2.0690000e+03   2.0742641e+02   8.9585502e-01
   2.0700000e+03   2.0821063e+02   9.0258103e-01
   2.0710000e+03   2.0890408e+02   9.0920288e-01
   2.0720000e+03   2.0948548e+02   9.1591796e-01
   2.0730000e+03   2.1012681e+02   9.2243419e-01
   2.0740000e+03   2.1108729e+02   9.2897603e-01
   2.0750000e+03   2.1210226e+02   9.3562748e-01
   2.0760000e+03   2.1293087e+02   9.4224633e-01
   2.0770000e+03   2.1415305e+02   9.4891039e-01
   2.0780000e+03   2.1492871e+02   9.5524234e-01
   2.0790000e+03   2.1566791e+02   9.6155752e-01
   2.0800000e+03   2.1628346e+02   9.6783753e-01
   2.0810000e+03   2.1734965e+02   9.7399860e-01
   2.0820000e+03   2.1820502e+02   9.8017772e-01
   2.0830000e+03   2.1931708e+02   9.8630381e-01
   2.0840000e+03   2.1981755e+02   9.9220102e-01
   2.0850000e+03   2.2044961e+02   9.9830431e-01
   2.0860000e+03   2.2121502e+02   1.0042412e+00
   2.0870000e+03   2.2260797e+02   1.0117169e+00
   2.0880000e+03   2.2358253e+02   1.0176060e+00
   2.0890000e+03   2.2444611e+02   1.0242273e+00
   2.0900000e+03   2.2524723e+02   1.0299614e+00
   2.0910000e+03   2.2624852e+02   1.0359523e+00
   2.0920000e+03   2.2734208e+02   1.0417667e+00
   2.0930000e+03   2.2834280e+02   1.0475771e+00
   2.0940000e+03   2.2874455e+02   1.0532928e+00
   2.0950000e+03   2.2960021e+02   1.0590304e+00
   2.0960000e+03   2.3043573e+02   1.0646913e+00
   2.0970000e+03   2.3186909e+02   1.0703014e+00
   2.0980000e+03   2.3283975e+02   1.0775715e+00
   2.0990000e+03   2.3388844e+02   1.0832778e+00
   2.1000000e+03   2.3492520e+02   1.0888481e+00
   2.1010000e+03             NaN             NaN
   2.1020000e+03             NaN             NaN
   2.1030000e+03             NaN             NaN
   2.1040000e+03             NaN             NaN
   2.1050000e+03             NaN             NaN
   2.1060000e+03             NaN             NaN
   2.1070000e+03             NaN             NaN
   2.1080000e+03             NaN             NaN
   2.1090000e+03             NaN             NaN
   2.1100000e+03             NaN             NaN
   2.1110000e+03             NaN             NaN
   2.1120000e+03             NaN             NaN
   2.1130000e+03             NaN             NaN
   2.1140000e+03             NaN             NaN
   2.1150000e+03             NaN             NaN
   2.1160000e+03             NaN             NaN
   2.1170000e+03             NaN             NaN
   2.1180000e+03             NaN             NaN
   2.1190000e+03             NaN             NaN
   2.1200000e+03             NaN             NaN
   2.1210000e+03             NaN             NaN
   2.1220000e+03             NaN             NaN
   2.1230000e+03             NaN             NaN
   2.1240000e+03             NaN             NaN
   2.1250000e+03             NaN             NaN
   2.1260000e+03             NaN             NaN
   2.1270000e+03             NaN             NaN
   2.1280000e+03             NaN             NaN
   2.1290000e+03             NaN             NaN
   2.1300000e+03             NaN             NaN
   2.1310000e+03             NaN             NaN
   2.1320000e+03             NaN             NaN
   2.1330000e+03             NaN             NaN
   2.1340000e+03             NaN             NaN
   2.1350000e+03             NaN             NaN
   2.1360000e+03             NaN             NaN
   2.1370000e+03             NaN             NaN
   2.1380000e+03             NaN             NaN
   2.1390000e+03             NaN             NaN
   2.1400000e+03             NaN             NaN
   2.1410000e+03             NaN             NaN
   2.1420000e+03             NaN             NaN
   2.1430000e+03             NaN             NaN
   2.1440000e+03             NaN             NaN
   2.1450000e+03             NaN             NaN
   2.1460000e+03             NaN             NaN
   2.1470000e+03             NaN             NaN
   2.1480000e+03             NaN             NaN
   2.1490000e+03             NaN             NaN
   2.1500000e+03             NaN             NaN
   2.1510000e+03             NaN             NaN
   2.1520000e+03             NaN             NaN
   2.1530000e+03             NaN             NaN
   2.1540000e+03             NaN             NaN
   2.1550000e+03             NaN             NaN
   2.1560000e+03             NaN             NaN
   2.1570000e+03             NaN             NaN
   2.1580000e+03             NaN             NaN
   2.1590000e+03             NaN             NaN
   2.1600000e+03             NaN             NaN
   2.1610000e+03             NaN             NaN
   2.1620000e+03             NaN             NaN
   2.1630000e+03             NaN             NaN
   2.1640000e+03             NaN             NaN
   2.1650000e+03             NaN             NaN
   2.1660000e+03             NaN             NaN
   2.1670000e+03             NaN             NaN
   2.1680000e+03             NaN             NaN
   2.1690000e+03             NaN             NaN
   2.1700000e+03             NaN             NaN
   2.1710000e+03             NaN             NaN
   2.1720000e+03             NaN             NaN
   2.1730000e+03             NaN             NaN
   2.1740000e+03             NaN             NaN
   2.1750000e+03             NaN             NaN
   2.1760000e+03             NaN             NaN
   2.1770000e+03             NaN             NaN
   2.1780000e+03             NaN             NaN
   2.1790000e+03             NaN             NaN
   2.1800000e+03             NaN             NaN
   2.1810000e+03             NaN             NaN
   2.1820000e+03             NaN             NaN
   2.1830000e+03             NaN             NaN
   2.1840000e+03             NaN             NaN
   2.1850000e+03             NaN             NaN
   2.1860000e+03             NaN             NaN
   2.1870000e+03             NaN             NaN
   2.1880000e+03             NaN             NaN
   2.1890000e+03             NaN             NaN
   2.1900000e+03             NaN             NaN
   2.1910000e+03             NaN             NaN
   2.1920000e+03             NaN             NaN
   2.1930000e+03             NaN             NaN
   2.1940000e+03             NaN             NaN
   2.1950000e+03             NaN             NaN
   2.1960000e+03             NaN             NaN
   2.1970000e+03             NaN             NaN
   2.1980000e+03             NaN             NaN
   2.1990000e+03             NaN             NaN
   2.2000000e+03             NaN             NaN
   2.2010000e+03             NaN             NaN
   2.2020000e+03             NaN             NaN
   2.2030000e+03             NaN             NaN
   2.2040000e+03             NaN             NaN
   2.2050000e+03             NaN             NaN
   2.2060000e+03             NaN             NaN
   2.2070000e+03             NaN             NaN
   2.2080000e+03             NaN             NaN
   2.2090000e+03             NaN             NaN
   2.2100000e+03             NaN             NaN
   2.2110000e+03             NaN             NaN
   2.2120000e+03             NaN             NaN
   2.2130000e+03             NaN             NaN
   2.2140000e+03             NaN             NaN
   2.2150000e+03             NaN             NaN
   2.2160000e+03             NaN             NaN
   2.2170000e+03             NaN             NaN
   2.2180000e+03             NaN             NaN
   2.2190000e+03             NaN             NaN
   2.2200000e+03             NaN             NaN
   2.2210000e+03             NaN             NaN
   2.2220000e+03             NaN             NaN
   2.2230000e+03             NaN             NaN
   2.2240000e+03             NaN             NaN
   2.2250000e+03             NaN             NaN
   2.2260000e+03             NaN             NaN
   2.2270000e+03             NaN             NaN
   2.2280000e+03             NaN             NaN
   2.2290000e+03             NaN             NaN
   2.2300000e+03             NaN             NaN
   2.2310000e+03             NaN             NaN
   2.2320000e+03             NaN             NaN
   2.2330000e+03             NaN             NaN
   2.2340000e+03             NaN             NaN
   2.2350000e+03             NaN             NaN
   2.2360000e+03             NaN             NaN
   2.2370000e+03             NaN             NaN
   2.2380000e+03             NaN             NaN
   2.2390000e+03             NaN             NaN
   2.2400000e+03             NaN             NaN
   2.2410000e+03             NaN             NaN
   2.2420000e+03             NaN             NaN
   2.2430000e+03             NaN             NaN
   2.2440000e+03             NaN             NaN
   2.2450000e+03             NaN             NaN
   2.2460000e+03             NaN             NaN
   2.2470000e+03             NaN             NaN
   2.2480000e+03             NaN             NaN
   2.2490000e+03             NaN             NaN
   2.2500000e+03             NaN             NaN
   2.2510000e+03             NaN             NaN
   2.2520000e+03             NaN             NaN
   2.2530000e+03             NaN             NaN
   2.2540000e+03             NaN             NaN
   2.2550000e+03             NaN             NaN
   2.2560000e+03             NaN             NaN
   2.2570000e+03             NaN             NaN
   2.2580000e+03             NaN             NaN
   2.2590000e+03             NaN             NaN
   2.2600000e+03             NaN             NaN
   2.2610000e+03             NaN             NaN
   2.2620000e+03             NaN             NaN
   2.2630000e+03             NaN             NaN
   2.2640000e+03             NaN             NaN
   2.2650000e+03             NaN             NaN
   2.2660000e+03             NaN             NaN
   2.2670000e+03             NaN             NaN
   2.2680000e+03             NaN             NaN
   2.2690000e+03             NaN             NaN
   2.2700000e+03             NaN             NaN
   2.2710000e+03             NaN             NaN
   2.2720000e+03             NaN             NaN
   2.2730000e+03             NaN             NaN
   2.2740000e+03             NaN             NaN
   2.2750000e+03             NaN             NaN
   2.2760000e+03             NaN             NaN
   2.2770000e+03             NaN             NaN
   2.2780000e+03             NaN             NaN
   2.2790000e+03             NaN             NaN
   2.2800000e+03             NaN             NaN
   2.2810000e+03             NaN             NaN
   2.2820000e+03             NaN             NaN
   2.2830000e+03             NaN             NaN
   2.2840000e+03             NaN             NaN
   2.2850000e+03             NaN             NaN
   2.2860000e+03             NaN             NaN
   2.2870000e+03             NaN             NaN
   2.2880000e+03             NaN             NaN
   2.2890000e+03             NaN             NaN
   2.2900000e+03             NaN             NaN
   2.2910000e+03             NaN             NaN
   2.2920000e+03             NaN             NaN
   2.2930000e+03             NaN             NaN
   2.2940000e+03             NaN             NaN
   2.2950000e+03             NaN             NaN
   2.2960000e+03             NaN             NaN
   2.2970000e+03             NaN             NaN
   2.2980000e+03             NaN             NaN
   2.2990000e+03             NaN             NaN
   2.3000000e+03             NaN             NaN
