   1.8500000e+03             NaN             NaN
   1.8510000e+03   2.9900393e+00   4.7045634e+00
   1.8520000e+03   3.6010399e+00   3.8234714e+00
   1.8530000e+03   4.4025426e+00   3.8194124e+00
   1.8540000e+03   5.0804667e+00   3.8175852e+00
   1.8550000e+03   6.2215668e+00   3.8158125e+00
   1.8560000e+03   6.9057028e+00   3.8124483e+00
   1.8570000e+03   8.0761995e+00   3.7963119e+00
   1.8580000e+03   9.2847355e+00   3.7945021e+00
   1.8590000e+03   9.9948789e+00   3.7611425e+00
   1.8600000e+03   1.0598848e+01   3.7578762e+00
   1.8610000e+03   1.1217926e+01   3.7440307e+00
   1.8620000e+03   1.1913710e+01   3.7299592e+00
   1.8630000e+03   1.2734975e+01   3.7266010e+00
   1.8640000e+03   1.3484235e+01   3.7247966e+00
   1.8650000e+03   1.4915541e+01   3.7214553e+00
   1.8660000e+03   1.5166763e+01   3.7180642e+00
   1.8670000e+03   1.5291367e+01   3.7162657e+00
   1.8680000e+03   1.5843681e+01   3.7145110e+00
   1.8690000e+03   1.6844190e+01   3.7127601e+00
   1.8700000e+03   1.7841093e+01   3.7112203e+00
   1.8710000e+03   1.8246696e+01   3.7093864e+00
   1.8720000e+03   1.9147179e+01   3.7074206e+00
   1.8730000e+03   2.0095086e+01   3.7042283e+00
   1.8740000e+03   2.1081270e+01   3.7010187e+00
   1.8750000e+03   2.1858412e+01   3.6979002e+00
   1.8760000e+03   2.2322021e+01   3.6961242e+00
   1.8770000e+03   2.3000033e+01   3.6943602e+00
   1.8780000e+03   2.3613591e+01   3.6925788e+00
   1.8790000e+03   2.4199382e+01   3.6896368e+00
   1.8800000e+03   2.4823032e+01   3.6878572e+00
   1.8810000e+03   2.5329040e+01   3.6861042e+00
   1.8820000e+03   2.6691353e+01   3.6843221e+00
   1.8830000e+03   2.6980146e+01   3.6814322e+00
   1.8840000e+03   2.7169354e+01   3.6796445e+00
   1.8850000e+03   2.7505741e+01   3.6778697e+00
   1.8860000e+03   2.7834992e+01   3.6760689e+00
   1.8870000e+03   2.8898989e+01   3.6742762e+00
   1.8880000e+03   2.9046729e+01   3.6725037e+00
   1.8890000e+03   2.9765478e+01   3.6707133e+00
   1.8900000e+03   3.0639907e+01   3.6689117e+00
   1.8910000e+03   3.1116871e+01   3.6664263e+00
   1.8920000e+03   3.1322128e+01   3.6646160e+00
   1.8930000e+03   3.2010992e+01   3.6627586e+00
   1.8940000e+03   3.2577794e+01   3.6609695e+00
   1.8950000e+03   3.3138027e+01   3.6455652e+00
   1.8960000e+03   3.4068013e+01   3.6437597e+00
   1.8970000e+03   3.4882944e+01   3.6414216e+00
   1.8980000e+03   3.5621532e+01   3.6391136e+00
   1.8990000e+03   3.6116995e+01   3.6367935e+00
   1.9000000e+03   3.6618688e+01   3.6349990e+00
   1.9010000e+03   3.7563366e+01   3.6194406e+00
   1.9020000e+03   3.8288051e+01   3.6176000e+00
   1.9030000e+03   3.8912901e+01   3.6157911e+00
   1.9040000e+03   3.9792330e+01   3.6139562e+00
   1.9050000e+03   4.0046245e+01   3.6118387e+00
   1.9060000e+03   4.0330580e+01   3.6100167e+00
   1.9070000e+03   4.0772856e+01   3.6082158e+00
   1.9080000e+03   4.0852807e+01   3.6064147e+00
   1.9090000e+03   4.1225719e+01   3.6046036e+00
   1.9100000e+03   4.1860596e+01   3.6028020e+00
   1.9110000e+03   4.2234063e+01   3.6015142e+00
   1.9120000e+03   4.2512541e+01   3.5997085e+00
   1.9130000e+03   4.2929896e+01   3.5979041e+00
   1.9140000e+03   4.3148919e+01   3.5960482e+00
   1.9150000e+03   4.3269464e+01   3.5942295e+00
   1.9160000e+03   4.3658311e+01   3.5923858e+00
   1.9170000e+03   4.3991592e+01   3.5905731e+00
   1.9180000e+03   4.4723652e+01   3.5887521e+00
   1.9190000e+03   4.5017870e+01   3.5867964e+00
   1.9200000e+03   4.5174397e+01   3.5853742e+00
   1.9210000e+03   4.5642073e+01   3.5835587e+00
   1.9220000e+03   4.6335341e+01   3.5816899e+00
   1.9230000e+03   4.7319072e+01   3.5797738e+00
   1.9240000e+03   5.0113813e+01   3.5778162e+00
   1.9250000e+03   5.1172979e+01   3.5120428e+00
   1.9260000e+03   5.4308043e+01   3.4921734e+00
   1.9270000e+03   5.5359825e+01   3.1969256e+00
   1.9280000e+03   5.7022448e+01   3.1789469e+00
   1.9290000e+03   5.8152297e+01   3.1513820e+00
   1.9300000e+03   6.0269634e+01   3.1285561e+00
   1.9310000e+03   6.1676915e+01   2.9670559e+00
   1.9320000e+03   6.2270056e+01   2.8844201e+00
   1.9330000e+03   6.4040133e+01   2.8820670e+00
   1.9340000e+03   6.4276820e+01   2.7610297e+00
   1.9350000e+03   6.5053435e+01   2.7586174e+00
   1.9360000e+03   6.7324896e+01   2.7418769e+00
   1.9370000e+03   6.9175047e+01   2.6288351e+00
   1.9380000e+03   7.0888833e+01   2.5817281e+00
   1.9390000e+03   7.2004342e+01   2.4879307e+00
   1.9400000e+03   7.2810102e+01   2.3883375e+00
   1.9410000e+03   7.5063533e+01   2.3686502e+00
   1.9420000e+03   7.6322436e+01   1.9781863e+00
   1.9430000e+03   7.7178171e+01   1.9493639e+00
   1.9440000e+03   7.7644951e+01   1.9295670e+00
   1.9450000e+03   7.8566629e+01   1.9270146e+00
   1.9460000e+03   7.9693450e+01   1.9236431e+00
   1.9470000e+03   8.0852920e+01   1.8968003e+00
   1.9480000e+03   8.1828210e+01   1.8786597e+00
   1.9490000e+03   8.3893720e+01   1.8598995e+00
   1.9500000e+03   8.5254164e+01   1.6933668e+00
   1.9510000e+03   8.5920129e+01   1.6366778e+00
   1.9520000e+03   8.6406852e+01   1.6326840e+00
   1.9530000e+03   8.6551912e+01   1.6287366e+00
   1.9540000e+03   8.7115225e+01   1.6127491e+00
   1.9550000e+03   8.7493384e+01   1.5955820e+00
   1.9560000e+03   8.7996630e+01   1.5915494e+00
   1.9570000e+03   8.8245518e+01   1.5875136e+00
   1.9580000e+03   8.9168535e+01   1.5827059e+00
   1.9590000e+03   8.9727693e+01   1.5786328e+00
   1.9600000e+03   9.0354059e+01   1.5745981e+00
   1.9610000e+03   9.1194806e+01   1.5705381e+00
   1.9620000e+03   9.1890512e+01   1.5664945e+00
   1.9630000e+03   9.2923323e+01   1.5548775e+00
   1.9640000e+03   9.3518665e+01   1.5403846e+00
   1.9650000e+03   9.4441265e+01   1.5362205e+00
   1.9660000e+03   9.5096393e+01   1.5031210e+00
   1.9670000e+03   9.5778414e+01   1.4988824e+00
   1.9680000e+03   9.5709662e+01   1.4945977e+00
   1.9690000e+03   9.5793273e+01   1.4903975e+00
   1.9700000e+03   9.6126524e+01   1.4860972e+00
   1.9710000e+03   9.6456963e+01   1.4818260e+00
   1.9720000e+03   9.6713177e+01   1.4775861e+00
   1.9730000e+03   9.7127448e+01   1.4730993e+00
   1.9740000e+03   9.7279585e+01   1.4688812e+00
   1.9750000e+03   9.7926427e+01   1.4646260e+00
   1.9760000e+03   9.8630637e+01   1.4538936e+00
   1.9770000e+03   9.9852640e+01   1.4208180e+00
   1.9780000e+03   1.0101764e+02   1.2150316e+00
   1.9790000e+03   1.0146862e+02   1.1687754e+00
   1.9800000e+03   1.0319581e+02   1.1629638e+00
   1.9810000e+03   1.0413661e+02   1.0755487e+00
   1.9820000e+03   1.0501425e+02   1.0615746e+00
   1.9830000e+03   1.0521853e+02   9.7539856e-01
   1.9840000e+03   1.0622209e+02   9.6892981e-01
   1.9850000e+03   1.0700931e+02   9.1226700e-01
   1.9860000e+03   1.0759866e+02   6.8234271e-01
   1.9870000e+03   1.0795956e+02   6.7310783e-01
   1.9880000e+03   1.0863555e+02   6.6366456e-01
   1.9890000e+03   1.1008698e+02   6.5516492e-01
   1.9900000e+03   1.1122766e+02   5.4672511e-01
   1.9910000e+03   1.1231529e+02   5.1288169e-01
   1.9920000e+03   1.1330295e+02   4.5585919e-01
   1.9930000e+03   1.1368729e+02   4.1313374e-01
   1.9940000e+03   1.1439083e+02   3.9785691e-01
   1.9950000e+03   1.1484622e+02   3.8192784e-01
   1.9960000e+03   1.1527296e+02   3.6527113e-01
   1.9970000e+03   1.1598504e+02   3.4918683e-01
   1.9980000e+03   1.1703229e+02   3.3077783e-01
   1.9990000e+03   1.1781418e+02   3.1149150e-01
   2.0000000e+03   1.1881272e+02   2.9103240e-01
   2.0010000e+03   1.2026987e+02   2.6481949e-01
   2.0020000e+03   1.2134914e+02   1.9862980e-01
   2.0030000e+03   1.2193753e+02   1.9299259e-01
   2.0040000e+03   1.2223586e+02   1.9395203e-01
   2.0050000e+03   1.2298671e+02   1.9850796e-01
   2.0060000e+03   1.2381426e+02   1.9958565e-01
   2.0070000e+03   1.2427414e+02   2.2340238e-01
   2.0080000e+03   1.2498126e+02   2.5289847e-01
   2.0090000e+03   1.2601642e+02   2.7593757e-01
   2.0100000e+03   1.2756526e+02   3.0031459e-01
   2.0110000e+03   1.2835931e+02   3.2016623e-01
   2.0120000e+03   1.2934509e+02   3.3982413e-01
   2.0130000e+03   1.3063208e+02   3.5751366e-01
   2.0140000e+03   1.3224842e+02   4.1302295e-01
   2.0150000e+03   1.3314928e+02   4.2768643e-01
   2.0160000e+03   1.3424487e+02   4.4551531e-01
   2.0170000e+03   1.3590186e+02   4.7169497e-01
   2.0180000e+03   1.3730957e+02   4.8523095e-01
   2.0190000e+03   1.3881623e+02   4.9889085e-01
   2.0200000e+03   1.4035964e+02   5.3232852e-01
   2.0210000e+03   1.4189421e+02   5.4398937e-01
   2.0220000e+03   1.4342612e+02   5.6116429e-01
   2.0230000e+03   1.4501138e+02   6.3150621e-01
   2.0240000e+03   1.4677213e+02   7.1229722e-01
   2.0250000e+03   1.4821252e+02   7.2102647e-01
   2.0260000e+03   1.4938795e+02   7.3186264e-01
   2.0270000e+03   1.5108685e+02   9.9859510e-01
   2.0280000e+03   1.5287654e+02   1.0075535e+00
   2.0290000e+03   1.5525142e+02   1.0178612e+00
   2.0300000e+03   1.5743777e+02   1.0282160e+00
   2.0310000e+03   1.5945735e+02   1.0355553e+00
   2.0320000e+03   1.6152195e+02   1.0425847e+00
   2.0330000e+03   1.6325540e+02   1.0495097e+00
   2.0340000e+03   1.6504742e+02   1.0556156e+00
   2.0350000e+03   1.6722776e+02   1.0647661e+00
   2.0360000e+03   1.6906570e+02   1.0719249e+00
   2.0370000e+03   1.7117994e+02   1.0820506e+00
   2.0380000e+03   1.7324179e+02   1.0954547e+00
   2.0390000e+03   1.7490321e+02   1.1039956e+00
   2.0400000e+03   1.7679252e+02   1.1133746e+00
   2.0410000e+03   1.7859260e+02   1.1231622e+00
   2.0420000e+03   1.8044312e+02   1.1358383e+00
   2.0430000e+03   1.8244452e+02   1.1482962e+00
   2.0440000e+03   1.8462510e+02   1.1679612e+00
   2.0450000e+03   1.8686384e+02   1.1800604e+00
   2.0460000e+03   1.8879095e+02   1.1891862e+00
   2.0470000e+03   1.9078681e+02   1.2143756e+00
   2.0480000e+03   1.9308779e+02   1.2403585e+00
   2.0490000e+03   1.9507539e+02   1.2647092e+00
   2.0500000e+03   1.9705924e+02   1.2844697e+00
   2.0510000e+03   1.9930177e+02   1.3455274e+00
   2.0520000e+03   2.0175025e+02   1.3772601e+00
   2.0530000e+03   2.0423506e+02   1.3932335e+00
   2.0540000e+03   2.0677711e+02   1.4545574e+00
   2.0550000e+03   2.0883846e+02   1.4716203e+00
   2.0560000e+03   2.1120135e+02   1.5158196e+00
   2.0570000e+03   2.1346082e+02   1.5639100e+00
   2.0580000e+03   2.1589778e+02   1.6300443e+00
   2.0590000e+03   2.1864863e+02   1.6814534e+00
   2.0600000e+03   2.2095476e+02   1.7206405e+00
   2.0610000e+03   2.2332404e+02   1.7798225e+00
   2.0620000e+03   2.2549457e+02   1.8196440e+00
   2.0630000e+03   2.2760237e+02   1.8765000e+00
   2.0640000e+03   2.2956538e+02   1.9369903e+00
   2.0650000e+03   2.3178592e+02   2.0169900e+00
   2.0660000e+03   2.3391193e+02   2.1176181e+00
   2.0670000e+03   2.3623760e+02   2.2955050e+00
   2.0680000e+03   2.3882785e+02   2.4590300e+00
   2.0690000e+03   2.4100531e+02   2.5563878e+00
   2.0700000e+03   2.4371519e+02   2.6408584e+00
   2.0710000e+03   2.4659911e+02   2.8246455e+00
   2.0720000e+03   2.4907607e+02   3.0307814e+00
   2.0730000e+03   2.5153689e+02   3.1671801e+00
   2.0740000e+03   2.5399886e+02   3.2654485e+00
   2.0750000e+03   2.5658915e+02   3.4270498e+00
   2.0760000e+03   2.5868253e+02   3.4975535e+00
   2.0770000e+03   2.6124156e+02   3.6000494e+00
   2.0780000e+03   2.6399427e+02   3.6644835e+00
   2.0790000e+03   2.6671461e+02   3.7403272e+00
   2.0800000e+03   2.6912953e+02   3.8437940e+00
   2.0810000e+03   2.7168313e+02   3.9746032e+00
   2.0820000e+03   2.7425778e+02   4.0419625e+00
   2.0830000e+03   2.7712166e+02   4.1165596e+00
   2.0840000e+03   2.7969298e+02   4.1179911e+00
   2.0850000e+03   2.8223368e+02   4.1194111e+00
   2.0860000e+03   2.8494292e+02   4.1220414e+00
   2.0870000e+03   2.8747515e+02   4.1234824e+00
   2.0880000e+03   2.8984618e+02   4.1248887e+00
   2.0890000e+03   2.9265764e+02   4.1263405e+00
   2.0900000e+03   2.9511869e+02   4.1277707e+00
   2.0910000e+03   2.9750963e+02   4.1291931e+00
   2.0920000e+03   2.9967875e+02   4.1306203e+00
   2.0930000e+03   3.0194101e+02   4.1320720e+00
   2.0940000e+03   3.0410130e+02   4.1334962e+00
   2.0950000e+03   3.0667159e+02   4.1349347e+00
   2.0960000e+03   3.0904996e+02   4.1377076e+00
   2.0970000e+03   3.1139887e+02   4.1391910e+00
   2.0980000e+03   3.1397190e+02   4.1406671e+00
   2.0990000e+03   3.1653220e+02   4.1434625e+00
   2.1000000e+03   3.1852753e+02   4.1448918e+00
   2.1010000e+03             NaN             NaN
   2.1020000e+03             NaN             NaN
   2.1030000e+03             NaN             NaN
   2.1040000e+03             NaN             NaN
   2.1050000e+03             NaN             NaN
   2.1060000e+03             NaN             NaN
   2.1070000e+03             NaN             NaN
   2.1080000e+03             NaN             NaN
   2.1090000e+03             NaN             NaN
   2.1100000e+03             NaN             NaN
   2.1110000e+03             NaN             NaN
   2.1120000e+03             NaN             NaN
   2.1130000e+03             NaN             NaN
   2.1140000e+03             NaN             NaN
   2.1150000e+03             NaN             NaN
   2.1160000e+03             NaN             NaN
   2.1170000e+03             NaN             NaN
   2.1180000e+03             NaN             NaN
   2.1190000e+03             NaN             NaN
   2.1200000e+03             NaN             NaN
   2.1210000e+03             NaN             NaN
   2.1220000e+03             NaN             NaN
   2.1230000e+03             NaN             NaN
   2.1240000e+03             NaN             NaN
   2.1250000e+03             NaN             NaN
   2.1260000e+03             NaN             NaN
   2.1270000e+03             NaN             NaN
   2.1280000e+03             NaN             NaN
   2.1290000e+03             NaN             NaN
   2.1300000e+03             NaN             NaN
   2.1310000e+03             NaN             NaN
   2.1320000e+03             NaN             NaN
   2.1330000e+03             NaN             NaN
   2.1340000e+03             NaN             NaN
   2.1350000e+03             NaN             NaN
   2.1360000e+03             NaN             NaN
   2.1370000e+03             NaN             NaN
   2.1380000e+03             NaN             NaN
   2.1390000e+03             NaN             NaN
   2.1400000e+03             NaN             NaN
   2.1410000e+03             NaN             NaN
   2.1420000e+03             NaN             NaN
   2.1430000e+03             NaN             NaN
   2.1440000e+03             NaN             NaN
   2.1450000e+03             NaN             NaN
   2.1460000e+03             NaN             NaN
   2.1470000e+03             NaN             NaN
   2.1480000e+03             NaN             NaN
   2.1490000e+03             NaN             NaN
   2.1500000e+03             NaN             NaN
   2.1510000e+03             NaN             NaN
   2.1520000e+03             NaN             NaN
   2.1530000e+03             NaN             NaN
   2.1540000e+03             NaN             NaN
   2.1550000e+03             NaN             NaN
   2.1560000e+03             NaN             NaN
   2.1570000e+03             NaN             NaN
   2.1580000e+03             NaN             NaN
   2.1590000e+03             NaN             NaN
   2.1600000e+03             NaN             NaN
   2.1610000e+03             NaN             NaN
   2.1620000e+03             NaN             NaN
   2.1630000e+03             NaN             NaN
   2.1640000e+03             NaN             NaN
   2.1650000e+03             NaN             NaN
   2.1660000e+03             NaN             NaN
   2.1670000e+03             NaN             NaN
   2.1680000e+03             NaN             NaN
   2.1690000e+03             NaN             NaN
   2.1700000e+03             NaN             NaN
   2.1710000e+03             NaN             NaN
   2.1720000e+03             NaN             NaN
   2.1730000e+03             NaN             NaN
   2.1740000e+03             NaN             NaN
   2.1750000e+03             NaN             NaN
   2.1760000e+03             NaN             NaN
   2.1770000e+03             NaN             NaN
   2.1780000e+03             NaN             NaN
   2.1790000e+03             NaN             NaN
   2.1800000e+03             NaN             NaN
   2.1810000e+03             NaN             NaN
   2.1820000e+03             NaN             NaN
   2.1830000e+03             NaN             NaN
   2.1840000e+03             NaN             NaN
   2.1850000e+03             NaN             NaN
   2.1860000e+03             NaN             NaN
   2.1870000e+03             NaN             NaN
   2.1880000e+03             NaN             NaN
   2.1890000e+03             NaN             NaN
   2.1900000e+03             NaN             NaN
   2.1910000e+03             NaN             NaN
   2.1920000e+03             NaN             NaN
   2.1930000e+03             NaN             NaN
   2.1940000e+03             NaN             NaN
   2.1950000e+03             NaN             NaN
   2.1960000e+03             NaN             NaN
   2.1970000e+03             NaN             NaN
   2.1980000e+03             NaN             NaN
   2.1990000e+03             NaN             NaN
   2.2000000e+03             NaN             NaN
   2.2010000e+03             NaN             NaN
   2.2020000e+03             NaN             NaN
   2.2030000e+03             NaN             NaN
   2.2040000e+03             NaN             NaN
   2.2050000e+03             NaN             NaN
   2.2060000e+03             NaN             NaN
   2.2070000e+03             NaN             NaN
   2.2080000e+03             NaN             NaN
   2.2090000e+03             NaN             NaN
   2.2100000e+03             NaN             NaN
   2.2110000e+03             NaN             NaN
   2.2120000e+03             NaN             NaN
   2.2130000e+03             NaN             NaN
   2.2140000e+03             NaN             NaN
   2.2150000e+03             NaN             NaN
   2.2160000e+03             NaN             NaN
   2.2170000e+03             NaN             NaN
   2.2180000e+03             NaN             NaN
   2.2190000e+03             NaN             NaN
   2.2200000e+03             NaN             NaN
   2.2210000e+03             NaN             NaN
   2.2220000e+03             NaN             NaN
   2.2230000e+03             NaN             NaN
   2.2240000e+03             NaN             NaN
   2.2250000e+03             NaN             NaN
   2.2260000e+03             NaN             NaN
   2.2270000e+03             NaN             NaN
   2.2280000e+03             NaN             NaN
   2.2290000e+03             NaN             NaN
   2.2300000e+03             NaN             NaN
   2.2310000e+03             NaN             NaN
   2.2320000e+03             NaN             NaN
   2.2330000e+03             NaN             NaN
   2.2340000e+03             NaN             NaN
   2.2350000e+03             NaN             NaN
   2.2360000e+03             NaN             NaN
   2.2370000e+03             NaN             NaN
   2.2380000e+03             NaN             NaN
   2.2390000e+03             NaN             NaN
   2.2400000e+03             NaN             NaN
   2.2410000e+03             NaN             NaN
   2.2420000e+03             NaN             NaN
   2.2430000e+03             NaN             NaN
   2.2440000e+03             NaN             NaN
   2.2450000e+03             NaN             NaN
   2.2460000e+03             NaN             NaN
   2.2470000e+03             NaN             NaN
   2.2480000e+03             NaN             NaN
   2.2490000e+03             NaN             NaN
   2.2500000e+03             NaN             NaN
   2.2510000e+03             NaN             NaN
   2.2520000e+03             NaN             NaN
   2.2530000e+03             NaN             NaN
   2.2540000e+03             NaN             NaN
   2.2550000e+03             NaN             NaN
   2.2560000e+03             NaN             NaN
   2.2570000e+03             NaN             NaN
   2.2580000e+03             NaN             NaN
   2.2590000e+03             NaN             NaN
   2.2600000e+03             NaN             NaN
   2.2610000e+03             NaN             NaN
   2.2620000e+03             NaN             NaN
   2.2630000e+03             NaN             NaN
   2.2640000e+03             NaN             NaN
   2.2650000e+03             NaN             NaN
   2.2660000e+03             NaN             NaN
   2.2670000e+03             NaN             NaN
   2.2680000e+03             NaN             NaN
   2.2690000e+03             NaN             NaN
   2.2700000e+03             NaN             NaN
   2.2710000e+03             NaN             NaN
   2.2720000e+03             NaN             NaN
   2.2730000e+03             NaN             NaN
   2.2740000e+03             NaN             NaN
   2.2750000e+03             NaN             NaN
   2.2760000e+03             NaN             NaN
   2.2770000e+03             NaN             NaN
   2.2780000e+03             NaN             NaN
   2.2790000e+03             NaN             NaN
   2.2800000e+03             NaN             NaN
   2.2810000e+03             NaN             NaN
   2.2820000e+03             NaN             NaN
   2.2830000e+03             NaN             NaN
   2.2840000e+03             NaN             NaN
   2.2850000e+03             NaN             NaN
   2.2860000e+03             NaN             NaN
   2.2870000e+03             NaN             NaN
   2.2880000e+03             NaN             NaN
   2.2890000e+03             NaN             NaN
   2.2900000e+03             NaN             NaN
   2.2910000e+03             NaN             NaN
   2.2920000e+03             NaN             NaN
   2.2930000e+03             NaN             NaN
   2.2940000e+03             NaN             NaN
   2.2950000e+03             NaN             NaN
   2.2960000e+03             NaN             NaN
   2.2970000e+03             NaN             NaN
   2.2980000e+03             NaN             NaN
   2.2990000e+03             NaN             NaN
   2.3000000e+03             NaN             NaN
