   1.8500000e+03             NaN             NaN
   1.8510000e+03   7.3913402e-01   8.8582029e+00
   1.8520000e+03   2.6399355e+00   8.8552937e+00
   1.8530000e+03   5.5980365e+00   8.8517959e+00
   1.8540000e+03   5.9563455e+00   8.7761516e+00
   1.8550000e+03   7.5138567e+00   8.7173050e+00
   1.8560000e+03   9.7589338e+00   8.7154704e+00
   1.8570000e+03   1.3580887e+01   8.7117654e+00
   1.8580000e+03   1.5385943e+01   8.5873214e+00
   1.8590000e+03   1.6216857e+01   8.5751429e+00
   1.8600000e+03   1.8414677e+01   8.5140355e+00
   1.8610000e+03   2.0775200e+01   8.4361998e+00
   1.8620000e+03   2.4743304e+01   8.4242815e+00
   1.8630000e+03   2.7941227e+01   8.2526580e+00
   1.8640000e+03   2.9091500e+01   8.0960659e+00
   1.8650000e+03   3.2090633e+01   8.0944937e+00
   1.8660000e+03   3.3933444e+01   7.9768387e+00
   1.8670000e+03   3.5968530e+01   7.9740239e+00
   1.8680000e+03   3.6717365e+01   7.9115992e+00
   1.8690000e+03   3.7447901e+01   7.9098406e+00
   1.8700000e+03   3.7358870e+01   7.9082179e+00
   1.8710000e+03   3.8909717e+01   7.9071820e+00
   1.8720000e+03   4.2337291e+01   7.9031964e+00
   1.8730000e+03   4.5370902e+01   7.7874054e+00
   1.8740000e+03   4.8907300e+01   7.6480419e+00
   1.8750000e+03   5.2504932e+01   7.5569323e+00
   1.8760000e+03   5.4429232e+01   7.4265794e+00
   1.8770000e+03   5.7991496e+01   7.4142586e+00
   1.8780000e+03   5.9426196e+01   7.4019386e+00
   1.8790000e+03   6.0743449e+01   7.3294172e+00
   1.8800000e+03   6.2408810e+01   7.2622264e+00
   1.8810000e+03   6.6542620e+01   7.2572978e+00
   1.8820000e+03   7.2896048e+01   7.1497162e+00
   1.8830000e+03   7.5121650e+01   6.7758103e+00
   1.8840000e+03   7.5969027e+01   6.7734660e+00
   1.8850000e+03   7.7195668e+01   6.7613285e+00
   1.8860000e+03   8.0359502e+01   6.7499370e+00
   1.8870000e+03   8.1841136e+01   6.2723339e+00
   1.8880000e+03   8.5849336e+01   6.1934315e+00
   1.8890000e+03   8.7295238e+01   6.0937960e+00
   1.8900000e+03   8.8816565e+01   6.0791937e+00
   1.8910000e+03   8.9029701e+01   6.0740355e+00
   1.8920000e+03   9.1052893e+01   6.0727679e+00
   1.8930000e+03   9.3151362e+01   6.0619116e+00
   1.8940000e+03   9.3972544e+01   5.9653768e+00
   1.8950000e+03   9.6119386e+01   5.9617450e+00
   1.8960000e+03   9.6650884e+01   5.8878459e+00
   1.8970000e+03   9.7969193e+01   5.8864843e+00
   1.8980000e+03   9.9049475e+01   5.8765571e+00
   1.8990000e+03   1.0180943e+02   5.8752205e+00
   1.9000000e+03   1.0548411e+02   5.7767161e+00
   1.9010000e+03   1.0762629e+02   5.6835151e+00
   1.9020000e+03   1.0955381e+02   5.6167386e+00
   1.9030000e+03   1.1126960e+02   5.6150023e+00
   1.9040000e+03   1.1101280e+02   5.5250183e+00
   1.9050000e+03   1.1189363e+02   5.5236355e+00
   1.9060000e+03   1.1373885e+02   5.5222366e+00
   1.9070000e+03   1.1497813e+02   5.4087554e+00
   1.9080000e+03   1.1575768e+02   5.3450065e+00
   1.9090000e+03   1.1780712e+02   5.3409598e+00
   1.9100000e+03   1.1968966e+02   5.2197968e+00
   1.9110000e+03   1.2104896e+02   5.2157212e+00
   1.9120000e+03   1.2144076e+02   5.1567768e+00
   1.9130000e+03   1.2223636e+02   5.1535568e+00
   1.9140000e+03   1.2320830e+02   5.0875873e+00
   1.9150000e+03   1.2477705e+02   5.0857921e+00
   1.9160000e+03   1.2734499e+02   5.0292855e+00
   1.9170000e+03   1.2874516e+02   4.9625003e+00
   1.9180000e+03   1.2912437e+02   4.9604660e+00
   1.9190000e+03   1.3049857e+02   4.9587336e+00
   1.9200000e+03   1.3581608e+02   4.9027679e+00
   1.9210000e+03   1.3693962e+02   4.6209121e+00
   1.9220000e+03   1.3910042e+02   4.6188608e+00
   1.9230000e+03   1.4091067e+02   4.6165028e+00
   1.9240000e+03   1.4214562e+02   4.6129745e+00
   1.9250000e+03   1.4366723e+02   4.5615203e+00
   1.9260000e+03   1.4442679e+02   4.5080217e+00
   1.9270000e+03   1.4574632e+02   4.5057957e+00
   1.9280000e+03   1.4797111e+02   4.5023549e+00
   1.9290000e+03   1.4933618e+02   4.4231603e+00
   1.9300000e+03   1.5104791e+02   4.3628766e+00
   1.9310000e+03   1.5268220e+02   4.2415434e+00
   1.9320000e+03   1.5243556e+02   4.1853648e+00
   1.9330000e+03   1.5430290e+02   4.1826241e+00
   1.9340000e+03   1.5881774e+02   3.9781969e+00
   1.9350000e+03   1.5981711e+02   3.7919916e+00
   1.9360000e+03   1.6405773e+02   3.7224066e+00
   1.9370000e+03   1.6466421e+02   3.0645359e+00
   1.9380000e+03   1.6704947e+02   3.0620667e+00
   1.9390000e+03   1.6860367e+02   2.7915173e+00
   1.9400000e+03   1.7063540e+02   2.7104224e+00
   1.9410000e+03   1.7154483e+02   2.7072739e+00
   1.9420000e+03   1.7380330e+02   2.7043242e+00
   1.9430000e+03   1.7571539e+02   2.5903662e+00
   1.9440000e+03   1.7602801e+02   2.4764896e+00
   1.9450000e+03   1.7673492e+02   2.4229936e+00
   1.9460000e+03   1.7833417e+02   2.3199732e+00
   1.9470000e+03   1.7882871e+02   2.3166459e+00
   1.9480000e+03   1.8150227e+02   2.3136129e+00
   1.9490000e+03   1.8293492e+02   1.4979420e+00
   1.9500000e+03   1.8367636e+02   1.4930031e+00
   1.9510000e+03   1.8471441e+02   1.4882472e+00
   1.9520000e+03   1.8588270e+02   1.4835962e+00
   1.9530000e+03   1.8654801e+02   1.4309576e+00
   1.9540000e+03   1.8737839e+02   1.4260986e+00
   1.9550000e+03   1.8921891e+02   1.4212717e+00
   1.9560000e+03   1.9004135e+02   1.2913105e+00
   1.9570000e+03   1.9174547e+02   1.2860719e+00
   1.9580000e+03   1.9350835e+02   1.1843153e+00
   1.9590000e+03   1.9484927e+02   1.1784463e+00
   1.9600000e+03   1.9567857e+02   1.1400333e+00
   1.9610000e+03   1.9657462e+02   1.0733907e+00
   1.9620000e+03   1.9797220e+02   9.9580539e-01
   1.9630000e+03   1.9835837e+02   9.8913385e-01
   1.9640000e+03   1.9924769e+02   9.6021788e-01
   1.9650000e+03   2.0066827e+02   9.5332510e-01
   1.9660000e+03   2.0089745e+02   7.3158423e-01
   1.9670000e+03   2.0130803e+02   7.2267096e-01
   1.9680000e+03   2.0209669e+02   7.1365821e-01
   1.9690000e+03   2.0261784e+02   7.0452493e-01
   1.9700000e+03   2.0314887e+02   6.8282646e-01
   1.9710000e+03   2.0371888e+02   6.7347045e-01
   1.9720000e+03   2.0433012e+02   6.6371801e-01
   1.9730000e+03   2.0471633e+02   6.5383273e-01
   1.9740000e+03   2.0555091e+02   6.4392541e-01
   1.9750000e+03   2.0643024e+02   6.3383585e-01
   1.9760000e+03   2.0778432e+02   6.1779809e-01
   1.9770000e+03   2.0843284e+02   6.0734302e-01
   1.9780000e+03   2.0877072e+02   5.9673653e-01
   1.9790000e+03   2.0910461e+02   5.8592926e-01
   1.9800000e+03   2.0967007e+02   5.7500636e-01
   1.9810000e+03   2.1019528e+02   5.6387736e-01
   1.9820000e+03   2.1068736e+02   5.4935672e-01
   1.9830000e+03   2.1100811e+02   5.3477111e-01
   1.9840000e+03   2.1165929e+02   5.2285587e-01
   1.9850000e+03   2.1343448e+02   5.1051846e-01
   1.9860000e+03   2.1430028e+02   4.9579965e-01
   1.9870000e+03   2.1468354e+02   4.8270756e-01
   1.9880000e+03   2.1560671e+02   4.6952650e-01
   1.9890000e+03   2.1692259e+02   4.5586495e-01
   1.9900000e+03   2.1784625e+02   4.4185937e-01
   1.9910000e+03   2.1913629e+02   4.2729681e-01
   1.9920000e+03   2.1955650e+02   4.1128777e-01
   1.9930000e+03   2.2085390e+02   3.9574927e-01
   1.9940000e+03   2.2111216e+02   3.7097203e-01
   1.9950000e+03   2.2247880e+02   3.5377671e-01
   1.9960000e+03   2.2371324e+02   3.3577002e-01
   1.9970000e+03   2.2480272e+02   3.1670162e-01
   1.9980000e+03   2.2610923e+02   2.9630987e-01
   1.9990000e+03   2.2695588e+02   2.7457105e-01
   2.0000000e+03   2.2781307e+02   2.5116834e-01
   2.0010000e+03   2.2866676e+02   2.2544187e-01
   2.0020000e+03   2.3010838e+02   1.9666363e-01
   2.0030000e+03   2.3134899e+02   1.9737622e-01
   2.0040000e+03   2.3269094e+02   1.9825242e-01
   2.0050000e+03   2.3413526e+02   1.9923238e-01
   2.0060000e+03   2.3616334e+02   2.0032401e-01
   2.0070000e+03   2.3762027e+02   2.2400078e-01
   2.0080000e+03   2.3879671e+02   2.4544309e-01
   2.0090000e+03   2.4008691e+02   2.6918082e-01
   2.0100000e+03   2.4119289e+02   2.9110020e-01
   2.0110000e+03   2.4248603e+02   3.1149298e-01
   2.0120000e+03   2.4536445e+02   6.8996475e-01
   2.0130000e+03   2.4689841e+02   6.9969123e-01
   2.0140000e+03   2.4837508e+02   7.0880082e-01
   2.0150000e+03   2.4982627e+02   7.1749635e-01
   2.0160000e+03   2.5131141e+02   7.2601630e-01
   2.0170000e+03   2.5248931e+02   7.3456112e-01
   2.0180000e+03   2.5362304e+02   7.4246215e-01
   2.0190000e+03   2.5447454e+02   7.5067501e-01
   2.0200000e+03   2.5575471e+02   7.5882664e-01
   2.0210000e+03   2.5736171e+02   7.6691175e-01
   2.0220000e+03   2.5853946e+02   7.7494191e-01
   2.0230000e+03   2.5998856e+02   7.8271161e-01
   2.0240000e+03   2.6113559e+02   7.9020090e-01
   2.0250000e+03   2.6302603e+02   7.9802757e-01
   2.0260000e+03   2.6401489e+02   8.0584667e-01
   2.0270000e+03   2.6554073e+02   8.1407115e-01
   2.0280000e+03   2.6736751e+02   8.2171838e-01
   2.0290000e+03   2.6967438e+02   8.2924635e-01
   2.0300000e+03   2.7119655e+02   8.3689472e-01
   2.0310000e+03   2.7247014e+02   8.4437811e-01
   2.0320000e+03   2.7383154e+02   8.6864084e-01
   2.0330000e+03   2.7487008e+02   8.7574848e-01
   2.0340000e+03   2.7646884e+02   8.8280194e-01
   2.0350000e+03   2.7810140e+02   8.8991803e-01
   2.0360000e+03   2.7955737e+02   8.9692247e-01
   2.0370000e+03   2.8069582e+02   9.0375395e-01
   2.0380000e+03   2.8252411e+02   9.3182775e-01
   2.0390000e+03   2.8498651e+02   1.3309233e+00
   2.0400000e+03   2.8690121e+02   1.3354733e+00
   2.0410000e+03   2.8876701e+02   1.3399973e+00
   2.0420000e+03   2.9075687e+02   1.3446919e+00
   2.0430000e+03   2.9284021e+02   1.3491981e+00
   2.0440000e+03   2.9493301e+02   1.3537124e+00
   2.0450000e+03   2.9649117e+02   1.3581511e+00
   2.0460000e+03   2.9810022e+02   1.3625401e+00
   2.0470000e+03   2.9978028e+02   1.3669850e+00
   2.0480000e+03   3.0172512e+02   1.3714344e+00
   2.0490000e+03   3.0382740e+02   1.3758180e+00
   2.0500000e+03   3.0569236e+02   1.3803792e+00
   2.0510000e+03   3.0798105e+02   1.3848093e+00
   2.0520000e+03   3.0993351e+02   1.3891639e+00
   2.0530000e+03   3.1246232e+02   1.3938640e+00
   2.0540000e+03   3.1448587e+02   1.3981930e+00
   2.0550000e+03   3.1652908e+02   1.4025471e+00
   2.0560000e+03   3.1836339e+02   1.4068428e+00
   2.0570000e+03   3.2036885e+02   1.4112305e+00
   2.0580000e+03   3.2236711e+02   1.4154495e+00
   2.0590000e+03   3.2428416e+02   1.4197176e+00
   2.0600000e+03   3.2589966e+02   1.4239614e+00
   2.0610000e+03   3.2820570e+02   1.4283118e+00
   2.0620000e+03   3.2984860e+02   1.4325114e+00
   2.0630000e+03   3.3188804e+02   1.4369011e+00
   2.0640000e+03   3.3377048e+02   1.4412403e+00
   2.0650000e+03   3.3553328e+02   1.4454141e+00
   2.0660000e+03   3.3697530e+02   1.4495165e+00
   2.0670000e+03   3.3838624e+02   1.4537289e+00
   2.0680000e+03   3.3955475e+02   1.4577966e+00
   2.0690000e+03   3.4162261e+02   1.4631688e+00
   2.0700000e+03   3.4326799e+02   1.4672908e+00
   2.0710000e+03   3.4455645e+02   1.4713790e+00
   2.0720000e+03   3.4653621e+02   1.4760146e+00
   2.0730000e+03   3.4832243e+02   1.4801425e+00
   2.0740000e+03   3.5039201e+02   1.4844541e+00
   2.0750000e+03   3.5311502e+02   1.4896483e+00
   2.0760000e+03   3.5528556e+02   1.4940535e+00
   2.0770000e+03   3.5718487e+02   1.4981747e+00
   2.0780000e+03   3.5893164e+02   1.5023201e+00
   2.0790000e+03   3.6031830e+02   1.5066408e+00
   2.0800000e+03   3.6223677e+02   1.5109574e+00
   2.0810000e+03   3.6412229e+02   1.5149768e+00
   2.0820000e+03   3.6546195e+02   1.5192883e+00
   2.0830000e+03   3.6759110e+02   1.5233699e+00
   2.0840000e+03   3.6959400e+02   1.5274537e+00
   2.0850000e+03   3.7108185e+02   1.5317355e+00
   2.0860000e+03   3.7257487e+02   1.5359424e+00
   2.0870000e+03   3.7451600e+02   1.5405129e+00
   2.0880000e+03   3.7611219e+02   1.5444640e+00
   2.0890000e+03   3.7785992e+02   1.5484664e+00
   2.0900000e+03   3.7959425e+02   1.5525213e+00
   2.0910000e+03   3.8134740e+02   1.5565747e+00
   2.0920000e+03   3.8274419e+02   1.5607731e+00
   2.0930000e+03   3.8455134e+02   1.5649304e+00
   2.0940000e+03   3.8590513e+02   1.5690360e+00
   2.0950000e+03   3.8724704e+02   1.5731518e+00
   2.0960000e+03   3.8901760e+02   1.5773924e+00
   2.0970000e+03   3.9066754e+02   1.5815541e+00
   2.0980000e+03   3.9206947e+02   1.5857158e+00
   2.0990000e+03   3.9338582e+02   1.5898903e+00
   2.1000000e+03   3.9495797e+02   1.5941876e+00
   2.1010000e+03   3.9681141e+02   1.5987235e+00
   2.1020000e+03   3.9829358e+02   1.6033231e+00
   2.1030000e+03   3.9976272e+02   1.6077803e+00
   2.1040000e+03   4.0076413e+02   1.6117612e+00
   2.1050000e+03   4.0239960e+02   1.6164064e+00
   2.1060000e+03   4.0414146e+02   1.6211852e+00
   2.1070000e+03   4.0542064e+02   1.6254104e+00
   2.1080000e+03   4.0695643e+02   1.6306627e+00
   2.1090000e+03   4.0856126e+02   1.6362125e+00
   2.1100000e+03   4.0988930e+02   1.6420324e+00
   2.1110000e+03   4.1136963e+02   1.6483208e+00
   2.1120000e+03   4.1314424e+02   1.6551908e+00
   2.1130000e+03   4.1463550e+02   1.6615656e+00
   2.1140000e+03   4.1580806e+02   1.6652040e+00
   2.1150000e+03   4.1726821e+02   1.6744231e+00
   2.1160000e+03   4.1872538e+02   1.6855143e+00
   2.1170000e+03   4.1959409e+02   1.6892355e+00
   2.1180000e+03   4.2133915e+02   1.6929909e+00
   2.1190000e+03   4.2234002e+02   1.6967500e+00
   2.1200000e+03   4.2352384e+02   1.7005625e+00
   2.1210000e+03   4.2552650e+02   1.7165695e+00
   2.1220000e+03   4.2666726e+02   1.7204096e+00
   2.1230000e+03   4.2809159e+02   1.7402002e+00
   2.1240000e+03   4.2900579e+02   1.7439309e+00
   2.1250000e+03   4.3027128e+02   1.7475687e+00
   2.1260000e+03   4.3130866e+02   1.7513304e+00
   2.1270000e+03   4.3248274e+02   1.7551752e+00
   2.1280000e+03   4.3318899e+02   1.7588028e+00
   2.1290000e+03   4.3402382e+02   1.7627123e+00
   2.1300000e+03   4.3537037e+02   1.7667260e+00
   2.1310000e+03   4.3606948e+02   1.7705068e+00
   2.1320000e+03   4.3682791e+02   1.7743955e+00
   2.1330000e+03   4.3746446e+02   1.7782454e+00
   2.1340000e+03   4.3820973e+02   1.7821584e+00
   2.1350000e+03   4.3913499e+02   1.7861904e+00
   2.1360000e+03   4.3962623e+02   1.7901927e+00
   2.1370000e+03   4.4073717e+02   1.7943453e+00
   2.1380000e+03   4.4151084e+02   1.7985506e+00
   2.1390000e+03   4.4292670e+02   1.8028287e+00
   2.1400000e+03   4.4342775e+02   1.8071267e+00
   2.1410000e+03   4.4451510e+02   1.8111939e+00
   2.1420000e+03   4.4551799e+02   1.8155712e+00
   2.1430000e+03   4.4698630e+02   1.8201414e+00
   2.1440000e+03   4.4817257e+02   1.8248192e+00
   2.1450000e+03   4.4926274e+02   1.8299050e+00
   2.1460000e+03   4.5008442e+02   1.8346207e+00
   2.1470000e+03   4.5084047e+02   1.8394102e+00
   2.1480000e+03   4.5203164e+02   1.8443173e+00
   2.1490000e+03   4.5287195e+02   1.8493094e+00
   2.1500000e+03   4.5337860e+02   1.8536762e+00
   2.1510000e+03   4.5414668e+02   1.8582763e+00
   2.1520000e+03   4.5505011e+02   1.8627869e+00
   2.1530000e+03   4.5579466e+02   1.8675666e+00
   2.1540000e+03   4.5657700e+02   1.8722180e+00
   2.1550000e+03   4.5742236e+02   1.8772314e+00
   2.1560000e+03   4.5814525e+02   1.8823197e+00
   2.1570000e+03   4.5894579e+02   1.8869842e+00
   2.1580000e+03   4.5943955e+02   1.8919874e+00
   2.1590000e+03   4.6050313e+02   1.8971331e+00
   2.1600000e+03   4.6153414e+02   1.9023812e+00
   2.1610000e+03   4.6192924e+02   1.9076623e+00
   2.1620000e+03   4.6221469e+02   1.9130711e+00
   2.1630000e+03   4.6298147e+02   1.9186297e+00
   2.1640000e+03   4.6358559e+02   1.9242926e+00
   2.1650000e+03   4.6408611e+02   1.9299987e+00
   2.1660000e+03   4.6496633e+02   1.9359101e+00
   2.1670000e+03   4.6614246e+02   1.9414601e+00
   2.1680000e+03   4.6677761e+02   1.9480934e+00
   2.1690000e+03   4.6742624e+02   1.9542942e+00
   2.1700000e+03   4.6848722e+02   1.9600641e+00
   2.1710000e+03   4.6891032e+02   1.9676815e+00
   2.1720000e+03   4.6930702e+02   1.9742333e+00
   2.1730000e+03   4.6962722e+02   1.9808769e+00
   2.1740000e+03   4.7010397e+02   1.9869260e+00
   2.1750000e+03   4.7039809e+02   1.9938076e+00
   2.1760000e+03   4.7084730e+02   2.0008214e+00
   2.1770000e+03   4.7136702e+02   2.0058872e+00
   2.1780000e+03   4.7185027e+02   2.0122937e+00
   2.1790000e+03   4.7227624e+02   2.0188264e+00
   2.1800000e+03   4.7281905e+02   2.0254390e+00
   2.1810000e+03   4.7310561e+02   2.0321124e+00
   2.1820000e+03   4.7391532e+02   2.0389946e+00
   2.1830000e+03   4.7455449e+02   2.0457839e+00
   2.1840000e+03   4.7528517e+02   2.0526952e+00
   2.1850000e+03   4.7553032e+02   2.0582416e+00
   2.1860000e+03   4.7581913e+02   2.0652114e+00
   2.1870000e+03   4.7598571e+02   2.0733796e+00
   2.1880000e+03   4.7661474e+02   2.0805336e+00
   2.1890000e+03   4.7685905e+02   2.0862711e+00
   2.1900000e+03   4.7728152e+02   2.0935216e+00
   2.1910000e+03   4.7767682e+02   2.1008159e+00
   2.1920000e+03   4.7827324e+02   2.1081825e+00
   2.1930000e+03   4.7874786e+02   2.1156111e+00
   2.1940000e+03   4.7946099e+02   2.1230478e+00
   2.1950000e+03   4.8021813e+02   2.1305105e+00
   2.1960000e+03   4.8065799e+02   2.1380219e+00
   2.1970000e+03   4.8128655e+02   2.1455754e+00
   2.1980000e+03   4.8197854e+02   2.1531425e+00
   2.1990000e+03   4.8230117e+02   2.1606179e+00
   2.2000000e+03   4.8266099e+02   2.1682562e+00
   2.2010000e+03   4.8296277e+02   2.1759103e+00
   2.2020000e+03   4.8321484e+02   2.1835068e+00
   2.2030000e+03   4.8375421e+02   2.1911855e+00
   2.2040000e+03   4.8426866e+02   2.1988377e+00
   2.2050000e+03   4.8476418e+02   2.2035145e+00
   2.2060000e+03   4.8526310e+02   2.2096847e+00
   2.2070000e+03   4.8599236e+02   2.2173962e+00
   2.2080000e+03   4.8645141e+02   2.2235852e+00
   2.2090000e+03   4.8678779e+02   2.2312479e+00
   2.2100000e+03   4.8722803e+02   2.2360296e+00
   2.2110000e+03   4.8765905e+02   2.2393450e+00
   2.2120000e+03   4.8815813e+02   2.2485192e+00
   2.2130000e+03   4.8873398e+02   2.2547098e+00
   2.2140000e+03   4.8919357e+02   2.2595297e+00
   2.2150000e+03   4.8988435e+02   2.2672370e+00
   2.2160000e+03   4.9009676e+02   2.2719182e+00
   2.2170000e+03   4.9042141e+02   2.2795626e+00
   2.2180000e+03   4.9063871e+02   2.2842733e+00
   2.2190000e+03   4.9117105e+02   2.2918615e+00
   2.2200000e+03   4.9158542e+02   2.2995033e+00
   2.2210000e+03   4.9207513e+02   2.3042014e+00
   2.2220000e+03   4.9216616e+02   2.3117127e+00
   2.2230000e+03   4.9244186e+02   2.3177596e+00
   2.2240000e+03   4.9296226e+02   2.3209076e+00
   2.2250000e+03   4.9354880e+02   2.3255709e+00
   2.2260000e+03   4.9399417e+02   2.3287156e+00
   2.2270000e+03   4.9470412e+02   2.3333541e+00
   2.2280000e+03   4.9494920e+02   2.3364555e+00
   2.2290000e+03   4.9520322e+02   2.3423501e+00
   2.2300000e+03   4.9571965e+02   2.3497979e+00
   2.2310000e+03   4.9593091e+02   2.3557019e+00
   2.2320000e+03   4.9621445e+02   2.3587756e+00
   2.2330000e+03   4.9665597e+02   2.3645949e+00
   2.2340000e+03   4.9674397e+02   2.3691018e+00
   2.2350000e+03   4.9699456e+02   2.3721125e+00
   2.2360000e+03   4.9730302e+02   2.3766194e+00
   2.2370000e+03   4.9774395e+02   2.3823286e+00
   2.2380000e+03   4.9820480e+02   2.3865782e+00
   2.2390000e+03   4.9860789e+02   2.3922824e+00
   2.2400000e+03   4.9905816e+02   2.3940080e+00
   2.2410000e+03   4.9927071e+02   2.3996188e+00
   2.2420000e+03   4.9953527e+02   2.4013148e+00
   2.2430000e+03   4.9969763e+02   2.4042492e+00
   2.2440000e+03   4.9986427e+02   2.4071670e+00
   2.2450000e+03   5.0033234e+02   2.4140844e+00
   2.2460000e+03   5.0059942e+02   2.4169526e+00
   2.2470000e+03   5.0091743e+02   2.4210854e+00
   2.2480000e+03   5.0117939e+02   2.4265573e+00
   2.2490000e+03   5.0159476e+02   2.4320027e+00
   2.2500000e+03   5.0194358e+02   2.4358636e+00
   2.2510000e+03   5.0207577e+02   2.4400475e+00
   2.2520000e+03   5.0220912e+02   2.4416901e+00
   2.2530000e+03   5.0250346e+02   2.4445781e+00
   2.2540000e+03   5.0308213e+02   2.4487499e+00
   2.2550000e+03   5.0326538e+02   2.4539990e+00
   2.2560000e+03   5.0370582e+02   2.4592398e+00
   2.2570000e+03   5.0410299e+02   2.4644345e+00
   2.2580000e+03   5.0461694e+02   2.4710167e+00
   2.2590000e+03   5.0480009e+02   2.4775309e+00
   2.2600000e+03   5.0521495e+02   2.4826482e+00
   2.2610000e+03   5.0586966e+02   2.4877824e+00
   2.2620000e+03   5.0618744e+02   2.4941581e+00
   2.2630000e+03   5.0633784e+02   2.4992272e+00
   2.2640000e+03   5.0654684e+02   2.5042229e+00
   2.2650000e+03   5.0671938e+02   2.5082006e+00
   2.2660000e+03   5.0731834e+02   2.5131932e+00
   2.2670000e+03   5.0735823e+02   2.5193901e+00
   2.2680000e+03   5.0755461e+02   2.5255967e+00
   2.2690000e+03   5.0788438e+02   2.5317800e+00
   2.2700000e+03   5.0829553e+02   2.5357299e+00
   2.2710000e+03   5.0848847e+02   2.5417870e+00
   2.2720000e+03   5.0848193e+02   2.5478292e+00
   2.2730000e+03   5.0887204e+02   2.5526109e+00
   2.2740000e+03   5.0904956e+02   2.5585778e+00
   2.2750000e+03   5.0929746e+02   2.5645897e+00
   2.2760000e+03   5.0965108e+02   2.5705717e+00
   2.2770000e+03   5.0980146e+02   2.5765774e+00
   2.2780000e+03   5.0983304e+02   2.5824811e+00
   2.2790000e+03   5.0989501e+02   2.5882774e+00
   2.2800000e+03   5.1012661e+02   2.5919484e+00
   2.2810000e+03   5.1014513e+02   2.5964807e+00
   2.2820000e+03   5.1032676e+02   2.6010334e+00
   2.2830000e+03   5.1062443e+02   2.6055683e+00
   2.2840000e+03   5.1098543e+02   2.6100763e+00
   2.2850000e+03   5.1116644e+02   2.6136628e+00
   2.2860000e+03   5.1151279e+02   2.6172396e+00
   2.2870000e+03   5.1188241e+02   2.6207911e+00
   2.2880000e+03   5.1201793e+02   2.6240479e+00
   2.2890000e+03   5.1218714e+02   2.6284414e+00
   2.2900000e+03   5.1249341e+02   2.6339867e+00
   2.2910000e+03   5.1248708e+02   2.6394668e+00
   2.2920000e+03   5.1255099e+02   2.6417778e+00
   2.2930000e+03   5.1263579e+02   2.6472031e+00
   2.2940000e+03   5.1273611e+02   2.6525952e+00
   2.2950000e+03   5.1298419e+02   2.6580145e+00
   2.2960000e+03   5.1300140e+02   2.6634009e+00
   2.2970000e+03   5.1305704e+02   2.6667988e+00
   2.2980000e+03   5.1327748e+02   2.6721530e+00
   2.2990000e+03   5.1357711e+02   2.6763366e+00
   2.3000000e+03   5.1371497e+02   2.6786648e+00
