   1.8500000e+03             NaN             NaN
   1.8510000e+03   1.2905958e+00   3.7069165e+00
   1.8520000e+03   2.8803817e+00   3.6712347e+00
   1.8530000e+03   3.9651938e+00   3.6452757e+00
   1.8540000e+03   5.2541330e+00   3.6217809e+00
   1.8550000e+03   6.7828716e+00   3.5735450e+00
   1.8560000e+03   8.0660021e+00   3.5382003e+00
   1.8570000e+03   8.6268400e+00   3.5045513e+00
   1.8580000e+03   9.1427162e+00   3.4780237e+00
   1.8590000e+03   1.0199462e+01   3.4756864e+00
   1.8600000e+03   1.0417748e+01   3.4321681e+00
   1.8610000e+03   1.1477372e+01   3.4097353e+00
   1.8620000e+03   1.2394182e+01   3.3885299e+00
   1.8630000e+03   1.3757769e+01   3.3666556e+00
   1.8640000e+03   1.4859145e+01   3.3401671e+00
   1.8650000e+03   1.6558764e+01   3.2856944e+00
   1.8660000e+03   1.8190908e+01   3.2403366e+00
   1.8670000e+03   1.9172353e+01   3.2047171e+00
   1.8680000e+03   2.0439796e+01   3.1840800e+00
   1.8690000e+03   2.1154869e+01   3.1619065e+00
   1.8700000e+03   2.2726426e+01   3.1600506e+00
   1.8710000e+03   2.3909746e+01   3.0652851e+00
   1.8720000e+03   2.5418264e+01   3.0388346e+00
   1.8730000e+03   2.6548401e+01   2.9609308e+00
   1.8740000e+03   2.8450698e+01   2.8857872e+00
   1.8750000e+03   2.9166814e+01   2.8602734e+00
   1.8760000e+03   2.9841479e+01   2.8213567e+00
   1.8770000e+03   3.1308916e+01   2.7994380e+00
   1.8780000e+03   3.2771128e+01   2.6743424e+00
   1.8790000e+03   3.3472203e+01   2.6366156e+00
   1.8800000e+03   3.4502130e+01   2.6134756e+00
   1.8810000e+03   3.5212645e+01   2.5746893e+00
   1.8820000e+03   3.5843971e+01   2.5541930e+00
   1.8830000e+03   3.6917372e+01   2.5506061e+00
   1.8840000e+03   3.7343818e+01   2.5094823e+00
   1.8850000e+03   3.7750706e+01   2.5068289e+00
   1.8860000e+03   3.8968722e+01   2.5033473e+00
   1.8870000e+03   3.9084392e+01   2.4401518e+00
   1.8880000e+03   3.9436560e+01   2.4374217e+00
   1.8890000e+03   4.0059454e+01   2.4169881e+00
   1.8900000e+03   4.0684435e+01   2.4136529e+00
   1.8910000e+03   4.1246358e+01   2.3888162e+00
   1.8920000e+03   4.1560071e+01   2.3603786e+00
   1.8930000e+03   4.2184173e+01   2.3558908e+00
   1.8940000e+03   4.2743395e+01   2.3277978e+00
   1.8950000e+03   4.3369938e+01   2.3249368e+00
   1.8960000e+03   4.4628776e+01   2.3039383e+00
   1.8970000e+03   4.5158878e+01   2.2398927e+00
   1.8980000e+03   4.6123759e+01   2.2354318e+00
   1.8990000e+03   4.7252379e+01   2.1983809e+00
   1.9000000e+03   4.8515455e+01   2.1758738e+00
   1.9010000e+03   4.9247144e+01   2.1562814e+00
   1.9020000e+03   5.0651996e+01   2.1516895e+00
   1.9030000e+03   5.1216885e+01   2.0741120e+00
   1.9040000e+03   5.2506701e+01   2.0709164e+00
   1.9050000e+03   5.3087465e+01   2.0469888e+00
   1.9060000e+03   5.3922696e+01   2.0290915e+00
   1.9070000e+03   5.4428745e+01   2.0052100e+00
   1.9080000e+03   5.5379894e+01   2.0018118e+00
   1.9090000e+03   5.5610481e+01   1.9840970e+00
   1.9100000e+03   5.6385425e+01   1.9807663e+00
   1.9110000e+03   5.7035058e+01   1.9778657e+00
   1.9120000e+03   5.7887185e+01   1.9640073e+00
   1.9130000e+03   5.8053503e+01   1.9457346e+00
   1.9140000e+03   5.8595513e+01   1.9281881e+00
   1.9150000e+03   5.9019183e+01   1.9230029e+00
   1.9160000e+03   5.9659629e+01   1.9196172e+00
   1.9170000e+03   6.0623262e+01   1.9154272e+00
   1.9180000e+03   6.1799102e+01   1.8759136e+00
   1.9190000e+03   6.3045053e+01   1.8630167e+00
   1.9200000e+03   6.3899521e+01   1.7062205e+00
   1.9210000e+03   6.4959081e+01   1.6751030e+00
   1.9220000e+03   6.5713788e+01   1.6523736e+00
   1.9230000e+03   6.5893066e+01   1.6471930e+00
   1.9240000e+03   6.6512091e+01   1.6433108e+00
   1.9250000e+03   6.7360775e+01   1.6315742e+00
   1.9260000e+03   6.8400245e+01   1.6146765e+00
   1.9270000e+03   6.9245589e+01   1.6030456e+00
   1.9280000e+03   7.0235363e+01   1.5790379e+00
   1.9290000e+03   7.1417804e+01   1.5603369e+00
   1.9300000e+03   7.2162178e+01   1.5466778e+00
   1.9310000e+03   7.2609959e+01   1.5200767e+00
   1.9320000e+03   7.2999764e+01   1.5033215e+00
   1.9330000e+03   7.3917784e+01   1.4895476e+00
   1.9340000e+03   7.4825791e+01   1.4453473e+00
   1.9350000e+03   7.5112602e+01   1.4087743e+00
   1.9360000e+03   7.6016002e+01   1.3959060e+00
   1.9370000e+03   7.6719708e+01   1.3788089e+00
   1.9380000e+03   7.7313349e+01   1.3741500e+00
   1.9390000e+03   7.8055788e+01   1.3694399e+00
   1.9400000e+03   7.8607542e+01   1.3497656e+00
   1.9410000e+03   7.9395804e+01   1.3450555e+00
   1.9420000e+03   8.0003159e+01   1.3396376e+00
   1.9430000e+03   8.0520608e+01   1.3266197e+00
   1.9440000e+03   8.0788719e+01   1.3216977e+00
   1.9450000e+03   8.1872287e+01   1.3118038e+00
   1.9460000e+03   8.2544235e+01   1.2669979e+00
   1.9470000e+03   8.3447506e+01   1.2572097e+00
   1.9480000e+03   8.4159116e+01   1.2514691e+00
   1.9490000e+03   8.4846938e+01   1.2462815e+00
   1.9500000e+03   8.5756003e+01   1.2325962e+00
   1.9510000e+03   8.6504599e+01   1.1206725e+00
   1.9520000e+03   8.7091531e+01   1.1027836e+00
   1.9530000e+03   8.7641170e+01   1.0968056e+00
   1.9540000e+03   8.8467125e+01   1.0704386e+00
   1.9550000e+03   8.8783392e+01   1.0281439e+00
   1.9560000e+03   8.9026610e+01   1.0177576e+00
   1.9570000e+03   8.9678874e+01   1.0114753e+00
   1.9580000e+03   9.0321410e+01   1.0051498e+00
   1.9590000e+03   9.0624628e+01   9.9871060e-01
   1.9600000e+03   9.1159080e+01   9.9234243e-01
   1.9610000e+03   9.1893050e+01   9.8590625e-01
   1.9620000e+03   9.2387763e+01   9.0918442e-01
   1.9630000e+03   9.3414182e+01   9.0220202e-01
   1.9640000e+03   9.3920552e+01   8.9496547e-01
   1.9650000e+03   9.4559685e+01   8.8558095e-01
   1.9660000e+03   9.4958078e+01   8.5059106e-01
   1.9670000e+03   9.5110422e+01   8.4347048e-01
   1.9680000e+03   9.5691299e+01   8.2677030e-01
   1.9690000e+03   9.6195313e+01   8.2029478e-01
   1.9700000e+03   9.6682352e+01   8.1255848e-01
   1.9710000e+03   9.7198111e+01   8.0475481e-01
   1.9720000e+03   9.7766992e+01   7.9695595e-01
   1.9730000e+03   9.8301860e+01   7.8908117e-01
   1.9740000e+03   9.8768077e+01   7.8107087e-01
   1.9750000e+03   9.9188971e+01   7.7190300e-01
   1.9760000e+03   1.0018171e+02   7.6216327e-01
   1.9770000e+03   1.0085295e+02   7.5386573e-01
   1.9780000e+03   1.0181368e+02   7.4545581e-01
   1.9790000e+03   1.0224014e+02   7.3694789e-01
   1.9800000e+03   1.0336297e+02   7.2560857e-01
   1.9810000e+03   1.0392009e+02   7.1697728e-01
   1.9820000e+03   1.0445791e+02   7.0823042e-01
   1.9830000e+03   1.0442423e+02   6.9946899e-01
   1.9840000e+03   1.0490175e+02   6.9054953e-01
   1.9850000e+03   1.0542356e+02   6.8142089e-01
   1.9860000e+03   1.0596837e+02   6.7221713e-01
   1.9870000e+03   1.0731698e+02   6.6289725e-01
   1.9880000e+03   1.0769350e+02   6.5187165e-01
   1.9890000e+03   1.0874112e+02   6.4229807e-01
   1.9900000e+03   1.0966175e+02   6.3256144e-01
   1.9910000e+03   1.1103457e+02   6.2263445e-01
   1.9920000e+03   1.1182004e+02   4.0685341e-01
   1.9930000e+03   1.1243418e+02   3.9132859e-01
   1.9940000e+03   1.1360853e+02   3.7519292e-01
   1.9950000e+03   1.1452957e+02   3.5731682e-01
   1.9960000e+03   1.1520801e+02   3.3942346e-01
   1.9970000e+03   1.1613205e+02   3.2080875e-01
   1.9980000e+03   1.1723414e+02   2.9880989e-01
   1.9990000e+03   1.1871076e+02   2.7742576e-01
   2.0000000e+03   1.1991405e+02   2.5418195e-01
   2.0010000e+03   1.2108892e+02   2.2774378e-01
   2.0020000e+03   1.2259533e+02   1.9938633e-01
   2.0030000e+03   1.2367688e+02   1.9663432e-01
   2.0040000e+03   1.2479999e+02   1.9757846e-01
   2.0050000e+03   1.2608947e+02   1.9854436e-01
   2.0060000e+03   1.2742071e+02   1.9928679e-01
   2.0070000e+03   1.2873634e+02   2.2364379e-01
   2.0080000e+03   1.3031098e+02   2.4522791e-01
   2.0090000e+03   1.3164089e+02   2.6889024e-01
   2.0100000e+03   1.3314588e+02   3.0986636e-01
   2.0110000e+03   1.3464940e+02   3.2904060e-01
   2.0120000e+03   1.3635748e+02   3.4979138e-01
   2.0130000e+03   1.3760854e+02   3.6779515e-01
   2.0140000e+03   1.3882448e+02   3.8973599e-01
   2.0150000e+03   1.4025007e+02   4.1311470e-01
   2.0160000e+03   1.4191843e+02   4.5559153e-01
   2.0170000e+03   1.4360539e+02   4.6897556e-01
   2.0180000e+03   1.4472485e+02   4.8190640e-01
   2.0190000e+03   1.4629875e+02   4.9452834e-01
   2.0200000e+03   1.4764141e+02   5.1481814e-01
   2.0210000e+03   1.4884116e+02   5.2665745e-01
   2.0220000e+03   1.5046876e+02   5.3827022e-01
   2.0230000e+03   1.5144125e+02   5.4961420e-01
   2.0240000e+03   1.5338820e+02   5.6090731e-01
   2.0250000e+03   1.5486307e+02   6.2008883e-01
   2.0260000e+03   1.5629250e+02   6.2998216e-01
   2.0270000e+03   1.5756459e+02   6.3863043e-01
   2.0280000e+03   1.5872503e+02   6.4842327e-01
   2.0290000e+03   1.5962738e+02   6.5784704e-01
   2.0300000e+03   1.6129029e+02   6.6720264e-01
   2.0310000e+03   1.6251006e+02   6.7638361e-01
   2.0320000e+03   1.6398288e+02   6.9059844e-01
   2.0330000e+03   1.6534921e+02   7.5024038e-01
   2.0340000e+03   1.6639956e+02   7.5869915e-01
   2.0350000e+03   1.6802259e+02   7.6820607e-01
   2.0360000e+03   1.6930713e+02   7.7629078e-01
   2.0370000e+03   1.7040132e+02   7.8856582e-01
   2.0380000e+03   1.7150260e+02   7.9674415e-01
   2.0390000e+03   1.7265072e+02   8.0450885e-01
   2.0400000e+03   1.7408709e+02   8.1216395e-01
   2.0410000e+03   1.7518345e+02   8.1977700e-01
   2.0420000e+03   1.7620531e+02   8.2773318e-01
   2.0430000e+03   1.7730823e+02   8.3528548e-01
   2.0440000e+03   1.7815776e+02   8.4264625e-01
   2.0450000e+03   1.7926300e+02   8.4998070e-01
   2.0460000e+03   1.8051657e+02   8.5738792e-01
   2.0470000e+03   1.8207315e+02   8.6472170e-01
   2.0480000e+03   1.8349235e+02   8.7194565e-01
   2.0490000e+03   1.8510097e+02   8.9661562e-01
   2.0500000e+03   1.8635615e+02   9.0356135e-01
   2.0510000e+03   1.8755033e+02   9.1046056e-01
   2.0520000e+03   1.8875330e+02   9.1783698e-01
   2.0530000e+03   1.9035294e+02   9.2470062e-01
   2.0540000e+03   1.9168049e+02   9.3142189e-01
   2.0550000e+03   1.9275664e+02   9.3810428e-01
   2.0560000e+03   1.9433894e+02   9.4885779e-01
   2.0570000e+03   1.9567554e+02   9.5543075e-01
   2.0580000e+03   1.9708415e+02   9.6205765e-01
   2.0590000e+03   1.9861041e+02   1.1070971e+00
   2.0600000e+03   1.9972822e+02   1.1132403e+00
   2.0610000e+03   2.0140191e+02   1.1442327e+00
   2.0620000e+03   2.0301391e+02   1.1497774e+00
   2.0630000e+03   2.0404529e+02   1.1552163e+00
   2.0640000e+03   2.0533653e+02   1.1607788e+00
   2.0650000e+03   2.0647411e+02   1.1661664e+00
   2.0660000e+03   2.0763603e+02   1.1721692e+00
   2.0670000e+03   2.0885064e+02   1.1908029e+00
   2.0680000e+03   2.1072684e+02   1.2166400e+00
   2.0690000e+03   2.1254803e+02   1.2348043e+00
   2.0700000e+03   2.1387952e+02   1.2398734e+00
   2.0710000e+03   2.1487200e+02   1.2448738e+00
   2.0720000e+03   2.1605143e+02   1.2499487e+00
   2.0730000e+03   2.1720796e+02   1.2556088e+00
   2.0740000e+03   2.1870340e+02   1.2870190e+00
   2.0750000e+03   2.1990097e+02   1.2919625e+00
   2.0760000e+03   2.2186642e+02   1.8980383e+00
   2.0770000e+03   2.2333575e+02   1.9014632e+00
   2.0780000e+03   2.2464873e+02   1.9048326e+00
   2.0790000e+03   2.2569191e+02   1.9081853e+00
   2.0800000e+03   2.2709169e+02   1.9211945e+00
   2.0810000e+03   2.2881980e+02   1.9246641e+00
   2.0820000e+03   2.2974120e+02   1.9279958e+00
   2.0830000e+03   2.3107300e+02   1.9313566e+00
   2.0840000e+03   2.3252243e+02   2.0585482e+00
   2.0850000e+03   2.3377017e+02   2.0617360e+00
   2.0860000e+03   2.3535723e+02   2.0652659e+00
   2.0870000e+03   2.3681695e+02   2.0684395e+00
   2.0880000e+03   2.3795625e+02   2.0716239e+00
   2.0890000e+03   2.3930437e+02   2.0746634e+00
   2.0900000e+03   2.4065115e+02   2.0779535e+00
   2.0910000e+03   2.4208592e+02   2.0812107e+00
   2.0920000e+03   2.4339840e+02   2.0843183e+00
   2.0930000e+03   2.4495404e+02   2.0876447e+00
   2.0940000e+03   2.4639755e+02   2.0908915e+00
   2.0950000e+03   2.4751896e+02   2.0939206e+00
   2.0960000e+03   2.4876939e+02   2.0972408e+00
   2.0970000e+03   2.5008988e+02   2.1003171e+00
   2.0980000e+03   2.5152818e+02   2.3118452e+00
   2.0990000e+03   2.5238412e+02   2.3144339e+00
   2.1000000e+03   2.5356004e+02   2.3170632e+00
   2.1010000e+03             NaN             NaN
   2.1020000e+03             NaN             NaN
   2.1030000e+03             NaN             NaN
   2.1040000e+03             NaN             NaN
   2.1050000e+03             NaN             NaN
   2.1060000e+03             NaN             NaN
   2.1070000e+03             NaN             NaN
   2.1080000e+03             NaN             NaN
   2.1090000e+03             NaN             NaN
   2.1100000e+03             NaN             NaN
   2.1110000e+03             NaN             NaN
   2.1120000e+03             NaN             NaN
   2.1130000e+03             NaN             NaN
   2.1140000e+03             NaN             NaN
   2.1150000e+03             NaN             NaN
   2.1160000e+03             NaN             NaN
   2.1170000e+03             NaN             NaN
   2.1180000e+03             NaN             NaN
   2.1190000e+03             NaN             NaN
   2.1200000e+03             NaN             NaN
   2.1210000e+03             NaN             NaN
   2.1220000e+03             NaN             NaN
   2.1230000e+03             NaN             NaN
   2.1240000e+03             NaN             NaN
   2.1250000e+03             NaN             NaN
   2.1260000e+03             NaN             NaN
   2.1270000e+03             NaN             NaN
   2.1280000e+03             NaN             NaN
   2.1290000e+03             NaN             NaN
   2.1300000e+03             NaN             NaN
   2.1310000e+03             NaN             NaN
   2.1320000e+03             NaN             NaN
   2.1330000e+03             NaN             NaN
   2.1340000e+03             NaN             NaN
   2.1350000e+03             NaN             NaN
   2.1360000e+03             NaN             NaN
   2.1370000e+03             NaN             NaN
   2.1380000e+03             NaN             NaN
   2.1390000e+03             NaN             NaN
   2.1400000e+03             NaN             NaN
   2.1410000e+03             NaN             NaN
   2.1420000e+03             NaN             NaN
   2.1430000e+03             NaN             NaN
   2.1440000e+03             NaN             NaN
   2.1450000e+03             NaN             NaN
   2.1460000e+03             NaN             NaN
   2.1470000e+03             NaN             NaN
   2.1480000e+03             NaN             NaN
   2.1490000e+03             NaN             NaN
   2.1500000e+03             NaN             NaN
   2.1510000e+03             NaN             NaN
   2.1520000e+03             NaN             NaN
   2.1530000e+03             NaN             NaN
   2.1540000e+03             NaN             NaN
   2.1550000e+03             NaN             NaN
   2.1560000e+03             NaN             NaN
   2.1570000e+03             NaN             NaN
   2.1580000e+03             NaN             NaN
   2.1590000e+03             NaN             NaN
   2.1600000e+03             NaN             NaN
   2.1610000e+03             NaN             NaN
   2.1620000e+03             NaN             NaN
   2.1630000e+03             NaN             NaN
   2.1640000e+03             NaN             NaN
   2.1650000e+03             NaN             NaN
   2.1660000e+03             NaN             NaN
   2.1670000e+03             NaN             NaN
   2.1680000e+03             NaN             NaN
   2.1690000e+03             NaN             NaN
   2.1700000e+03             NaN             NaN
   2.1710000e+03             NaN             NaN
   2.1720000e+03             NaN             NaN
   2.1730000e+03             NaN             NaN
   2.1740000e+03             NaN             NaN
   2.1750000e+03             NaN             NaN
   2.1760000e+03             NaN             NaN
   2.1770000e+03             NaN             NaN
   2.1780000e+03             NaN             NaN
   2.1790000e+03             NaN             NaN
   2.1800000e+03             NaN             NaN
   2.1810000e+03             NaN             NaN
   2.1820000e+03             NaN             NaN
   2.1830000e+03             NaN             NaN
   2.1840000e+03             NaN             NaN
   2.1850000e+03             NaN             NaN
   2.1860000e+03             NaN             NaN
   2.1870000e+03             NaN             NaN
   2.1880000e+03             NaN             NaN
   2.1890000e+03             NaN             NaN
   2.1900000e+03             NaN             NaN
   2.1910000e+03             NaN             NaN
   2.1920000e+03             NaN             NaN
   2.1930000e+03             NaN             NaN
   2.1940000e+03             NaN             NaN
   2.1950000e+03             NaN             NaN
   2.1960000e+03             NaN             NaN
   2.1970000e+03             NaN             NaN
   2.1980000e+03             NaN             NaN
   2.1990000e+03             NaN             NaN
   2.2000000e+03             NaN             NaN
   2.2010000e+03             NaN             NaN
   2.2020000e+03             NaN             NaN
   2.2030000e+03             NaN             NaN
   2.2040000e+03             NaN             NaN
   2.2050000e+03             NaN             NaN
   2.2060000e+03             NaN             NaN
   2.2070000e+03             NaN             NaN
   2.2080000e+03             NaN             NaN
   2.2090000e+03             NaN             NaN
   2.2100000e+03             NaN             NaN
   2.2110000e+03             NaN             NaN
   2.2120000e+03             NaN             NaN
   2.2130000e+03             NaN             NaN
   2.2140000e+03             NaN             NaN
   2.2150000e+03             NaN             NaN
   2.2160000e+03             NaN             NaN
   2.2170000e+03             NaN             NaN
   2.2180000e+03             NaN             NaN
   2.2190000e+03             NaN             NaN
   2.2200000e+03             NaN             NaN
   2.2210000e+03             NaN             NaN
   2.2220000e+03             NaN             NaN
   2.2230000e+03             NaN             NaN
   2.2240000e+03             NaN             NaN
   2.2250000e+03             NaN             NaN
   2.2260000e+03             NaN             NaN
   2.2270000e+03             NaN             NaN
   2.2280000e+03             NaN             NaN
   2.2290000e+03             NaN             NaN
   2.2300000e+03             NaN             NaN
   2.2310000e+03             NaN             NaN
   2.2320000e+03             NaN             NaN
   2.2330000e+03             NaN             NaN
   2.2340000e+03             NaN             NaN
   2.2350000e+03             NaN             NaN
   2.2360000e+03             NaN             NaN
   2.2370000e+03             NaN             NaN
   2.2380000e+03             NaN             NaN
   2.2390000e+03             NaN             NaN
   2.2400000e+03             NaN             NaN
   2.2410000e+03             NaN             NaN
   2.2420000e+03             NaN             NaN
   2.2430000e+03             NaN             NaN
   2.2440000e+03             NaN             NaN
   2.2450000e+03             NaN             NaN
   2.2460000e+03             NaN             NaN
   2.2470000e+03             NaN             NaN
   2.2480000e+03             NaN             NaN
   2.2490000e+03             NaN             NaN
   2.2500000e+03             NaN             NaN
   2.2510000e+03             NaN             NaN
   2.2520000e+03             NaN             NaN
   2.2530000e+03             NaN             NaN
   2.2540000e+03             NaN             NaN
   2.2550000e+03             NaN             NaN
   2.2560000e+03             NaN             NaN
   2.2570000e+03             NaN             NaN
   2.2580000e+03             NaN             NaN
   2.2590000e+03             NaN             NaN
   2.2600000e+03             NaN             NaN
   2.2610000e+03             NaN             NaN
   2.2620000e+03             NaN             NaN
   2.2630000e+03             NaN             NaN
   2.2640000e+03             NaN             NaN
   2.2650000e+03             NaN             NaN
   2.2660000e+03             NaN             NaN
   2.2670000e+03             NaN             NaN
   2.2680000e+03             NaN             NaN
   2.2690000e+03             NaN             NaN
   2.2700000e+03             NaN             NaN
   2.2710000e+03             NaN             NaN
   2.2720000e+03             NaN             NaN
   2.2730000e+03             NaN             NaN
   2.2740000e+03             NaN             NaN
   2.2750000e+03             NaN             NaN
   2.2760000e+03             NaN             NaN
   2.2770000e+03             NaN             NaN
   2.2780000e+03             NaN             NaN
   2.2790000e+03             NaN             NaN
   2.2800000e+03             NaN             NaN
   2.2810000e+03             NaN             NaN
   2.2820000e+03             NaN             NaN
   2.2830000e+03             NaN             NaN
   2.2840000e+03             NaN             NaN
   2.2850000e+03             NaN             NaN
   2.2860000e+03             NaN             NaN
   2.2870000e+03             NaN             NaN
   2.2880000e+03             NaN             NaN
   2.2890000e+03             NaN             NaN
   2.2900000e+03             NaN             NaN
   2.2910000e+03             NaN             NaN
   2.2920000e+03             NaN             NaN
   2.2930000e+03             NaN             NaN
   2.2940000e+03             NaN             NaN
   2.2950000e+03             NaN             NaN
   2.2960000e+03             NaN             NaN
   2.2970000e+03             NaN             NaN
   2.2980000e+03             NaN             NaN
   2.2990000e+03             NaN             NaN
   2.3000000e+03             NaN             NaN
