   1.8500000e+03             NaN             NaN
   1.8510000e+03   2.3837254e+00   5.7112642e+00
   1.8520000e+03   3.9463849e+00   5.6246097e+00
   1.8530000e+03   4.5978413e+00   5.5789007e+00
   1.8540000e+03   4.9835091e+00   5.5434956e+00
   1.8550000e+03   7.6487243e+00   5.5412238e+00
   1.8560000e+03   8.4621367e+00   5.3976049e+00
   1.8570000e+03   9.4765291e+00   5.3961571e+00
   1.8580000e+03   1.0609668e+01   5.3654846e+00
   1.8590000e+03   1.2078934e+01   5.3630326e+00
   1.8600000e+03   1.4396228e+01   5.3332882e+00
   1.8610000e+03   1.5938535e+01   5.2552823e+00
   1.8620000e+03   1.7176587e+01   5.2215506e+00
   1.8630000e+03   1.8715887e+01   5.1915791e+00
   1.8640000e+03   2.0999452e+01   5.1529856e+00
   1.8650000e+03   2.3552178e+01   5.0642614e+00
   1.8660000e+03   2.5769028e+01   5.0294137e+00
   1.8670000e+03   2.7736821e+01   4.9673162e+00
   1.8680000e+03   2.8743179e+01   4.8060677e+00
   1.8690000e+03   2.9946508e+01   4.7748735e+00
   1.8700000e+03   3.1687408e+01   4.7420985e+00
   1.8710000e+03   3.2292897e+01   4.6967539e+00
   1.8720000e+03   3.4158989e+01   4.6655147e+00
   1.8730000e+03   3.5500308e+01   4.5997326e+00
   1.8740000e+03   3.7149433e+01   4.5676200e+00
   1.8750000e+03   3.7582480e+01   4.5659720e+00
   1.8760000e+03   3.9117505e+01   4.5644096e+00
   1.8770000e+03   4.0531675e+01   4.5275938e+00
   1.8780000e+03   4.1562493e+01   4.4856130e+00
   1.8790000e+03   4.3838633e+01   4.4490538e+00
   1.8800000e+03   4.5130245e+01   4.3042727e+00
   1.8810000e+03   4.6855513e+01   4.2733693e+00
   1.8820000e+03   4.7517259e+01   4.2419672e+00
   1.8830000e+03   4.8253676e+01   4.2402642e+00
   1.8840000e+03   5.0125553e+01   4.2129529e+00
   1.8850000e+03   5.0641688e+01   4.1006155e+00
   1.8860000e+03   5.1325011e+01   4.0738815e+00
   1.8870000e+03   5.3119102e+01   4.0444586e+00
   1.8880000e+03   5.3689417e+01   3.8624374e+00
   1.8890000e+03   5.4273203e+01   3.8605684e+00
   1.8900000e+03   5.6047229e+01   3.8325807e+00
   1.8910000e+03   5.6696339e+01   3.7866611e+00
   1.8920000e+03   5.7535489e+01   3.7584239e+00
   1.8930000e+03   5.8425085e+01   3.7564986e+00
   1.8940000e+03   5.9104619e+01   3.7179324e+00
   1.8950000e+03   5.9651892e+01   3.6849691e+00
   1.8960000e+03   6.0037789e+01   3.6830469e+00
   1.8970000e+03   6.0157145e+01   3.6785118e+00
   1.8980000e+03   6.0507016e+01   3.6740090e+00
   1.8990000e+03   6.1465955e+01   3.6508597e+00
   1.9000000e+03   6.3084932e+01   3.6131956e+00
   1.9010000e+03   6.4703243e+01   3.5021057e+00
   1.9020000e+03   6.5679592e+01   3.4069229e+00
   1.9030000e+03   6.7299632e+01   3.3683438e+00
   1.9040000e+03   6.8175946e+01   3.2600903e+00
   1.9050000e+03   6.8990683e+01   3.2579044e+00
   1.9060000e+03   7.0285310e+01   3.2125787e+00
   1.9070000e+03   7.0490652e+01   3.0673876e+00
   1.9080000e+03   7.0859916e+01   3.0651410e+00
   1.9090000e+03   7.1034379e+01   3.0384727e+00
   1.9100000e+03   7.1455456e+01   3.0356036e+00
   1.9110000e+03   7.2230311e+01   3.0123124e+00
   1.9120000e+03   7.2406727e+01   2.9437415e+00
   1.9130000e+03   7.3041697e+01   2.9414125e+00
   1.9140000e+03   7.4477614e+01   2.9021198e+00
   1.9150000e+03   7.5618400e+01   2.8723382e+00
   1.9160000e+03   7.6403933e+01   2.8420204e+00
   1.9170000e+03   7.7446673e+01   2.8396288e+00
   1.9180000e+03   7.8760760e+01   2.8063958e+00
   1.9190000e+03   7.9487920e+01   2.7250609e+00
   1.9200000e+03   8.1217576e+01   2.6959365e+00
   1.9210000e+03   8.2278070e+01   2.4759061e+00
   1.9220000e+03   8.3831994e+01   2.4546676e+00
   1.9230000e+03   8.5003293e+01   2.4176070e+00
   1.9240000e+03   8.6419814e+01   2.3985230e+00
   1.9250000e+03   8.7311659e+01   2.3649328e+00
   1.9260000e+03   8.8773475e+01   2.3438481e+00
   1.9270000e+03   8.9369886e+01   2.2853684e+00
   1.9280000e+03   9.0378350e+01   2.2824538e+00
   1.9290000e+03   9.1808859e+01   2.2558867e+00
   1.9300000e+03   9.2696851e+01   1.9697620e+00
   1.9310000e+03   9.4517950e+01   1.9309899e+00
   1.9320000e+03   9.5844736e+01   1.5471842e+00
   1.9330000e+03   9.6800573e+01   1.4460079e+00
   1.9340000e+03   9.7451825e+01   1.3821369e+00
   1.9350000e+03   9.8422841e+01   1.3755485e+00
   1.9360000e+03   9.9522417e+01   1.3294107e+00
   1.9370000e+03   1.0035729e+02   1.3109090e+00
   1.9380000e+03   1.0170126e+02   1.3057193e+00
   1.9390000e+03   1.0291949e+02   1.2244336e+00
   1.9400000e+03   1.0404205e+02   1.2022958e+00
   1.9410000e+03   1.0475948e+02   1.1615341e+00
   1.9420000e+03   1.0480875e+02   1.1553205e+00
   1.9430000e+03   1.0562623e+02   1.1496149e+00
   1.9440000e+03   1.0678502e+02   1.1305477e+00
   1.9450000e+03   1.0707255e+02   1.0318771e+00
   1.9460000e+03   1.0822723e+02   1.0255838e+00
   1.9470000e+03   1.0915133e+02   9.9931879e-01
   1.9480000e+03   1.1023002e+02   9.0321861e-01
   1.9490000e+03   1.1095941e+02   8.9594751e-01
   1.9500000e+03   1.1166546e+02   8.8536831e-01
   1.9510000e+03   1.1238736e+02   8.7447349e-01
   1.9520000e+03   1.1319028e+02   8.6488558e-01
   1.9530000e+03   1.1418586e+02   8.5541939e-01
   1.9540000e+03   1.1466336e+02   8.3831231e-01
   1.9550000e+03   1.1604128e+02   8.3061660e-01
   1.9560000e+03   1.1710123e+02   8.1553470e-01
   1.9570000e+03   1.1789095e+02   7.8790611e-01
   1.9580000e+03   1.1817913e+02   7.7967107e-01
   1.9590000e+03   1.1956459e+02   7.7139319e-01
   1.9600000e+03   1.1994339e+02   7.6081280e-01
   1.9610000e+03   1.2063515e+02   7.5023227e-01
   1.9620000e+03   1.2105095e+02   7.3970153e-01
   1.9630000e+03   1.2199203e+02   7.2909358e-01
   1.9640000e+03   1.2264670e+02   7.1867851e-01
   1.9650000e+03   1.2318503e+02   7.0796608e-01
   1.9660000e+03   1.2403439e+02   6.9891211e-01
   1.9670000e+03   1.2488821e+02   6.8974963e-01
   1.9680000e+03   1.2531776e+02   6.7885818e-01
   1.9690000e+03   1.2529619e+02   6.6942186e-01
   1.9700000e+03   1.2561352e+02   6.5986262e-01
   1.9710000e+03   1.2630483e+02   6.5020283e-01
   1.9720000e+03   1.2653484e+02   6.4038942e-01
   1.9730000e+03   1.2644418e+02   6.3046747e-01
   1.9740000e+03   1.2708208e+02   6.2036949e-01
   1.9750000e+03   1.2706452e+02   6.1008910e-01
   1.9760000e+03   1.2794322e+02   5.9979579e-01
   1.9770000e+03   1.2813823e+02   5.9071176e-01
   1.9780000e+03   1.2867093e+02   5.8005926e-01
   1.9790000e+03   1.2931967e+02   5.6908835e-01
   1.9800000e+03   1.2964071e+02   5.5797424e-01
   1.9810000e+03   1.3000589e+02   5.4669722e-01
   1.9820000e+03   1.3038816e+02   5.3515280e-01
   1.9830000e+03   1.3092282e+02   5.2295790e-01
   1.9840000e+03   1.3195756e+02   5.1086625e-01
   1.9850000e+03   1.3236695e+02   4.9844292e-01
   1.9860000e+03   1.3287240e+02   4.8566093e-01
   1.9870000e+03   1.3379916e+02   4.7264498e-01
   1.9880000e+03   1.3443248e+02   4.5932792e-01
   1.9890000e+03   1.3599175e+02   4.4557651e-01
   1.9900000e+03   1.3735535e+02   4.3143588e-01
   1.9910000e+03   1.3836485e+02   4.1648362e-01
   1.9920000e+03   1.3884025e+02   4.0130662e-01
   1.9930000e+03   1.3955226e+02   3.8564962e-01
   1.9940000e+03   1.3997660e+02   3.6927922e-01
   1.9950000e+03   1.4023779e+02   3.5231706e-01
   1.9960000e+03   1.4144747e+02   3.3436683e-01
   1.9970000e+03   1.4211009e+02   3.1566899e-01
   1.9980000e+03   1.4254780e+02   2.9554174e-01
   1.9990000e+03   1.4325382e+02   2.7385750e-01
   2.0000000e+03   1.4424219e+02   2.5038893e-01
   2.0010000e+03   1.4556231e+02   2.2461527e-01
   2.0020000e+03   1.4643695e+02   1.9577427e-01
   2.0030000e+03   1.4755827e+02   1.9649024e-01
   2.0040000e+03   1.4890403e+02   1.9742441e-01
   2.0050000e+03   1.5001685e+02   1.9841795e-01
   2.0060000e+03   1.5150673e+02   1.9954386e-01
   2.0070000e+03   1.5224947e+02   2.2315189e-01
   2.0080000e+03   1.5331918e+02   2.4461060e-01
   2.0090000e+03   1.5445794e+02   2.6823534e-01
   2.0100000e+03   1.5564371e+02   2.9015224e-01
   2.0110000e+03   1.5694019e+02   3.1053707e-01
   2.0120000e+03   1.5861827e+02   3.2971591e-01
   2.0130000e+03   1.6001793e+02   3.4778712e-01
   2.0140000e+03   1.6102576e+02   3.6502823e-01
   2.0150000e+03   1.6201939e+02   3.8145981e-01
   2.0160000e+03   1.6358924e+02   3.9729488e-01
   2.0170000e+03   1.6474846e+02   4.1242431e-01
   2.0180000e+03   1.6643214e+02   4.2714545e-01
   2.0190000e+03   1.6819441e+02   4.4131505e-01
   2.0200000e+03   1.6907301e+02   4.5506404e-01
   2.0210000e+03   1.7077282e+02   4.6841014e-01
   2.0220000e+03   1.7241203e+02   4.8590536e-01
   2.0230000e+03   1.7443962e+02   7.0624711e-01
   2.0240000e+03   1.7650399e+02   8.2487064e-01
   2.0250000e+03   1.7829189e+02   8.3246914e-01
   2.0260000e+03   1.8087456e+02   8.4934415e-01
   2.0270000e+03   1.8256682e+02   8.5657235e-01
   2.0280000e+03   1.8477774e+02   8.6406847e-01
   2.0290000e+03   1.8678917e+02   8.7138865e-01
   2.0300000e+03   1.8868975e+02   8.7846290e-01
   2.0310000e+03   1.9066885e+02   8.8551466e-01
   2.0320000e+03   1.9243256e+02   8.9332228e-01
   2.0330000e+03   1.9504338e+02   1.0442028e+00
   2.0340000e+03   1.9730952e+02   1.0643102e+00
   2.0350000e+03   1.9998687e+02   1.0726732e+00
   2.0360000e+03   2.0283635e+02   1.0938938e+00
   2.0370000e+03   2.0542809e+02   1.6694647e+00
   2.0380000e+03   2.0772986e+02   1.6731028e+00
   2.0390000e+03   2.0938645e+02   1.6767280e+00
   2.0400000e+03   2.1127715e+02   1.6803602e+00
   2.0410000e+03   2.1320848e+02   1.6840198e+00
   2.0420000e+03   2.1536389e+02   1.6876227e+00
   2.0430000e+03   2.1732039e+02   1.6912242e+00
   2.0440000e+03   2.1989800e+02   1.6948428e+00
   2.0450000e+03   2.2201831e+02   1.6984870e+00
   2.0460000e+03   2.2426558e+02   1.7021023e+00
   2.0470000e+03   2.2654221e+02   1.7057626e+00
   2.0480000e+03   2.2878608e+02   1.7093696e+00
   2.0490000e+03   2.3103652e+02   1.7130095e+00
   2.0500000e+03   2.3327002e+02   1.7166090e+00
   2.0510000e+03   2.3595060e+02   1.7202198e+00
   2.0520000e+03   2.3834746e+02   1.7237808e+00
   2.0530000e+03   2.4100962e+02   1.7273922e+00
   2.0540000e+03   2.4338700e+02   1.7310305e+00
   2.0550000e+03   2.4605217e+02   1.7347455e+00
   2.0560000e+03   2.4893948e+02   1.7384650e+00
   2.0570000e+03   2.5131668e+02   1.7421180e+00
   2.0580000e+03   2.5334141e+02   1.7456731e+00
   2.0590000e+03   2.5560715e+02   1.7492756e+00
   2.0600000e+03   2.5774458e+02   1.7528247e+00
   2.0610000e+03   2.6037493e+02   1.7565604e+00
   2.0620000e+03   2.6321668e+02   1.7604513e+00
   2.0630000e+03   2.6577011e+02   1.7641875e+00
   2.0640000e+03   2.6892687e+02   1.7680704e+00
   2.0650000e+03   2.7156963e+02   1.7721462e+00
   2.0660000e+03   2.7447103e+02   1.7762155e+00
   2.0670000e+03   2.7721157e+02   1.7800305e+00
   2.0680000e+03   2.8034824e+02   1.7838532e+00
   2.0690000e+03   2.8286589e+02   1.7875998e+00
   2.0700000e+03   2.8562012e+02   1.7915001e+00
   2.0710000e+03   2.8851396e+02   1.7955764e+00
   2.0720000e+03   2.9150390e+02   1.7995674e+00
   2.0730000e+03   2.9448747e+02   1.8035994e+00
   2.0740000e+03   2.9732531e+02   1.8075761e+00
   2.0750000e+03   3.0021730e+02   1.8114236e+00
   2.0760000e+03   3.0314756e+02   1.8155564e+00
   2.0770000e+03   3.0581396e+02   1.8199505e+00
   2.0780000e+03   3.0869261e+02   1.8242639e+00
   2.0790000e+03   3.1142485e+02   1.8282507e+00
   2.0800000e+03   3.1365144e+02   1.8322815e+00
   2.0810000e+03   3.1620423e+02   1.8368538e+00
   2.0820000e+03   3.1865519e+02   1.8413257e+00
   2.0830000e+03   3.2150691e+02   1.8465181e+00
   2.0840000e+03   3.2397368e+02   1.8513873e+00
   2.0850000e+03   3.2650512e+02   1.8560433e+00
   2.0860000e+03   3.2888773e+02   1.8616312e+00
   2.0870000e+03   3.3176238e+02   1.8672699e+00
   2.0880000e+03   3.3453666e+02   1.8739836e+00
   2.0890000e+03   3.3707135e+02   1.8825763e+00
   2.0900000e+03   3.3955409e+02   1.8903577e+00
   2.0910000e+03   3.4228563e+02   1.8941409e+00
   2.0920000e+03   3.4479277e+02   1.8977920e+00
   2.0930000e+03   3.4714081e+02   1.9013039e+00
   2.0940000e+03   3.4953174e+02   1.9050285e+00
   2.0950000e+03   3.5205681e+02   1.9086176e+00
   2.0960000e+03   3.5483007e+02   1.9122011e+00
   2.0970000e+03   3.5771576e+02   1.9157944e+00
   2.0980000e+03   3.6007808e+02   1.9195717e+00
   2.0990000e+03   3.6252770e+02   1.9234003e+00
   2.1000000e+03   3.6513039e+02   1.9266053e+00
   2.1010000e+03             NaN             NaN
   2.1020000e+03             NaN             NaN
   2.1030000e+03             NaN             NaN
   2.1040000e+03             NaN             NaN
   2.1050000e+03             NaN             NaN
   2.1060000e+03             NaN             NaN
   2.1070000e+03             NaN             NaN
   2.1080000e+03             NaN             NaN
   2.1090000e+03             NaN             NaN
   2.1100000e+03             NaN             NaN
   2.1110000e+03             NaN             NaN
   2.1120000e+03             NaN             NaN
   2.1130000e+03             NaN             NaN
   2.1140000e+03             NaN             NaN
   2.1150000e+03             NaN             NaN
   2.1160000e+03             NaN             NaN
   2.1170000e+03             NaN             NaN
   2.1180000e+03             NaN             NaN
   2.1190000e+03             NaN             NaN
   2.1200000e+03             NaN             NaN
   2.1210000e+03             NaN             NaN
   2.1220000e+03             NaN             NaN
   2.1230000e+03             NaN             NaN
   2.1240000e+03             NaN             NaN
   2.1250000e+03             NaN             NaN
   2.1260000e+03             NaN             NaN
   2.1270000e+03             NaN             NaN
   2.1280000e+03             NaN             NaN
   2.1290000e+03             NaN             NaN
   2.1300000e+03             NaN             NaN
   2.1310000e+03             NaN             NaN
   2.1320000e+03             NaN             NaN
   2.1330000e+03             NaN             NaN
   2.1340000e+03             NaN             NaN
   2.1350000e+03             NaN             NaN
   2.1360000e+03             NaN             NaN
   2.1370000e+03             NaN             NaN
   2.1380000e+03             NaN             NaN
   2.1390000e+03             NaN             NaN
   2.1400000e+03             NaN             NaN
   2.1410000e+03             NaN             NaN
   2.1420000e+03             NaN             NaN
   2.1430000e+03             NaN             NaN
   2.1440000e+03             NaN             NaN
   2.1450000e+03             NaN             NaN
   2.1460000e+03             NaN             NaN
   2.1470000e+03             NaN             NaN
   2.1480000e+03             NaN             NaN
   2.1490000e+03             NaN             NaN
   2.1500000e+03             NaN             NaN
   2.1510000e+03             NaN             NaN
   2.1520000e+03             NaN             NaN
   2.1530000e+03             NaN             NaN
   2.1540000e+03             NaN             NaN
   2.1550000e+03             NaN             NaN
   2.1560000e+03             NaN             NaN
   2.1570000e+03             NaN             NaN
   2.1580000e+03             NaN             NaN
   2.1590000e+03             NaN             NaN
   2.1600000e+03             NaN             NaN
   2.1610000e+03             NaN             NaN
   2.1620000e+03             NaN             NaN
   2.1630000e+03             NaN             NaN
   2.1640000e+03             NaN             NaN
   2.1650000e+03             NaN             NaN
   2.1660000e+03             NaN             NaN
   2.1670000e+03             NaN             NaN
   2.1680000e+03             NaN             NaN
   2.1690000e+03             NaN             NaN
   2.1700000e+03             NaN             NaN
   2.1710000e+03             NaN             NaN
   2.1720000e+03             NaN             NaN
   2.1730000e+03             NaN             NaN
   2.1740000e+03             NaN             NaN
   2.1750000e+03             NaN             NaN
   2.1760000e+03             NaN             NaN
   2.1770000e+03             NaN             NaN
   2.1780000e+03             NaN             NaN
   2.1790000e+03             NaN             NaN
   2.1800000e+03             NaN             NaN
   2.1810000e+03             NaN             NaN
   2.1820000e+03             NaN             NaN
   2.1830000e+03             NaN             NaN
   2.1840000e+03             NaN             NaN
   2.1850000e+03             NaN             NaN
   2.1860000e+03             NaN             NaN
   2.1870000e+03             NaN             NaN
   2.1880000e+03             NaN             NaN
   2.1890000e+03             NaN             NaN
   2.1900000e+03             NaN             NaN
   2.1910000e+03             NaN             NaN
   2.1920000e+03             NaN             NaN
   2.1930000e+03             NaN             NaN
   2.1940000e+03             NaN             NaN
   2.1950000e+03             NaN             NaN
   2.1960000e+03             NaN             NaN
   2.1970000e+03             NaN             NaN
   2.1980000e+03             NaN             NaN
   2.1990000e+03             NaN             NaN
   2.2000000e+03             NaN             NaN
   2.2010000e+03             NaN             NaN
   2.2020000e+03             NaN             NaN
   2.2030000e+03             NaN             NaN
   2.2040000e+03             NaN             NaN
   2.2050000e+03             NaN             NaN
   2.2060000e+03             NaN             NaN
   2.2070000e+03             NaN             NaN
   2.2080000e+03             NaN             NaN
   2.2090000e+03             NaN             NaN
   2.2100000e+03             NaN             NaN
   2.2110000e+03             NaN             NaN
   2.2120000e+03             NaN             NaN
   2.2130000e+03             NaN             NaN
   2.2140000e+03             NaN             NaN
   2.2150000e+03             NaN             NaN
   2.2160000e+03             NaN             NaN
   2.2170000e+03             NaN             NaN
   2.2180000e+03             NaN             NaN
   2.2190000e+03             NaN             NaN
   2.2200000e+03             NaN             NaN
   2.2210000e+03             NaN             NaN
   2.2220000e+03             NaN             NaN
   2.2230000e+03             NaN             NaN
   2.2240000e+03             NaN             NaN
   2.2250000e+03             NaN             NaN
   2.2260000e+03             NaN             NaN
   2.2270000e+03             NaN             NaN
   2.2280000e+03             NaN             NaN
   2.2290000e+03             NaN             NaN
   2.2300000e+03             NaN             NaN
   2.2310000e+03             NaN             NaN
   2.2320000e+03             NaN             NaN
   2.2330000e+03             NaN             NaN
   2.2340000e+03             NaN             NaN
   2.2350000e+03             NaN             NaN
   2.2360000e+03             NaN             NaN
   2.2370000e+03             NaN             NaN
   2.2380000e+03             NaN             NaN
   2.2390000e+03             NaN             NaN
   2.2400000e+03             NaN             NaN
   2.2410000e+03             NaN             NaN
   2.2420000e+03             NaN             NaN
   2.2430000e+03             NaN             NaN
   2.2440000e+03             NaN             NaN
   2.2450000e+03             NaN             NaN
   2.2460000e+03             NaN             NaN
   2.2470000e+03             NaN             NaN
   2.2480000e+03             NaN             NaN
   2.2490000e+03             NaN             NaN
   2.2500000e+03             NaN             NaN
   2.2510000e+03             NaN             NaN
   2.2520000e+03             NaN             NaN
   2.2530000e+03             NaN             NaN
   2.2540000e+03             NaN             NaN
   2.2550000e+03             NaN             NaN
   2.2560000e+03             NaN             NaN
   2.2570000e+03             NaN             NaN
   2.2580000e+03             NaN             NaN
   2.2590000e+03             NaN             NaN
   2.2600000e+03             NaN             NaN
   2.2610000e+03             NaN             NaN
   2.2620000e+03             NaN             NaN
   2.2630000e+03             NaN             NaN
   2.2640000e+03             NaN             NaN
   2.2650000e+03             NaN             NaN
   2.2660000e+03             NaN             NaN
   2.2670000e+03             NaN             NaN
   2.2680000e+03             NaN             NaN
   2.2690000e+03             NaN             NaN
   2.2700000e+03             NaN             NaN
   2.2710000e+03             NaN             NaN
   2.2720000e+03             NaN             NaN
   2.2730000e+03             NaN             NaN
   2.2740000e+03             NaN             NaN
   2.2750000e+03             NaN             NaN
   2.2760000e+03             NaN             NaN
   2.2770000e+03             NaN             NaN
   2.2780000e+03             NaN             NaN
   2.2790000e+03             NaN             NaN
   2.2800000e+03             NaN             NaN
   2.2810000e+03             NaN             NaN
   2.2820000e+03             NaN             NaN
   2.2830000e+03             NaN             NaN
   2.2840000e+03             NaN             NaN
   2.2850000e+03             NaN             NaN
   2.2860000e+03             NaN             NaN
   2.2870000e+03             NaN             NaN
   2.2880000e+03             NaN             NaN
   2.2890000e+03             NaN             NaN
   2.2900000e+03             NaN             NaN
   2.2910000e+03             NaN             NaN
   2.2920000e+03             NaN             NaN
   2.2930000e+03             NaN             NaN
   2.2940000e+03             NaN             NaN
   2.2950000e+03             NaN             NaN
   2.2960000e+03             NaN             NaN
   2.2970000e+03             NaN             NaN
   2.2980000e+03             NaN             NaN
   2.2990000e+03             NaN             NaN
   2.3000000e+03             NaN             NaN
