   1.8500000e+03             NaN             NaN
   1.8510000e+03   1.2885682e+00   2.5230229e+00
   1.8520000e+03   2.2835182e+00   2.5067122e+00
   1.8530000e+03   3.7111125e+00   2.4762970e+00
   1.8540000e+03   5.6844593e+00   2.4580431e+00
   1.8550000e+03   7.3332256e+00   2.4379766e+00
   1.8560000e+03   8.7176067e+00   2.4203812e+00
   1.8570000e+03   9.8004510e+00   2.4045438e+00
   1.8580000e+03   1.0460470e+01   2.3893376e+00
   1.8590000e+03   1.1308347e+01   2.3862980e+00
   1.8600000e+03   1.2388887e+01   2.3778173e+00
   1.8610000e+03   1.3909081e+01   2.3618128e+00
   1.8620000e+03   1.5027688e+01   2.3464240e+00
   1.8630000e+03   1.6324840e+01   2.3358102e+00
   1.8640000e+03   1.7608440e+01   2.3273871e+00
   1.8650000e+03   1.8093062e+01   2.3122469e+00
   1.8660000e+03   1.9123077e+01   2.2967207e+00
   1.8670000e+03   2.0147898e+01   2.2812319e+00
   1.8680000e+03   2.1779739e+01   2.2549355e+00
   1.8690000e+03   2.3655550e+01   2.2343871e+00
   1.8700000e+03   2.5124116e+01   2.2068460e+00
   1.8710000e+03   2.7351800e+01   2.1916601e+00
   1.8720000e+03   2.8894192e+01   2.1552899e+00
   1.8730000e+03   3.0887304e+01   2.1293166e+00
   1.8740000e+03   3.1645123e+01   2.0812821e+00
   1.8750000e+03   3.2241639e+01   2.0720984e+00
   1.8760000e+03   3.3018538e+01   2.0470870e+00
   1.8770000e+03   3.4066063e+01   2.0369378e+00
   1.8780000e+03   3.5428708e+01   2.0128082e+00
   1.8790000e+03   3.6346220e+01   1.9995954e+00
   1.8800000e+03   3.7745965e+01   1.9889943e+00
   1.8810000e+03   3.9114997e+01   1.9607933e+00
   1.8820000e+03   3.9853812e+01   1.9268514e+00
   1.8830000e+03   4.1490473e+01   1.9126560e+00
   1.8840000e+03   4.2780390e+01   1.8921403e+00
   1.8850000e+03   4.3451162e+01   1.8823014e+00
   1.8860000e+03   4.3921418e+01   1.8678795e+00
   1.8870000e+03   4.4748851e+01   1.8559816e+00
   1.8880000e+03   4.5394954e+01   1.8454351e+00
   1.8890000e+03   4.6565091e+01   1.8372762e+00
   1.8900000e+03   4.8213965e+01   1.8134698e+00
   1.8910000e+03   4.8965893e+01   1.8096208e+00
   1.8920000e+03   4.9999789e+01   1.8016139e+00
   1.8930000e+03   5.0638289e+01   1.7790907e+00
   1.8940000e+03   5.1767427e+01   1.7513780e+00
   1.8950000e+03   5.3599452e+01   1.7185073e+00
   1.8960000e+03   5.5037060e+01   1.6888724e+00
   1.8970000e+03   5.6521142e+01   1.6683721e+00
   1.8980000e+03   5.7085731e+01   1.6438097e+00
   1.8990000e+03   5.8453376e+01   1.6398144e+00
   1.9000000e+03   6.0990246e+01   1.6091218e+00
   1.9010000e+03   6.2107842e+01   1.5592289e+00
   1.9020000e+03   6.3193000e+01   1.5441862e+00
   1.9030000e+03   6.3927259e+01   1.5165741e+00
   1.9040000e+03   6.4549405e+01   1.5089151e+00
   1.9050000e+03   6.5702878e+01   1.4978367e+00
   1.9060000e+03   6.6571221e+01   1.4818686e+00
   1.9070000e+03   6.7242615e+01   1.4574670e+00
   1.9080000e+03   6.8084484e+01   1.4421052e+00
   1.9090000e+03   6.9295129e+01   1.4372879e+00
   1.9100000e+03   6.9579753e+01   1.4152898e+00
   1.9110000e+03   7.0690545e+01   1.3965528e+00
   1.9120000e+03   7.2572917e+01   1.3794761e+00
   1.9130000e+03   7.3409617e+01   1.3553951e+00
   1.9140000e+03   7.4215641e+01   1.3385570e+00
   1.9150000e+03   7.4756607e+01   1.3026990e+00
   1.9160000e+03   7.5245871e+01   1.2906745e+00
   1.9170000e+03   7.5696434e+01   1.2853735e+00
   1.9180000e+03   7.6767502e+01   1.2771146e+00
   1.9190000e+03   7.7800071e+01   1.2648276e+00
   1.9200000e+03   7.8625981e+01   1.2381481e+00
   1.9210000e+03   8.0038302e+01   1.2295713e+00
   1.9220000e+03   8.1216555e+01   1.2205351e+00
   1.9230000e+03   8.2883284e+01   1.2149698e+00
   1.9240000e+03   8.5254738e+01   1.2029034e+00
   1.9250000e+03   8.7182071e+01   1.1838511e+00
   1.9260000e+03   8.8381109e+01   1.1715582e+00
   1.9270000e+03   8.9249299e+01   1.1638501e+00
   1.9280000e+03   8.9930673e+01   1.1526666e+00
   1.9290000e+03   9.1090226e+01   1.1469742e+00
   1.9300000e+03   9.1778610e+01   1.1063563e+00
   1.9310000e+03   9.3052852e+01   1.1003816e+00
   1.9320000e+03   9.4390346e+01   1.0857729e+00
   1.9330000e+03   9.5405752e+01   1.0790242e+00
   1.9340000e+03   9.5939894e+01   1.0517031e+00
   1.9350000e+03   9.6017547e+01   1.0408582e+00
   1.9360000e+03   9.6750761e+01   1.0332160e+00
   1.9370000e+03   9.8416506e+01   1.0186953e+00
   1.9380000e+03   9.9019619e+01   1.0047611e+00
   1.9390000e+03   9.9270090e+01   9.9826754e-01
   1.9400000e+03   1.0043288e+02   9.8553277e-01
   1.9410000e+03   1.0157034e+02   9.7271340e-01
   1.9420000e+03   1.0172608e+02   9.6601245e-01
   1.9430000e+03   1.0292972e+02   9.6003624e-01
   1.9440000e+03   1.0395852e+02   9.5328068e-01
   1.9450000e+03   1.0523961e+02   9.4661505e-01
   1.9460000e+03   1.0595181e+02   9.2864321e-01
   1.9470000e+03   1.0662234e+02   9.2055382e-01
   1.9480000e+03   1.0723578e+02   9.0725727e-01
   1.9490000e+03   1.0778068e+02   9.0002753e-01
   1.9500000e+03   1.0866735e+02   8.9290914e-01
   1.9510000e+03   1.0991516e+02   8.8489110e-01
   1.9520000e+03   1.1158243e+02   8.7769974e-01
   1.9530000e+03   1.1240873e+02   8.6765230e-01
   1.9540000e+03   1.1305870e+02   8.6027407e-01
   1.9550000e+03   1.1416243e+02   8.5293673e-01
   1.9560000e+03   1.1494709e+02   8.4549790e-01
   1.9570000e+03   1.1612304e+02   8.3672499e-01
   1.9580000e+03   1.1611102e+02   7.7177395e-01
   1.9590000e+03   1.1689641e+02   7.6356549e-01
   1.9600000e+03   1.1812242e+02   7.5533362e-01
   1.9610000e+03   1.1945622e+02   7.4604339e-01
   1.9620000e+03   1.1958770e+02   7.3749168e-01
   1.9630000e+03   1.1971496e+02   7.2801910e-01
   1.9640000e+03   1.1981751e+02   7.1935454e-01
   1.9650000e+03   1.2051513e+02   7.1064555e-01
   1.9660000e+03   1.2164686e+02   7.0171147e-01
   1.9670000e+03   1.2210201e+02   6.9269677e-01
   1.9680000e+03   1.2210432e+02   6.8316458e-01
   1.9690000e+03   1.2246289e+02   6.7397821e-01
   1.9700000e+03   1.2280120e+02   6.6466717e-01
   1.9710000e+03   1.2322093e+02   6.5531302e-01
   1.9720000e+03   1.2345918e+02   6.4603321e-01
   1.9730000e+03   1.2358444e+02   6.3623780e-01
   1.9740000e+03   1.2369635e+02   6.2582844e-01
   1.9750000e+03   1.2455310e+02   6.1580181e-01
   1.9760000e+03   1.2556803e+02   6.0595786e-01
   1.9770000e+03   1.2620114e+02   5.9535177e-01
   1.9780000e+03   1.2658207e+02   5.8471304e-01
   1.9790000e+03   1.2686231e+02   5.7399622e-01
   1.9800000e+03   1.2780814e+02   5.6313390e-01
   1.9810000e+03   1.2894666e+02   5.5201265e-01
   1.9820000e+03   1.2983690e+02   5.3913131e-01
   1.9830000e+03   1.2962504e+02   5.2759106e-01
   1.9840000e+03   1.2982925e+02   5.1590315e-01
   1.9850000e+03   1.2999242e+02   5.0384481e-01
   1.9860000e+03   1.3045946e+02   4.9144451e-01
   1.9870000e+03   1.3118682e+02   4.7858398e-01
   1.9880000e+03   1.3184644e+02   4.6552934e-01
   1.9890000e+03   1.3221190e+02   4.5210063e-01
   1.9900000e+03   1.3299084e+02   4.3822682e-01
   1.9910000e+03   1.3355391e+02   4.2393844e-01
   1.9920000e+03   1.3408595e+02   4.0923241e-01
   1.9930000e+03   1.3498688e+02   3.9429955e-01
   1.9940000e+03   1.3542042e+02   3.7850910e-01
   1.9950000e+03   1.3589344e+02   3.6191241e-01
   1.9960000e+03   1.3650785e+02   3.4471498e-01
   1.9970000e+03   1.3721448e+02   3.2641670e-01
   1.9980000e+03   1.3868795e+02   3.0699637e-01
   1.9990000e+03   1.4064392e+02   2.8448658e-01
   2.0000000e+03   1.4216303e+02   2.5651328e-01
   2.0010000e+03   1.4327411e+02   2.3023405e-01
   2.0020000e+03   1.4433025e+02   2.0107788e-01
   2.0030000e+03   1.4641097e+02   2.0173429e-01
   2.0040000e+03   1.4907737e+02   2.0251612e-01
   2.0050000e+03   1.5147996e+02   1.9775404e-01
   2.0060000e+03   1.5294050e+02   1.9862341e-01
   2.0070000e+03   1.5404515e+02   2.2237302e-01
   2.0080000e+03   1.5560251e+02   2.4466310e-01
   2.0090000e+03   1.5761280e+02   2.6849668e-01
   2.0100000e+03   1.5917932e+02   2.9043655e-01
   2.0110000e+03   1.5995899e+02   3.1060395e-01
   2.0120000e+03   1.6144940e+02   3.2967404e-01
   2.0130000e+03   1.6337293e+02   3.4946777e-01
   2.0140000e+03   1.6543515e+02   3.6994906e-01
   2.0150000e+03   1.6684932e+02   3.8611043e-01
   2.0160000e+03   1.6771861e+02   4.0162081e-01
   2.0170000e+03   1.6834401e+02   4.1646466e-01
   2.0180000e+03   1.6953498e+02   4.3107491e-01
   2.0190000e+03   1.7140856e+02   4.5230892e-01
   2.0200000e+03   1.7396112e+02   4.6969764e-01
   2.0210000e+03   1.7642180e+02   4.8951277e-01
   2.0220000e+03   1.7824284e+02   5.0187604e-01
   2.0230000e+03   1.7985149e+02   5.2363062e-01
   2.0240000e+03   1.8153681e+02   5.3809837e-01
   2.0250000e+03   1.8290778e+02   5.4935446e-01
   2.0260000e+03   1.8425971e+02   5.6240627e-01
   2.0270000e+03   1.8565967e+02   5.7380613e-01
   2.0280000e+03   1.8801045e+02   5.9419226e-01
   2.0290000e+03   1.8967854e+02   6.0889693e-01
   2.0300000e+03   1.9075208e+02   6.1881675e-01
   2.0310000e+03   1.9179086e+02   6.3347110e-01
   2.0320000e+03   1.9315164e+02   6.4340982e-01
   2.0330000e+03   1.9554695e+02   7.3146340e-01
   2.0340000e+03   1.9775822e+02   7.4113259e-01
   2.0350000e+03   2.0021508e+02   7.5108035e-01
   2.0360000e+03   2.0191514e+02   7.5984454e-01
   2.0370000e+03   2.0357116e+02   7.6917429e-01
   2.0380000e+03   2.0524832e+02   7.9582935e-01
   2.0390000e+03   2.0722191e+02   8.0921402e-01
   2.0400000e+03   2.0928489e+02   1.0302911e+00
   2.0410000e+03   2.1175370e+02   1.2407284e+00
   2.0420000e+03   2.1425851e+02   1.2478718e+00
   2.0430000e+03   2.1664890e+02   1.2818779e+00
   2.0440000e+03   2.1926476e+02   1.3202250e+00
   2.0450000e+03   2.2135381e+02   1.4980723e+00
   2.0460000e+03   2.2315174e+02   1.5340221e+00
   2.0470000e+03   2.2524400e+02   1.5820817e+00
   2.0480000e+03   2.2836426e+02   1.6084658e+00
   2.0490000e+03   2.3057146e+02   1.7178636e+00
   2.0500000e+03   2.3264041e+02   1.7235212e+00
   2.0510000e+03   2.3452518e+02   1.7484570e+00
   2.0520000e+03   2.3705502e+02   1.8062636e+00
   2.0530000e+03   2.3994911e+02   1.9156873e+00
   2.0540000e+03   2.4337165e+02   2.0339657e+00
   2.0550000e+03   2.4703493e+02   2.1257721e+00
   2.0560000e+03   2.5087197e+02   2.2783508e+00
   2.0570000e+03   2.5325233e+02   2.3008357e+00
   2.0580000e+03   2.5588623e+02   2.3262351e+00
   2.0590000e+03   2.5879485e+02   2.3896641e+00
   2.0600000e+03   2.6240405e+02   2.5831414e+00
   2.0610000e+03   2.6549624e+02   2.7607821e+00
   2.0620000e+03   2.6812248e+02   2.8603797e+00
   2.0630000e+03   2.7090193e+02   2.9686297e+00
   2.0640000e+03   2.7420515e+02   3.2188796e+00
   2.0650000e+03   2.7794364e+02   3.3927098e+00
   2.0660000e+03   2.8182109e+02   3.6400283e+00
   2.0670000e+03   2.8578490e+02   4.0092489e+00
   2.0680000e+03   2.8933630e+02   4.5217455e+00
   2.0690000e+03   2.9262520e+02   4.8548779e+00
   2.0700000e+03   2.9578455e+02   5.2404999e+00
   2.0710000e+03   2.9992366e+02   5.3626660e+00
   2.0720000e+03   3.0275025e+02   5.3661489e+00
   2.0730000e+03   3.0606864e+02   5.3712091e+00
   2.0740000e+03   3.0907047e+02   5.3768583e+00
   2.0750000e+03   3.1211720e+02   5.3809284e+00
   2.0760000e+03   3.1582247e+02   5.3901050e+00
   2.0770000e+03   3.1962482e+02   5.3973255e+00
   2.0780000e+03   3.2262033e+02   5.4030724e+00
   2.0790000e+03   3.2614079e+02   5.4106604e+00
   2.0800000e+03   3.2902115e+02   5.4152060e+00
   2.0810000e+03   3.3241799e+02   5.4227202e+00
   2.0820000e+03   3.3641283e+02   5.4322820e+00
   2.0830000e+03   3.4008046e+02   5.4377827e+00
   2.0840000e+03   3.4366974e+02   5.4435119e+00
   2.0850000e+03   3.4678053e+02   5.4463826e+00
   2.0860000e+03   3.4990745e+02   5.4475215e+00
   2.0870000e+03   3.5352471e+02   5.4487147e+00
   2.0880000e+03   3.5684507e+02   5.4499094e+00
   2.0890000e+03   3.6009071e+02   5.4511090e+00
   2.0900000e+03   3.6331678e+02   5.4522611e+00
   2.0910000e+03   3.6683526e+02   5.4534767e+00
   2.0920000e+03   3.7055517e+02   5.4547187e+00
   2.0930000e+03   3.7328225e+02   5.4558630e+00
   2.0940000e+03   3.7578369e+02   5.4570158e+00
   2.0950000e+03   3.7909755e+02   5.4582397e+00
   2.0960000e+03   3.8203768e+02   5.4594642e+00
   2.0970000e+03   3.8510262e+02   5.4607385e+00
   2.0980000e+03   3.8837140e+02   5.4620667e+00
   2.0990000e+03   3.9182437e+02   5.4633963e+00
   2.1000000e+03   3.9495677e+02   5.4647432e+00
   2.1010000e+03             NaN             NaN
   2.1020000e+03             NaN             NaN
   2.1030000e+03             NaN             NaN
   2.1040000e+03             NaN             NaN
   2.1050000e+03             NaN             NaN
   2.1060000e+03             NaN             NaN
   2.1070000e+03             NaN             NaN
   2.1080000e+03             NaN             NaN
   2.1090000e+03             NaN             NaN
   2.1100000e+03             NaN             NaN
   2.1110000e+03             NaN             NaN
   2.1120000e+03             NaN             NaN
   2.1130000e+03             NaN             NaN
   2.1140000e+03             NaN             NaN
   2.1150000e+03             NaN             NaN
   2.1160000e+03             NaN             NaN
   2.1170000e+03             NaN             NaN
   2.1180000e+03             NaN             NaN
   2.1190000e+03             NaN             NaN
   2.1200000e+03             NaN             NaN
   2.1210000e+03             NaN             NaN
   2.1220000e+03             NaN             NaN
   2.1230000e+03             NaN             NaN
   2.1240000e+03             NaN             NaN
   2.1250000e+03             NaN             NaN
   2.1260000e+03             NaN             NaN
   2.1270000e+03             NaN             NaN
   2.1280000e+03             NaN             NaN
   2.1290000e+03             NaN             NaN
   2.1300000e+03             NaN             NaN
   2.1310000e+03             NaN             NaN
   2.1320000e+03             NaN             NaN
   2.1330000e+03             NaN             NaN
   2.1340000e+03             NaN             NaN
   2.1350000e+03             NaN             NaN
   2.1360000e+03             NaN             NaN
   2.1370000e+03             NaN             NaN
   2.1380000e+03             NaN             NaN
   2.1390000e+03             NaN             NaN
   2.1400000e+03             NaN             NaN
   2.1410000e+03             NaN             NaN
   2.1420000e+03             NaN             NaN
   2.1430000e+03             NaN             NaN
   2.1440000e+03             NaN             NaN
   2.1450000e+03             NaN             NaN
   2.1460000e+03             NaN             NaN
   2.1470000e+03             NaN             NaN
   2.1480000e+03             NaN             NaN
   2.1490000e+03             NaN             NaN
   2.1500000e+03             NaN             NaN
   2.1510000e+03             NaN             NaN
   2.1520000e+03             NaN             NaN
   2.1530000e+03             NaN             NaN
   2.1540000e+03             NaN             NaN
   2.1550000e+03             NaN             NaN
   2.1560000e+03             NaN             NaN
   2.1570000e+03             NaN             NaN
   2.1580000e+03             NaN             NaN
   2.1590000e+03             NaN             NaN
   2.1600000e+03             NaN             NaN
   2.1610000e+03             NaN             NaN
   2.1620000e+03             NaN             NaN
   2.1630000e+03             NaN             NaN
   2.1640000e+03             NaN             NaN
   2.1650000e+03             NaN             NaN
   2.1660000e+03             NaN             NaN
   2.1670000e+03             NaN             NaN
   2.1680000e+03             NaN             NaN
   2.1690000e+03             NaN             NaN
   2.1700000e+03             NaN             NaN
   2.1710000e+03             NaN             NaN
   2.1720000e+03             NaN             NaN
   2.1730000e+03             NaN             NaN
   2.1740000e+03             NaN             NaN
   2.1750000e+03             NaN             NaN
   2.1760000e+03             NaN             NaN
   2.1770000e+03             NaN             NaN
   2.1780000e+03             NaN             NaN
   2.1790000e+03             NaN             NaN
   2.1800000e+03             NaN             NaN
   2.1810000e+03             NaN             NaN
   2.1820000e+03             NaN             NaN
   2.1830000e+03             NaN             NaN
   2.1840000e+03             NaN             NaN
   2.1850000e+03             NaN             NaN
   2.1860000e+03             NaN             NaN
   2.1870000e+03             NaN             NaN
   2.1880000e+03             NaN             NaN
   2.1890000e+03             NaN             NaN
   2.1900000e+03             NaN             NaN
   2.1910000e+03             NaN             NaN
   2.1920000e+03             NaN             NaN
   2.1930000e+03             NaN             NaN
   2.1940000e+03             NaN             NaN
   2.1950000e+03             NaN             NaN
   2.1960000e+03             NaN             NaN
   2.1970000e+03             NaN             NaN
   2.1980000e+03             NaN             NaN
   2.1990000e+03             NaN             NaN
   2.2000000e+03             NaN             NaN
   2.2010000e+03             NaN             NaN
   2.2020000e+03             NaN             NaN
   2.2030000e+03             NaN             NaN
   2.2040000e+03             NaN             NaN
   2.2050000e+03             NaN             NaN
   2.2060000e+03             NaN             NaN
   2.2070000e+03             NaN             NaN
   2.2080000e+03             NaN             NaN
   2.2090000e+03             NaN             NaN
   2.2100000e+03             NaN             NaN
   2.2110000e+03             NaN             NaN
   2.2120000e+03             NaN             NaN
   2.2130000e+03             NaN             NaN
   2.2140000e+03             NaN             NaN
   2.2150000e+03             NaN             NaN
   2.2160000e+03             NaN             NaN
   2.2170000e+03             NaN             NaN
   2.2180000e+03             NaN             NaN
   2.2190000e+03             NaN             NaN
   2.2200000e+03             NaN             NaN
   2.2210000e+03             NaN             NaN
   2.2220000e+03             NaN             NaN
   2.2230000e+03             NaN             NaN
   2.2240000e+03             NaN             NaN
   2.2250000e+03             NaN             NaN
   2.2260000e+03             NaN             NaN
   2.2270000e+03             NaN             NaN
   2.2280000e+03             NaN             NaN
   2.2290000e+03             NaN             NaN
   2.2300000e+03             NaN             NaN
   2.2310000e+03             NaN             NaN
   2.2320000e+03             NaN             NaN
   2.2330000e+03             NaN             NaN
   2.2340000e+03             NaN             NaN
   2.2350000e+03             NaN             NaN
   2.2360000e+03             NaN             NaN
   2.2370000e+03             NaN             NaN
   2.2380000e+03             NaN             NaN
   2.2390000e+03             NaN             NaN
   2.2400000e+03             NaN             NaN
   2.2410000e+03             NaN             NaN
   2.2420000e+03             NaN             NaN
   2.2430000e+03             NaN             NaN
   2.2440000e+03             NaN             NaN
   2.2450000e+03             NaN             NaN
   2.2460000e+03             NaN             NaN
   2.2470000e+03             NaN             NaN
   2.2480000e+03             NaN             NaN
   2.2490000e+03             NaN             NaN
   2.2500000e+03             NaN             NaN
   2.2510000e+03             NaN             NaN
   2.2520000e+03             NaN             NaN
   2.2530000e+03             NaN             NaN
   2.2540000e+03             NaN             NaN
   2.2550000e+03             NaN             NaN
   2.2560000e+03             NaN             NaN
   2.2570000e+03             NaN             NaN
   2.2580000e+03             NaN             NaN
   2.2590000e+03             NaN             NaN
   2.2600000e+03             NaN             NaN
   2.2610000e+03             NaN             NaN
   2.2620000e+03             NaN             NaN
   2.2630000e+03             NaN             NaN
   2.2640000e+03             NaN             NaN
   2.2650000e+03             NaN             NaN
   2.2660000e+03             NaN             NaN
   2.2670000e+03             NaN             NaN
   2.2680000e+03             NaN             NaN
   2.2690000e+03             NaN             NaN
   2.2700000e+03             NaN             NaN
   2.2710000e+03             NaN             NaN
   2.2720000e+03             NaN             NaN
   2.2730000e+03             NaN             NaN
   2.2740000e+03             NaN             NaN
   2.2750000e+03             NaN             NaN
   2.2760000e+03             NaN             NaN
   2.2770000e+03             NaN             NaN
   2.2780000e+03             NaN             NaN
   2.2790000e+03             NaN             NaN
   2.2800000e+03             NaN             NaN
   2.2810000e+03             NaN             NaN
   2.2820000e+03             NaN             NaN
   2.2830000e+03             NaN             NaN
   2.2840000e+03             NaN             NaN
   2.2850000e+03             NaN             NaN
   2.2860000e+03             NaN             NaN
   2.2870000e+03             NaN             NaN
   2.2880000e+03             NaN             NaN
   2.2890000e+03             NaN             NaN
   2.2900000e+03             NaN             NaN
   2.2910000e+03             NaN             NaN
   2.2920000e+03             NaN             NaN
   2.2930000e+03             NaN             NaN
   2.2940000e+03             NaN             NaN
   2.2950000e+03             NaN             NaN
   2.2960000e+03             NaN             NaN
   2.2970000e+03             NaN             NaN
   2.2980000e+03             NaN             NaN
   2.2990000e+03             NaN             NaN
   2.3000000e+03             NaN             NaN
