gfdl-esm2g,1875,2100,rcp60,global tas,K
1875,286.442474,-0.639156
1876,286.515656,-0.642845
1877,286.643005,-0.647771
1878,286.487976,-0.650086
1879,286.587158,-0.644875
1880,286.574097,-0.636338
1881,286.526306,-0.635313
1882,286.767273,-0.640205
1883,286.609467,-0.645348
1884,286.021576,-0.650884
1885,285.925873,-0.652070
1886,286.161743,-0.651025
1887,286.122589,-0.647692
1888,286.075500,-0.653100
1889,286.219635,-0.654968
1890,286.301453,-0.655671
1891,286.300476,-0.658071
1892,286.219177,-0.665016
1893,286.325836,-0.669636
1894,286.394775,-0.675341
1895,286.408447,-0.679530
1896,286.371613,-0.676805
1897,286.345612,-0.683909
1898,286.318817,-0.695228
1899,286.308044,-0.684467
1900,286.321716,-0.659636
1901,286.418549,-0.644046
1902,286.501801,-0.624606
1903,286.342834,-0.603440
1904,286.355438,-0.590505
1905,286.421387,-0.582412
1906,286.443665,-0.568483
1907,286.434662,-0.559637
1908,286.349365,-0.549851
1909,286.416016,-0.535109
1910,286.448425,-0.518112
1911,286.608063,-0.498775
1912,286.554138,-0.486326
1913,286.269897,-0.472765
1914,286.344421,-0.461418
1915,286.670776,-0.449048
1916,286.629456,-0.444922
1917,286.705780,-0.444349
1918,286.710480,-0.438130
1919,286.607697,-0.435545
1920,286.544250,-0.428486
1921,286.718323,-0.422060
1922,286.484558,-0.412046
1923,286.619415,-0.404485
1924,286.837036,-0.404469
1925,286.918365,-0.396447
1926,286.951721,-0.390440
1927,286.719086,-0.387604
1928,286.725647,-0.377895
1929,286.648468,-0.375424
1930,286.692810,-0.380809
1931,286.542328,-0.387864
1932,286.518982,-0.388835
1933,286.529419,-0.392382
1934,286.432983,-0.395335
1935,286.633148,-0.395686
1936,286.636444,-0.406485
1937,286.735077,-0.409844
1938,286.576202,-0.414098
1939,286.416504,-0.424666
1940,286.689087,-0.437644
1941,286.788269,-0.450299
1942,286.639221,-0.455618
1943,286.561157,-0.461490
1944,286.418549,-0.466195
1945,286.509247,-0.471548
1946,286.417786,-0.469607
1947,286.676666,-0.467440
1948,286.604065,-0.469277
1949,286.519104,-0.476479
1950,286.533722,-0.484526
1951,286.394348,-0.491321
1952,286.383789,-0.504803
1953,286.491791,-0.514059
1954,286.519989,-0.519392
1955,286.529022,-0.525322
1956,286.572083,-0.535066
1957,286.559509,-0.537568
1958,286.549500,-0.535159
1959,286.507324,-0.532982
1960,286.532196,-0.527690
1961,286.600586,-0.518871
1962,286.583984,-0.527311
1963,286.474304,-0.532049
1964,286.216919,-0.531677
1965,286.391754,-0.530372
1966,286.432587,-0.516579
1967,286.330597,-0.507670
1968,286.298523,-0.511315
1969,286.256531,-0.508118
1970,286.511169,-0.494238
1971,286.495972,-0.483389
1972,286.564148,-0.477504
1973,286.633423,-0.467660
1974,286.483856,-0.458571
1975,286.668030,-0.443120
1976,286.682343,-0.429337
1977,286.423462,-0.430062
1978,286.461945,-0.425102
1979,286.530243,-0.405637
1980,286.572876,-0.387088
1981,286.808136,-0.367569
1982,286.651062,-0.341131
1983,286.382446,-0.313199
1984,286.615906,-0.284765
1985,286.945404,-0.263069
1986,286.897552,-0.232448
1987,286.736053,-0.200774
1988,286.844849,-0.176625
1989,286.779968,-0.148487
1990,286.995728,-0.123844
1991,287.014099,-0.106158
1992,286.562225,-0.077912
1993,286.623108,-0.050084
1994,286.800873,-0.024752
1995,286.948212,0.000004
1996,287.018158,0.013668
1997,287.123749,0.032871
1998,287.136475,0.060464
1999,287.109558,0.083508
2000,287.162048,0.099320
2001,287.414581,0.119086
2002,287.514374,0.137263
2003,287.357910,0.151679
2004,287.327972,0.170179
2005,287.407318,0.183026
2006,287.212921,0.201100
2007,287.270844,0.226865
2008,287.296783,0.253815
2009,287.290222,0.270480
2010,287.315552,0.279182
2011,287.218048,0.286976
2012,287.227173,0.292998
2013,287.210236,0.302530
2014,287.307220,0.310998
2015,287.419769,0.320268
2016,287.490509,0.321068
2017,287.281372,0.320448
2018,287.277344,0.322617
2019,287.334961,0.326179
2020,287.381134,0.329326
2021,287.556305,0.339715
2022,287.335175,0.347904
2023,287.431610,0.355092
2024,287.300842,0.364034
2025,287.209259,0.372271
2026,287.251984,0.384618
2027,287.304413,0.402079
2028,287.422424,0.415522
2029,287.363586,0.423515
2030,287.440155,0.431896
2031,287.438599,0.445163
2032,287.495758,0.460256
2033,287.422974,0.472140
2034,287.434845,0.484339
2035,287.501740,0.496233
2036,287.524567,0.507580
2037,287.516541,0.516907
2038,287.512421,0.523689
2039,287.558472,0.533475
2040,287.562653,0.550579
2041,287.588470,0.569934
2042,287.751007,0.588500
2043,287.613525,0.600991
2044,287.546997,0.618142
2045,287.671204,0.632033
2046,287.888519,0.649866
2047,287.734161,0.664377
2048,287.633881,0.679673
2049,287.700928,0.696871
2050,287.737946,0.711704
2051,287.896698,0.727432
2052,287.614990,0.746055
2053,287.635071,0.763932
2054,287.594421,0.778621
2055,287.722382,0.795094
2056,287.832642,0.810926
2057,287.861389,0.822977
2058,287.797150,0.841729
2059,287.878113,0.863597
2060,287.856903,0.880491
2061,287.973572,0.888112
2062,287.931091,0.906798
2063,287.881866,0.927724
2064,287.950775,0.955268
2065,287.946747,0.974054
2066,287.996399,0.992429
2067,288.075226,1.017510
2068,288.048737,1.041312
2069,287.999146,1.068703
2070,288.056824,1.093743
2071,288.063446,1.114905
2072,288.112518,1.136852
2073,288.176086,1.157869
2074,288.203033,1.176786
2075,288.178040,1.195631
2076,288.117157,1.220387
2077,288.294739,1.240738
2078,288.261658,1.257900
2079,288.527252,1.279126
2080,288.301514,1.309947
2081,288.447937,1.335812
2082,288.367432,1.352012
2083,288.349121,1.372740
2084,288.416168,1.395515
2085,288.473572,1.417682
2086,288.467499,1.440996
2087,288.519806,1.463377
2088,288.427643,1.484341
2089,288.445648,1.505109
2090,288.422241,1.527411
2091,288.716248,1.552445
2092,288.541626,1.572262
2093,288.396729,1.593883
2094,288.587555,1.607353
2095,288.871368,1.629050
2096,288.772369,1.646567
2097,288.561218,1.667470
2098,288.670563,1.689686
2099,288.682404,1.710369
2100,288.721832,1.729839
