noresm1-m,1875,2100,rcp85,global tas,K
1875,286.181610,-0.552657
1876,286.449677,-0.549491
1877,286.499786,-0.546656
1878,286.260498,-0.547283
1879,286.256042,-0.556461
1880,286.347961,-0.562829
1881,286.336365,-0.567983
1882,286.189728,-0.574314
1883,286.317627,-0.580720
1884,286.130463,-0.584789
1885,286.114929,-0.578639
1886,286.096741,-0.571722
1887,286.127167,-0.575878
1888,286.272919,-0.581862
1889,286.454010,-0.586558
1890,286.312500,-0.589516
1891,286.389893,-0.596655
1892,286.410248,-0.606811
1893,286.214233,-0.609223
1894,286.203430,-0.612895
1895,286.321960,-0.611994
1896,286.218384,-0.607840
1897,286.132050,-0.605181
1898,286.246185,-0.603738
1899,286.246368,-0.590709
1900,286.453583,-0.581386
1901,286.482666,-0.569949
1902,286.245728,-0.560623
1903,286.154968,-0.559129
1904,286.165314,-0.561786
1905,286.092865,-0.562372
1906,286.235504,-0.566013
1907,286.195129,-0.567415
1908,286.188110,-0.561432
1909,286.145905,-0.553821
1910,286.374969,-0.550744
1911,286.460999,-0.539793
1912,286.269501,-0.533878
1913,286.360901,-0.529221
1914,286.521332,-0.525656
1915,286.394623,-0.524748
1916,286.439850,-0.529092
1917,286.406952,-0.522573
1918,286.317749,-0.513393
1919,286.374298,-0.498645
1920,286.294922,-0.479609
1921,286.280670,-0.472204
1922,286.368164,-0.465147
1923,286.393738,-0.452694
1924,286.431763,-0.437746
1925,286.414276,-0.430517
1926,286.546906,-0.429239
1927,286.309509,-0.424567
1928,286.385895,-0.418286
1929,286.353302,-0.416437
1930,286.480835,-0.416761
1931,286.352325,-0.416800
1932,286.441315,-0.416921
1933,286.430359,-0.413373
1934,286.607758,-0.407452
1935,286.663940,-0.406797
1936,286.457672,-0.401240
1937,286.406830,-0.399395
1938,286.561707,-0.400679
1939,286.594330,-0.403988
1940,286.591858,-0.402133
1941,286.499329,-0.399050
1942,286.409668,-0.392540
1943,286.549316,-0.389378
1944,286.576813,-0.382428
1945,286.384888,-0.381856
1946,286.438690,-0.375005
1947,286.403320,-0.374596
1948,286.424194,-0.377223
1949,286.551910,-0.391019
1950,286.314575,-0.401922
1951,286.447388,-0.402409
1952,286.423523,-0.405292
1953,286.355225,-0.408482
1954,286.332489,-0.417288
1955,286.469910,-0.417409
1956,286.639404,-0.417761
1957,286.504791,-0.420739
1958,286.480774,-0.427544
1959,286.561798,-0.436601
1960,286.497986,-0.439215
1961,286.557861,-0.437842
1962,286.453583,-0.431439
1963,286.351562,-0.422780
1964,286.193878,-0.422880
1965,286.336853,-0.413235
1966,286.443054,-0.408497
1967,286.320343,-0.402441
1968,286.466003,-0.394380
1969,286.330139,-0.383652
1970,286.588226,-0.376138
1971,286.488770,-0.373354
1972,286.320343,-0.364514
1973,286.345154,-0.355481
1974,286.305115,-0.343711
1975,286.306458,-0.326211
1976,286.479889,-0.319881
1977,286.595398,-0.315038
1978,286.683960,-0.303925
1979,286.548920,-0.288014
1980,286.603912,-0.276799
1981,286.589539,-0.263984
1982,286.605194,-0.247555
1983,286.597076,-0.235404
1984,286.654327,-0.213281
1985,286.695312,-0.201214
1986,286.722931,-0.186917
1987,286.769989,-0.165839
1988,286.751770,-0.142363
1989,286.914886,-0.114743
1990,287.023010,-0.087140
1991,286.747742,-0.065786
1992,286.598877,-0.053728
1993,286.684967,-0.042115
1994,286.671204,-0.022797
1995,286.673309,0.000006
1996,286.827484,0.018290
1997,286.813232,0.033581
1998,286.830505,0.054195
1999,286.993835,0.072344
2000,286.950256,0.092277
2001,286.917664,0.113889
2002,286.952698,0.130048
2003,287.049408,0.147003
2004,287.133728,0.161891
2005,287.134552,0.172309
2006,287.120514,0.194750
2007,286.957123,0.221369
2008,287.032349,0.248432
2009,287.128479,0.275557
2010,287.287994,0.306223
2011,287.138062,0.332820
2012,287.063904,0.362021
2013,287.215515,0.393709
2014,287.198792,0.416002
2015,287.293304,0.438566
2016,287.371277,0.462346
2017,287.254761,0.487656
2018,287.260437,0.513183
2019,287.361511,0.537167
2020,287.335571,0.565710
2021,287.420959,0.596228
2022,287.397461,0.632176
2023,287.496857,0.662052
2024,287.484955,0.688309
2025,287.593262,0.713381
2026,287.625397,0.742449
2027,287.689270,0.773663
2028,287.781158,0.800009
2029,287.662628,0.833611
2030,287.627167,0.865692
2031,287.631073,0.892648
2032,287.711975,0.921708
2033,287.815216,0.954855
2034,287.853271,0.985487
2035,287.990845,1.019736
2036,288.036041,1.054487
2037,288.035553,1.088795
2038,287.928650,1.122546
2039,287.916168,1.157312
2040,288.040161,1.190787
2041,288.010101,1.221123
2042,288.000336,1.249162
2043,288.005890,1.275308
2044,288.206848,1.304492
2045,288.255737,1.339607
2046,288.179962,1.382540
2047,288.126556,1.422843
2048,288.254852,1.456805
2049,288.280457,1.492424
2050,288.363037,1.528978
2051,288.463501,1.563817
2052,288.426697,1.599130
2053,288.509399,1.638826
2054,288.527924,1.676890
2055,288.597504,1.715011
2056,288.535492,1.756120
2057,288.530426,1.798180
2058,288.565552,1.844712
2059,288.538147,1.887655
2060,288.680603,1.929540
2061,288.919067,1.970886
2062,288.921082,2.013870
2063,288.834076,2.054207
2064,288.921844,2.090631
2065,289.087433,2.128527
2066,289.081238,2.167491
2067,289.094940,2.208422
2068,289.119537,2.250390
2069,289.058075,2.289635
2070,289.183777,2.324903
2071,289.243378,2.363849
2072,289.262146,2.411510
2073,289.401855,2.464347
2074,289.495117,2.513365
2075,289.512299,2.555612
2076,289.420349,2.596370
2077,289.416077,2.638750
2078,289.464966,2.681509
2079,289.373169,2.725428
2080,289.499908,2.767886
2081,289.632416,2.812449
2082,289.654633,2.855576
2083,289.768433,2.895555
2084,289.705292,2.936565
2085,289.655548,2.976750
2086,289.703857,3.018498
2087,289.960266,3.061036
2088,290.150665,3.100333
2089,290.008667,3.137936
2090,289.948029,3.176381
2091,290.141815,3.219307
2092,290.192474,3.263791
2093,290.116852,3.308060
2094,290.239410,3.356804
2095,290.361176,3.402740
2096,290.418121,3.445673
2097,290.388733,3.489281
2098,290.318909,3.530511
2099,290.288391,3.575261
2100,290.389313,3.623084
