access1-0,1875,2100,rcp45,global tas,K
1875,286.875763,-0.561809
1876,286.822632,-0.574487
1877,286.778992,-0.578595
1878,286.942261,-0.588450
1879,286.950653,-0.597161
1880,286.810577,-0.602910
1881,286.751099,-0.606684
1882,286.842743,-0.609330
1883,286.564575,-0.605549
1884,286.432892,-0.607912
1885,286.506104,-0.607511
1886,286.453552,-0.607971
1887,286.694214,-0.606393
1888,286.699554,-0.608400
1889,286.505676,-0.613327
1890,286.536377,-0.617144
1891,286.469971,-0.621629
1892,286.679504,-0.621531
1893,286.622864,-0.626973
1894,286.669525,-0.628889
1895,286.656555,-0.627024
1896,286.621399,-0.630443
1897,286.805145,-0.632973
1898,286.939850,-0.630170
1899,286.919006,-0.618354
1900,286.873413,-0.606486
1901,286.888947,-0.591740
1902,286.832977,-0.581574
1903,286.776123,-0.573298
1904,286.797485,-0.554735
1905,286.761261,-0.540162
1906,286.688080,-0.526480
1907,286.781921,-0.516805
1908,286.778992,-0.501520
1909,286.893188,-0.487704
1910,286.866516,-0.478818
1911,286.648529,-0.465266
1912,286.766846,-0.458831
1913,286.648682,-0.455230
1914,286.787354,-0.452157
1915,286.862152,-0.448883
1916,286.895935,-0.446143
1917,286.999176,-0.444536
1918,286.947845,-0.441748
1919,287.062561,-0.441751
1920,286.973572,-0.440377
1921,286.880432,-0.438735
1922,286.969757,-0.436299
1923,287.081421,-0.435152
1924,287.083984,-0.435453
1925,286.923157,-0.437480
1926,287.027954,-0.430673
1927,286.998199,-0.423660
1928,287.047882,-0.412698
1929,287.011200,-0.408361
1930,286.971619,-0.405039
1931,286.971161,-0.397651
1932,286.881165,-0.394263
1933,286.859772,-0.391302
1934,286.797394,-0.388763
1935,286.802490,-0.382298
1936,286.737335,-0.371274
1937,286.855011,-0.366967
1938,286.813385,-0.366282
1939,286.884155,-0.369130
1940,286.805725,-0.362748
1941,286.852722,-0.359718
1942,286.977234,-0.358082
1943,286.977539,-0.358274
1944,286.917480,-0.361808
1945,286.961792,-0.363242
1946,287.117584,-0.358037
1947,287.100830,-0.351995
1948,287.036652,-0.348725
1949,287.138733,-0.350965
1950,287.167542,-0.350011
1951,287.211151,-0.347215
1952,287.098969,-0.349679
1953,287.101959,-0.348723
1954,286.998535,-0.345907
1955,287.114624,-0.344324
1956,287.118866,-0.342435
1957,287.047272,-0.341616
1958,287.042114,-0.341701
1959,286.905182,-0.340743
1960,286.928619,-0.341193
1961,287.127289,-0.340640
1962,287.062439,-0.339562
1963,286.957855,-0.334124
1964,286.730194,-0.335318
1965,286.831116,-0.337664
1966,286.821228,-0.341358
1967,286.781097,-0.341451
1968,286.842041,-0.346684
1969,286.968658,-0.346586
1970,286.853210,-0.351613
1971,286.909393,-0.357156
1972,287.001801,-0.353432
1973,286.974976,-0.348602
1974,286.946228,-0.334919
1975,286.948303,-0.323209
1976,287.134155,-0.320209
1977,287.133179,-0.324632
1978,287.199799,-0.320947
1979,287.102905,-0.304725
1980,287.097168,-0.291069
1981,287.100311,-0.275139
1982,287.096191,-0.257202
1983,286.944977,-0.237748
1984,287.001465,-0.218777
1985,286.963806,-0.195291
1986,286.952576,-0.175311
1987,287.158997,-0.157331
1988,287.187012,-0.139654
1989,287.315674,-0.114610
1990,287.279938,-0.093073
1991,287.217285,-0.078563
1992,286.929749,-0.060453
1993,287.068390,-0.045321
1994,287.216858,-0.024667
1995,287.240814,-0.000015
1996,287.299103,0.021962
1997,287.319214,0.050947
1998,287.425659,0.082082
1999,287.537781,0.114009
2000,287.557800,0.145387
2001,287.508789,0.182894
2002,287.541199,0.211246
2003,287.505310,0.240628
2004,287.697540,0.267214
2005,287.594421,0.293559
2006,287.569427,0.319597
2007,287.676483,0.356120
2008,287.653778,0.394484
2009,287.722504,0.422121
2010,287.836731,0.450249
2011,287.759644,0.482828
2012,287.965729,0.511553
2013,287.879028,0.538045
2014,287.959259,0.557483
2015,287.905151,0.575235
2016,288.077789,0.602074
2017,288.009552,0.631608
2018,288.068481,0.662636
2019,288.113251,0.688090
2020,288.070282,0.716561
2021,287.998444,0.747262
2022,288.025421,0.772829
2023,288.219330,0.800332
2024,288.045959,0.824836
2025,288.084656,0.838588
2026,288.276459,0.857707
2027,288.180969,0.873994
2028,288.220428,0.896985
2029,288.120911,0.920380
2030,288.090363,0.942260
2031,288.313965,0.958838
2032,288.427216,0.978458
2033,288.436157,0.996320
2034,288.461151,1.020390
2035,288.448547,1.043420
2036,288.490448,1.069637
2037,288.443512,1.095439
2038,288.478851,1.117134
2039,288.457642,1.141462
2040,288.249298,1.169139
2041,288.333191,1.195037
2042,288.454346,1.223711
2043,288.568756,1.248273
2044,288.661102,1.276792
2045,288.561554,1.306729
2046,288.575134,1.329770
2047,288.598145,1.348411
2048,288.604340,1.372565
2049,288.835358,1.397041
2050,288.761200,1.421967
2051,288.784943,1.442917
2052,288.799469,1.465555
2053,288.870178,1.489223
2054,288.775818,1.511841
2055,288.914948,1.541939
2056,289.053406,1.573317
2057,289.041199,1.601533
2058,288.957275,1.621065
2059,288.976501,1.643024
2060,288.988464,1.668009
2061,289.005188,1.691747
2062,288.986450,1.719700
2063,289.160767,1.752023
2064,289.195435,1.774739
2065,289.196320,1.798071
2066,289.118958,1.825845
2067,289.122650,1.850830
2068,289.188904,1.871017
2069,289.136169,1.897966
2070,289.152252,1.921362
2071,289.274536,1.942564
2072,289.300812,1.957865
2073,289.154724,1.978843
2074,289.319855,2.002347
2075,289.311127,2.016412
2076,289.287262,2.032241
2077,289.436737,2.050009
2078,289.574036,2.059335
2079,289.516815,2.067855
2080,289.461182,2.081884
2081,289.618164,2.095384
2082,289.549011,2.110818
2083,289.475800,2.129130
2084,289.584259,2.146059
2085,289.616852,2.160912
2086,289.689453,2.173887
2087,289.500244,2.186341
2088,289.586609,2.204021
2089,289.681610,2.216552
2090,289.410431,2.229731
2091,289.480042,2.244061
2092,289.519501,2.253764
2093,289.440552,2.259247
2094,289.451019,2.266993
2095,289.617188,2.276950
2096,289.523956,2.282029
2097,289.585693,2.289770
2098,289.738251,2.300307
2099,289.644043,2.307585
2100,289.597839,2.314132
