bnu-esm,1875,2100,rcp26,global tas,K
1875,286.439911,-1.079349
1876,286.306854,-1.090230
1877,286.321259,-1.094041
1878,286.180542,-1.100101
1879,286.044128,-1.110866
1880,286.118378,-1.116298
1881,286.180267,-1.114513
1882,286.240906,-1.112498
1883,286.079071,-1.116914
1884,285.760040,-1.111262
1885,285.741272,-1.107794
1886,285.766510,-1.111953
1887,286.024292,-1.109143
1888,286.052002,-1.124794
1889,285.966309,-1.141137
1890,285.854156,-1.160197
1891,285.543640,-1.180771
1892,285.841675,-1.195894
1893,285.945770,-1.199918
1894,286.031891,-1.199276
1895,285.895630,-1.198233
1896,286.024597,-1.202992
1897,286.118073,-1.212137
1898,285.961121,-1.212328
1899,286.102081,-1.196063
1900,286.225433,-1.179542
1901,286.090424,-1.161804
1902,286.155426,-1.156177
1903,285.729126,-1.147232
1904,285.851776,-1.135368
1905,285.868103,-1.118112
1906,285.689636,-1.094808
1907,285.867554,-1.078669
1908,286.059845,-1.065086
1909,286.063385,-1.057049
1910,286.149658,-1.053447
1911,286.037506,-1.048913
1912,285.966553,-1.044388
1913,286.073334,-1.034243
1914,286.247986,-1.027525
1915,286.236908,-1.033002
1916,286.298645,-1.026069
1917,286.193115,-1.023436
1918,286.320343,-1.007128
1919,286.322235,-1.002481
1920,286.371826,-0.987772
1921,286.242767,-0.962539
1922,286.325836,-0.946296
1923,286.353271,-0.933505
1924,286.273010,-0.920505
1925,286.003662,-0.917466
1926,286.160645,-0.909960
1927,286.253815,-0.896348
1928,286.265472,-0.884444
1929,286.303619,-0.875203
1930,286.061127,-0.865620
1931,286.298401,-0.861617
1932,286.234406,-0.848500
1933,286.218384,-0.835590
1934,285.991180,-0.835432
1935,286.309387,-0.839495
1936,286.446625,-0.831734
1937,286.354828,-0.825188
1938,286.443573,-0.821734
1939,286.453400,-0.812433
1940,286.240814,-0.789886
1941,286.262695,-0.779983
1942,286.374908,-0.764969
1943,286.430450,-0.756739
1944,286.525208,-0.753924
1945,286.524414,-0.734255
1946,286.418732,-0.732022
1947,286.586639,-0.718046
1948,286.707642,-0.711972
1949,286.326965,-0.701546
1950,286.249939,-0.699882
1951,286.475586,-0.702996
1952,286.522217,-0.697829
1953,286.456909,-0.693538
1954,286.552032,-0.692006
1955,286.680054,-0.687372
1956,286.457764,-0.676620
1957,286.704224,-0.665070
1958,286.512360,-0.662102
1959,286.388092,-0.655986
1960,286.651184,-0.651469
1961,286.365387,-0.650116
1962,286.653687,-0.648775
1963,286.400604,-0.646641
1964,286.303955,-0.635383
1965,286.359314,-0.617860
1966,286.353210,-0.602939
1967,286.509827,-0.596147
1968,286.572296,-0.588900
1969,286.499359,-0.583578
1970,286.379852,-0.580881
1971,286.585236,-0.565084
1972,286.721436,-0.553061
1973,286.519470,-0.539545
1974,286.708710,-0.520185
1975,286.659912,-0.507538
1976,286.459320,-0.488607
1977,286.626862,-0.484537
1978,286.771667,-0.472109
1979,286.664703,-0.451346
1980,286.775635,-0.424741
1981,286.923218,-0.394291
1982,286.725983,-0.369242
1983,286.674316,-0.351626
1984,286.711670,-0.324241
1985,286.760986,-0.285331
1986,286.931671,-0.261367
1987,287.064911,-0.240530
1988,286.917847,-0.206511
1989,286.968872,-0.184117
1990,287.030609,-0.159920
1991,286.933319,-0.119936
1992,286.775787,-0.082842
1993,286.773438,-0.051141
1994,286.926849,-0.017318
1995,287.157471,0.000011
1996,287.266693,0.020135
1997,287.261292,0.054664
1998,287.100800,0.090536
1999,287.320892,0.126445
2000,287.547150,0.164601
2001,287.304169,0.198151
2002,287.346527,0.220929
2003,287.540039,0.260458
2004,287.380554,0.290273
2005,287.385803,0.314703
2006,287.658844,0.351311
2007,287.739685,0.394855
2008,287.722687,0.438790
2009,287.679413,0.479906
2010,287.295502,0.515581
2011,287.526947,0.543185
2012,287.761841,0.572719
2013,287.750488,0.597753
2014,287.788910,0.619377
2015,287.905670,0.637741
2016,287.938171,0.668929
2017,287.748260,0.700624
2018,288.103729,0.728880
2019,287.863312,0.756523
2020,287.763519,0.781870
2021,288.031555,0.807309
2022,288.082092,0.831089
2023,288.091492,0.852687
2024,288.160339,0.881579
2025,288.227722,0.914202
2026,288.094818,0.935409
2027,288.147308,0.953548
2028,287.851807,0.973625
2029,287.969604,0.994284
2030,288.098083,1.016184
2031,288.239807,1.030788
2032,288.297363,1.042252
2033,288.387726,1.041796
2034,288.209839,1.054217
2035,288.146210,1.078143
2036,288.422028,1.088425
2037,288.453094,1.087002
2038,288.370605,1.093801
2039,288.546173,1.099967
2040,288.274200,1.103545
2041,288.163147,1.111381
2042,288.306030,1.111879
2043,288.352783,1.127194
2044,288.408691,1.146209
2045,288.562683,1.144824
2046,288.376282,1.143791
2047,288.092163,1.141676
2048,288.090057,1.144281
2049,288.235931,1.153291
2050,288.481323,1.155698
2051,288.339996,1.148568
2052,288.039398,1.149755
2053,288.295471,1.147694
2054,288.345337,1.139291
2055,288.335052,1.141230
2056,288.329895,1.148097
2057,288.162231,1.141506
2058,288.311279,1.135946
2059,288.540039,1.131047
2060,288.056549,1.128859
2061,288.208801,1.131333
2062,288.233917,1.132740
2063,288.465881,1.135051
2064,288.480133,1.130985
2065,288.218414,1.117550
2066,288.208130,1.115405
2067,288.488708,1.116646
2068,288.308777,1.118375
2069,288.294098,1.112711
2070,288.332367,1.106796
2071,288.369141,1.101323
2072,288.108307,1.111537
2073,288.185974,1.107739
2074,288.261719,1.093462
2075,288.497070,1.100725
2076,288.450500,1.099385
2077,288.134369,1.100609
2078,288.159393,1.098166
2079,288.113953,1.093465
2080,288.078247,1.093928
2081,288.275665,1.096536
2082,288.076630,1.100045
2083,288.347321,1.105168
2084,288.175415,1.106439
2085,288.157623,1.111755
2086,288.165710,1.111524
2087,288.468628,1.120180
2088,288.197357,1.126439
2089,288.111725,1.130366
2090,288.274445,1.126640
2091,288.168579,1.124660
2092,288.270660,1.133410
2093,288.392578,1.141518
2094,288.339111,1.151333
2095,288.232300,1.162532
2096,288.286377,1.167342
2097,288.593964,1.178979
2098,288.462463,1.181786
2099,288.332245,1.190516
2100,288.491852,1.200031
