bcc-csm1-1,1861,2300,rcp26,zosga,m
1861,0.001122
1862,0.001668
1863,0.001579
1864,0.002670
1865,0.002801
1866,0.003534
1867,0.004934
1868,0.005373
1869,0.005693
1870,0.006786
1871,0.007095
1872,0.007453
1873,0.008245
1874,0.009015
1875,0.009523
1876,0.010408
1877,0.010734
1878,0.011137
1879,0.012441
1880,0.013317
1881,0.014105
1882,0.015198
1883,0.015252
1884,0.007746
1885,0.005842
1886,0.006900
1887,0.008605
1888,0.009465
1889,0.010563
1890,0.009871
1891,0.007418
1892,0.007692
1893,0.008770
1894,0.009863
1895,0.009903
1896,0.010181
1897,0.010947
1898,0.010726
1899,0.010830
1900,0.011536
1901,0.012031
1902,0.012981
1903,0.008038
1904,0.005910
1905,0.006707
1906,0.007823
1907,0.008206
1908,0.008873
1909,0.009164
1910,0.009970
1911,0.010403
1912,0.010659
1913,0.010713
1914,0.010708
1915,0.011229
1916,0.012199
1917,0.012868
1918,0.013413
1919,0.014432
1920,0.014884
1921,0.015068
1922,0.015638
1923,0.016251
1924,0.017785
1925,0.019351
1926,0.019980
1927,0.020499
1928,0.020973
1929,0.021219
1930,0.022103
1931,0.023347
1932,0.024285
1933,0.024414
1934,0.024505
1935,0.025172
1936,0.026383
1937,0.026860
1938,0.027521
1939,0.027634
1940,0.027955
1941,0.028126
1942,0.028103
1943,0.027988
1944,0.028058
1945,0.029118
1946,0.029152
1947,0.030247
1948,0.031260
1949,0.031782
1950,0.032741
1951,0.032859
1952,0.033777
1953,0.034035
1954,0.034184
1955,0.035567
1956,0.036311
1957,0.037025
1958,0.038095
1959,0.039639
1960,0.040043
1961,0.041700
1962,0.042558
1963,0.040393
1964,0.037039
1965,0.037761
1966,0.039700
1967,0.041054
1968,0.042426
1969,0.043019
1970,0.043244
1971,0.044812
1972,0.046138
1973,0.047844
1974,0.048627
1975,0.049278
1976,0.050569
1977,0.051694
1978,0.052623
1979,0.054221
1980,0.055456
1981,0.057224
1982,0.057986
1983,0.056017
1984,0.057287
1985,0.060163
1986,0.062505
1987,0.064457
1988,0.066991
1989,0.069788
1990,0.072014
1991,0.073310
1992,0.068775
1993,0.069307
1994,0.071865
1995,0.074006
1996,0.075851
1997,0.077435
1998,0.080330
1999,0.081969
2000,0.083004
2001,0.085268
2002,0.086769
2003,0.088178
2004,0.090371
2005,0.092258
2006,0.093503
2007,0.094942
2008,0.095929
2009,0.097558
2010,0.099725
2011,0.100744
2012,0.102244
2013,0.103705
2014,0.106256
2015,0.108202
2016,0.110007
2017,0.111582
2018,0.113076
2019,0.114996
2020,0.116814
2021,0.118094
2022,0.120058
2023,0.122036
2024,0.123529
2025,0.125168
2026,0.127772
2027,0.129798
2028,0.131996
2029,0.132496
2030,0.134587
2031,0.135735
2032,0.137745
2033,0.139411
2034,0.141789
2035,0.143901
2036,0.145983
2037,0.147722
2038,0.149177
2039,0.150905
2040,0.151838
2041,0.153644
2042,0.154716
2043,0.156972
2044,0.158567
2045,0.160296
2046,0.161828
2047,0.163633
2048,0.164173
2049,0.165885
2050,0.168298
2051,0.169408
2052,0.171152
2053,0.173097
2054,0.174819
2055,0.176268
2056,0.177715
2057,0.179315
2058,0.180562
2059,0.181789
2060,0.183276
2061,0.183796
2062,0.185287
2063,0.187175
2064,0.188479
2065,0.189412
2066,0.190496
2067,0.191914
2068,0.193449
2069,0.193388
2070,0.194760
2071,0.195496
2072,0.196481
2073,0.197329
2074,0.197942
2075,0.198380
2076,0.199193
2077,0.200700
2078,0.202207
2079,0.203309
2080,0.203624
2081,0.204547
2082,0.205343
2083,0.206408
2084,0.207080
2085,0.207429
2086,0.208633
2087,0.209631
2088,0.211469
2089,0.212117
2090,0.212956
2091,0.214059
2092,0.216041
2093,0.217218
2094,0.218533
2095,0.219795
2096,0.220973
2097,0.222415
2098,0.223340
2099,0.224315
2100,0.224939
2101,0.225551
2102,0.227333
2103,0.228263
2104,0.229228
2105,0.230403
2106,0.230129
2107,0.230526
2108,0.231675
2109,0.232107
2110,0.232138
2111,0.232940
2112,0.234069
2113,0.234046
2114,0.234219
2115,0.235669
2116,0.235470
2117,0.236580
2118,0.237277
2119,0.237210
2120,0.238379
2121,0.239189
2122,0.239201
2123,0.240016
2124,0.241416
2125,0.240876
2126,0.241285
2127,0.242514
2128,0.242930
2129,0.242781
2130,0.243631
2131,0.244402
2132,0.244668
2133,0.245372
2134,0.246666
2135,0.247248
2136,0.247722
2137,0.249113
2138,0.249879
2139,0.249878
2140,0.250703
2141,0.251892
2142,0.252939
2143,0.254176
2144,0.255322
2145,0.256299
2146,0.257045
2147,0.257155
2148,0.258445
2149,0.259237
2150,0.259236
2151,0.259726
2152,0.260752
2153,0.260775
2154,0.260945
2155,0.261910
2156,0.262795
2157,0.263039
2158,0.263748
2159,0.265038
2160,0.266145
2161,0.265970
2162,0.264646
2163,0.264844
2164,0.264978
2165,0.265436
2166,0.265959
2167,0.267221
2168,0.267459
2169,0.268068
2170,0.269481
2171,0.269831
2172,0.270339
2173,0.270538
2174,0.271444
2175,0.272470
2176,0.273401
2177,0.272840
2178,0.273631
2179,0.274128
2180,0.275103
2181,0.276022
2182,0.277025
2183,0.276933
2184,0.277760
2185,0.278729
2186,0.278488
2187,0.279069
2188,0.278338
2189,0.279007
2190,0.279173
2191,0.279752
2192,0.279828
2193,0.280456
2194,0.281324
2195,0.282436
2196,0.283809
2197,0.285096
2198,0.285602
2199,0.286354
2200,0.287141
2201,0.287076
2202,0.286988
2203,0.287877
2204,0.288666
2205,0.289328
2206,0.289260
2207,0.290120
2208,0.290621
2209,0.291396
2210,0.292316
2211,0.292400
2212,0.293129
2213,0.293723
2214,0.293712
2215,0.293887
2216,0.293856
2217,0.294838
2218,0.294830
2219,0.295464
2220,0.296657
2221,0.296809
2222,0.297420
2223,0.297622
2224,0.297604
2225,0.298186
2226,0.299101
2227,0.299154
2228,0.299993
2229,0.301026
2230,0.301667
2231,0.302594
2232,0.303590
2233,0.303928
2234,0.304564
2235,0.305618
2236,0.306046
2237,0.305913
2238,0.305820
2239,0.305854
2240,0.306150
2241,0.306469
2242,0.307059
2243,0.307088
2244,0.307584
2245,0.307271
2246,0.308689
2247,0.309045
2248,0.309560
2249,0.309720
2250,0.310049
2251,0.310737
2252,0.311469
2253,0.311486
2254,0.312232
2255,0.312451
2256,0.312908
2257,0.313041
2258,0.314035
2259,0.314204
2260,0.314743
2261,0.315423
2262,0.315634
2263,0.315629
2264,0.315751
2265,0.316241
2266,0.316911
2267,0.317973
2268,0.318574
2269,0.318431
2270,0.319862
2271,0.320970
2272,0.321952
2273,0.322826
2274,0.324043
2275,0.324804
2276,0.325350
2277,0.325806
2278,0.325585
2279,0.325537
2280,0.325971
2281,0.326445
2282,0.326083
2283,0.326831
2284,0.326385
2285,0.326501
2286,0.326574
2287,0.326716
2288,0.326545
2289,0.326740
2290,0.325944
2291,0.326549
2292,0.327461
2293,0.327999
2294,0.328966
2295,0.328675
2296,0.328757
2297,0.329777
2298,0.330722
2299,0.330323
2300,0.330896
