bcc-csm1-1,1861,2300,rcp85,zosga,m
1861,0.001122
1862,0.001668
1863,0.001579
1864,0.002670
1865,0.002801
1866,0.003534
1867,0.004934
1868,0.005373
1869,0.005693
1870,0.006786
1871,0.007095
1872,0.007453
1873,0.008245
1874,0.009015
1875,0.009523
1876,0.010408
1877,0.010734
1878,0.011137
1879,0.012441
1880,0.013317
1881,0.014105
1882,0.015198
1883,0.015252
1884,0.007746
1885,0.005842
1886,0.006900
1887,0.008605
1888,0.009465
1889,0.010563
1890,0.009871
1891,0.007418
1892,0.007692
1893,0.008770
1894,0.009863
1895,0.009903
1896,0.010181
1897,0.010947
1898,0.010726
1899,0.010830
1900,0.011536
1901,0.012031
1902,0.012981
1903,0.008038
1904,0.005910
1905,0.006707
1906,0.007823
1907,0.008206
1908,0.008873
1909,0.009164
1910,0.009970
1911,0.010403
1912,0.010659
1913,0.010713
1914,0.010708
1915,0.011229
1916,0.012199
1917,0.012868
1918,0.013413
1919,0.014432
1920,0.014884
1921,0.015068
1922,0.015638
1923,0.016251
1924,0.017785
1925,0.019351
1926,0.019980
1927,0.020499
1928,0.020973
1929,0.021219
1930,0.022103
1931,0.023347
1932,0.024285
1933,0.024414
1934,0.024505
1935,0.025172
1936,0.026383
1937,0.026860
1938,0.027521
1939,0.027634
1940,0.027955
1941,0.028126
1942,0.028103
1943,0.027988
1944,0.028058
1945,0.029118
1946,0.029152
1947,0.030247
1948,0.031260
1949,0.031782
1950,0.032741
1951,0.032859
1952,0.033777
1953,0.034035
1954,0.034184
1955,0.035567
1956,0.036311
1957,0.037025
1958,0.038095
1959,0.039639
1960,0.040043
1961,0.041700
1962,0.042558
1963,0.040393
1964,0.037039
1965,0.037761
1966,0.039700
1967,0.041054
1968,0.042426
1969,0.043019
1970,0.043244
1971,0.044812
1972,0.046138
1973,0.047844
1974,0.048627
1975,0.049278
1976,0.050569
1977,0.051694
1978,0.052623
1979,0.054221
1980,0.055456
1981,0.057224
1982,0.057986
1983,0.056017
1984,0.057287
1985,0.060163
1986,0.062505
1987,0.064457
1988,0.066991
1989,0.069788
1990,0.072014
1991,0.073310
1992,0.068775
1993,0.069307
1994,0.071865
1995,0.074006
1996,0.075851
1997,0.077435
1998,0.080330
1999,0.081969
2000,0.083004
2001,0.085268
2002,0.086769
2003,0.088178
2004,0.090371
2005,0.092258
2006,0.080959
2007,0.083455
2008,0.084685
2009,0.086415
2010,0.087903
2011,0.088325
2012,0.089392
2013,0.091848
2014,0.093947
2015,0.096768
2016,0.098992
2017,0.100586
2018,0.103030
2019,0.104118
2020,0.105875
2021,0.107576
2022,0.109883
2023,0.112908
2024,0.114403
2025,0.117679
2026,0.120042
2027,0.122717
2028,0.123561
2029,0.125733
2030,0.128614
2031,0.130913
2032,0.133311
2033,0.136689
2034,0.139848
2035,0.141138
2036,0.143262
2037,0.145859
2038,0.148036
2039,0.151479
2040,0.153606
2041,0.155738
2042,0.157945
2043,0.159851
2044,0.163298
2045,0.165711
2046,0.167278
2047,0.169701
2048,0.173050
2049,0.176510
2050,0.179974
2051,0.183026
2052,0.186113
2053,0.189936
2054,0.192457
2055,0.195274
2056,0.198550
2057,0.200998
2058,0.204352
2059,0.208250
2060,0.212190
2061,0.215981
2062,0.220186
2063,0.224354
2064,0.227601
2065,0.231866
2066,0.236125
2067,0.240185
2068,0.243663
2069,0.247098
2070,0.250471
2071,0.254206
2072,0.258292
2073,0.261444
2074,0.265650
2075,0.269964
2076,0.274334
2077,0.277754
2078,0.281976
2079,0.286723
2080,0.290614
2081,0.294546
2082,0.298451
2083,0.302171
2084,0.306402
2085,0.310103
2086,0.314915
2087,0.318640
2088,0.322014
2089,0.327137
2090,0.331470
2091,0.335429
2092,0.340009
2093,0.344512
2094,0.348505
2095,0.352337
2096,0.356704
2097,0.361132
2098,0.363932
2099,     nan
2100,     nan
2101,     nan
2102,     nan
2103,     nan
2104,     nan
2105,     nan
2106,     nan
2107,     nan
2108,     nan
2109,     nan
2110,     nan
2111,     nan
2112,     nan
2113,     nan
2114,     nan
2115,     nan
2116,     nan
2117,     nan
2118,     nan
2119,     nan
2120,     nan
2121,     nan
2122,     nan
2123,     nan
2124,     nan
2125,     nan
2126,     nan
2127,     nan
2128,     nan
2129,     nan
2130,     nan
2131,     nan
2132,     nan
2133,     nan
2134,     nan
2135,     nan
2136,     nan
2137,     nan
2138,     nan
2139,     nan
2140,     nan
2141,     nan
2142,     nan
2143,     nan
2144,     nan
2145,     nan
2146,     nan
2147,     nan
2148,     nan
2149,     nan
2150,     nan
2151,     nan
2152,     nan
2153,     nan
2154,     nan
2155,     nan
2156,     nan
2157,     nan
2158,     nan
2159,     nan
2160,     nan
2161,     nan
2162,     nan
2163,     nan
2164,     nan
2165,     nan
2166,     nan
2167,     nan
2168,     nan
2169,     nan
2170,     nan
2171,     nan
2172,     nan
2173,     nan
2174,     nan
2175,     nan
2176,     nan
2177,     nan
2178,     nan
2179,     nan
2180,     nan
2181,     nan
2182,     nan
2183,     nan
2184,     nan
2185,     nan
2186,     nan
2187,     nan
2188,     nan
2189,     nan
2190,     nan
2191,     nan
2192,     nan
2193,     nan
2194,     nan
2195,     nan
2196,     nan
2197,     nan
2198,     nan
2199,     nan
2200,     nan
2201,     nan
2202,     nan
2203,     nan
2204,     nan
2205,     nan
2206,     nan
2207,     nan
2208,     nan
2209,     nan
2210,     nan
2211,     nan
2212,     nan
2213,     nan
2214,     nan
2215,     nan
2216,     nan
2217,     nan
2218,     nan
2219,     nan
2220,     nan
2221,     nan
2222,     nan
2223,     nan
2224,     nan
2225,     nan
2226,     nan
2227,     nan
2228,     nan
2229,     nan
2230,     nan
2231,     nan
2232,     nan
2233,     nan
2234,     nan
2235,     nan
2236,     nan
2237,     nan
2238,     nan
2239,     nan
2240,     nan
2241,     nan
2242,     nan
2243,     nan
2244,     nan
2245,     nan
2246,     nan
2247,     nan
2248,     nan
2249,     nan
2250,     nan
2251,     nan
2252,     nan
2253,     nan
2254,     nan
2255,     nan
2256,     nan
2257,     nan
2258,     nan
2259,     nan
2260,     nan
2261,     nan
2262,     nan
2263,     nan
2264,     nan
2265,     nan
2266,     nan
2267,     nan
2268,     nan
2269,     nan
2270,     nan
2271,     nan
2272,     nan
2273,     nan
2274,     nan
2275,     nan
2276,     nan
2277,     nan
2278,     nan
2279,     nan
2280,     nan
2281,     nan
2282,     nan
2283,     nan
2284,     nan
2285,     nan
2286,     nan
2287,     nan
2288,     nan
2289,     nan
2290,     nan
2291,     nan
2292,     nan
2293,     nan
2294,     nan
2295,     nan
2296,     nan
2297,     nan
2298,     nan
2299,     nan
2300,     nan
