gfdl-cm3,1861,2300,rcp45,zosga,m
1861,0.006914
1862,0.006774
1863,0.005751
1864,0.006577
1865,0.006904
1866,0.004668
1867,0.006908
1868,0.007801
1869,0.010161
1870,0.010600
1871,0.011517
1872,0.010674
1873,0.011435
1874,0.011948
1875,0.012332
1876,0.010399
1877,0.009546
1878,0.013091
1879,0.015153
1880,0.012768
1881,0.015631
1882,0.019037
1883,0.019248
1884,0.012343
1885,0.004830
1886,0.004971
1887,0.005028
1888,0.006768
1889,0.008415
1890,0.008617
1891,0.006862
1892,0.006859
1893,0.007721
1894,0.007333
1895,0.008944
1896,0.008090
1897,0.007715
1898,0.007854
1899,0.008337
1900,0.006796
1901,0.007525
1902,0.010145
1903,0.011693
1904,0.007636
1905,0.007256
1906,0.008921
1907,0.011519
1908,0.009312
1909,0.006134
1910,0.009721
1911,0.009626
1912,0.012278
1913,0.009757
1914,0.009069
1915,0.010867
1916,0.010459
1917,0.011163
1918,0.010873
1919,0.009210
1920,0.011653
1921,0.011106
1922,0.010661
1923,0.013836
1924,0.014791
1925,0.014724
1926,0.013288
1927,0.014033
1928,0.016182
1929,0.016275
1930,0.017474
1931,0.018919
1932,0.020655
1933,0.022140
1934,0.022062
1935,0.024733
1936,0.022086
1937,0.025274
1938,0.027940
1939,0.024692
1940,0.025631
1941,0.026934
1942,0.026811
1943,0.025911
1944,0.027947
1945,0.033282
1946,0.032726
1947,0.033433
1948,0.030640
1949,0.034838
1950,0.035458
1951,0.033412
1952,0.034993
1953,0.035660
1954,0.037613
1955,0.039102
1956,0.041831
1957,0.039946
1958,0.038259
1959,0.039038
1960,0.038692
1961,0.038349
1962,0.037125
1963,0.034748
1964,0.030445
1965,0.029136
1966,0.026692
1967,0.026955
1968,0.027851
1969,0.025609
1970,0.024839
1971,0.026377
1972,0.027457
1973,0.029703
1974,0.029856
1975,0.028319
1976,0.029149
1977,0.032991
1978,0.035242
1979,0.036939
1980,0.035847
1981,0.036657
1982,0.039825
1983,0.037066
1984,0.035930
1985,0.035387
1986,0.035428
1987,0.038405
1988,0.038444
1989,0.040132
1990,0.038731
1991,0.042804
1992,0.045236
1993,0.042189
1994,0.040820
1995,0.042639
1996,0.045549
1997,0.048254
1998,0.049710
1999,0.053426
2000,0.053070
2001,0.056467
2002,0.061311
2003,0.060513
2004,0.061505
2005,0.064946
2006,0.068766
2007,0.068530
2008,0.073994
2009,0.076093
2010,0.073994
2011,0.075818
2012,0.080017
2013,0.086351
2014,0.087121
2015,0.088577
2016,0.090901
2017,0.092253
2018,0.096259
2019,0.099727
2020,0.102502
2021,0.104379
2022,0.107041
2023,0.106806
2024,0.109580
2025,0.114421
2026,0.115116
2027,0.118089
2028,0.122246
2029,0.123418
2030,0.125288
2031,0.129097
2032,0.130824
2033,0.134313
2034,0.135250
2035,0.134751
2036,0.140941
2037,0.142344
2038,0.142977
2039,0.147469
2040,0.154984
2041,0.159941
2042,0.163237
2043,0.167151
2044,0.167553
2045,0.173088
2046,0.173363
2047,0.177433
2048,0.183741
2049,0.187926
2050,0.188439
2051,0.192788
2052,0.194986
2053,0.200259
2054,0.201850
2055,0.209666
2056,0.214812
2057,0.218028
2058,0.219193
2059,0.224808
2060,0.229199
2061,0.231884
2062,0.237998
2063,0.238429
2064,0.239718
2065,0.245500
2066,0.253011
2067,0.254597
2068,0.258567
2069,0.265228
2070,0.268544
2071,0.272026
2072,0.276202
2073,0.280689
2074,0.281693
2075,0.284400
2076,0.291783
2077,0.293926
2078,0.296396
2079,0.300842
2080,0.304273
2081,0.304465
2082,0.311597
2083,0.315786
2084,0.316524
2085,0.320536
2086,0.325779
2087,0.326176
2088,0.327469
2089,0.333242
2090,0.336316
2091,0.337628
2092,0.343249
2093,0.346405
2094,0.349671
2095,0.356173
2096,0.357160
2097,0.359985
2098,0.367288
2099,0.364974
2100,0.367557
2101,0.368007
2102,0.370190
2103,0.375497
2104,0.378548
2105,0.385103
2106,0.387982
2107,0.389999
2108,0.394807
2109,0.396204
2110,0.399665
2111,0.400143
2112,0.402976
2113,0.407560
2114,0.410262
2115,0.412408
2116,0.415551
2117,0.419164
2118,0.425392
2119,0.429332
2120,0.431039
2121,0.436554
2122,0.435598
2123,0.441572
2124,0.446984
2125,0.451074
2126,0.449147
2127,0.450812
2128,0.454667
2129,0.458854
2130,0.462446
2131,0.468236
2132,0.471194
2133,0.472969
2134,0.476772
2135,0.478358
2136,0.480503
2137,0.482032
2138,0.483538
2139,0.485190
2140,0.490579
2141,0.493667
2142,0.496211
2143,0.498614
2144,0.501902
2145,0.502237
2146,0.504049
2147,0.509625
2148,0.512623
2149,0.514883
2150,0.518781
2151,0.523371
2152,0.526794
2153,0.527641
2154,0.530203
2155,0.533656
2156,0.535528
2157,0.538832
2158,0.543745
2159,0.544834
2160,0.544087
2161,0.549410
2162,0.551759
2163,0.553380
2164,0.553517
2165,0.556888
2166,0.555410
2167,0.558702
2168,0.564468
2169,0.566685
2170,0.572123
2171,0.576448
2172,0.579628
2173,0.581042
2174,0.587156
2175,0.590401
2176,0.593672
2177,0.594894
2178,0.595651
2179,0.597628
2180,0.601598
2181,0.604297
2182,0.603944
2183,0.605498
2184,0.608630
2185,0.612890
2186,0.615945
2187,0.617271
2188,0.620954
2189,0.625965
2190,0.629436
2191,0.627772
2192,0.627433
2193,0.628224
2194,0.632726
2195,0.635655
2196,0.637110
2197,0.634629
2198,0.639431
2199,0.642815
2200,0.645491
2201,0.649968
2202,0.657025
2203,0.659293
2204,0.659101
2205,0.662760
2206,0.663853
2207,0.666867
2208,0.668951
2209,0.673618
2210,0.673695
2211,0.677759
2212,0.678343
2213,0.681390
2214,0.680204
2215,0.684078
2216,0.685149
2217,0.686993
2218,0.691183
2219,0.692168
2220,0.694323
2221,0.698792
2222,0.697891
2223,0.699452
2224,0.701011
2225,0.703731
2226,0.703854
2227,0.706754
2228,0.708403
2229,0.714905
2230,0.718285
2231,0.724104
2232,0.725692
2233,0.726518
2234,0.727166
2235,0.729539
2236,0.733287
2237,0.736219
2238,0.739524
2239,0.741187
2240,0.741116
2241,0.742985
2242,0.748983
2243,0.750228
2244,0.752807
2245,0.756272
2246,0.758187
2247,0.760815
2248,0.761089
2249,0.764247
2250,0.766171
2251,0.769725
2252,0.772505
2253,0.773392
2254,0.773761
2255,0.775393
2256,0.778863
2257,0.782476
2258,0.782268
2259,0.786155
2260,0.785762
2261,0.790782
2262,0.793541
2263,0.795131
2264,0.796765
2265,0.801229
2266,0.800648
2267,0.803900
2268,0.805086
2269,0.805934
2270,0.809058
2271,0.811149
2272,0.814697
2273,0.819600
2274,0.820795
2275,0.821588
2276,0.821301
2277,0.824314
2278,0.827636
2279,0.829319
2280,0.830401
2281,0.832996
2282,0.831791
2283,0.833969
2284,0.832777
2285,0.835081
2286,0.838964
2287,0.838673
2288,0.844081
2289,0.846516
2290,0.848419
2291,0.849709
2292,0.851688
2293,0.853627
2294,0.856218
2295,0.861201
2296,0.863688
2297,0.864242
2298,0.870277
2299,0.869519
2300,0.869836
