mpi-esm-lr,1861,2300,rcp45,zosga,m
1861,-0.002883
1862,-0.003138
1863,-0.002224
1864,-0.001726
1865,-0.001287
1866,-0.000817
1867,-0.000159
1868,-0.000314
1869,-0.000691
1870,-0.000384
1871,-0.000008
1872,0.000887
1873,0.001527
1874,0.001660
1875,0.001787
1876,0.001836
1877,0.000664
1878,0.000459
1879,0.000510
1880,-0.000003
1881,-0.000462
1882,-0.000406
1883,-0.000762
1884,-0.003955
1885,-0.006756
1886,-0.006463
1887,-0.005510
1888,-0.005071
1889,-0.005303
1890,-0.005928
1891,-0.006640
1892,-0.006184
1893,-0.004884
1894,-0.004212
1895,-0.004005
1896,-0.004255
1897,-0.004571
1898,-0.004731
1899,-0.005073
1900,-0.004348
1901,-0.004389
1902,-0.004061
1903,-0.005428
1904,-0.006290
1905,-0.005750
1906,-0.005933
1907,-0.006049
1908,-0.005504
1909,-0.004422
1910,-0.004026
1911,-0.003954
1912,-0.002533
1913,-0.003261
1914,-0.004095
1915,-0.004548
1916,-0.004303
1917,-0.004376
1918,-0.004061
1919,-0.003346
1920,-0.003287
1921,-0.003173
1922,-0.002313
1923,-0.001897
1924,-0.001745
1925,-0.001475
1926,-0.001114
1927,-0.000786
1928,0.000681
1929,0.000647
1930,0.000799
1931,0.000384
1932,0.000865
1933,0.001012
1934,0.001143
1935,0.001751
1936,0.001484
1937,0.001249
1938,0.001926
1939,0.002288
1940,0.003349
1941,0.004270
1942,0.003329
1943,0.002902
1944,0.003361
1945,0.004061
1946,0.004680
1947,0.005556
1948,0.005942
1949,0.006221
1950,0.006888
1951,0.007987
1952,0.009346
1953,0.009977
1954,0.010009
1955,0.011065
1956,0.011620
1957,0.011073
1958,0.011215
1959,0.012159
1960,0.013197
1961,0.014741
1962,0.014683
1963,0.014476
1964,0.012053
1965,0.010500
1966,0.011085
1967,0.011808
1968,0.012995
1969,0.012716
1970,0.013104
1971,0.015763
1972,0.016977
1973,0.018452
1974,0.018889
1975,0.019343
1976,0.020377
1977,0.021071
1978,0.021723
1979,0.023828
1980,0.025127
1981,0.026323
1982,0.027196
1983,0.026112
1984,0.026813
1985,0.028642
1986,0.030467
1987,0.031421
1988,0.032296
1989,0.034188
1990,0.035560
1991,0.035341
1992,0.032358
1993,0.032626
1994,0.034765
1995,0.037262
1996,0.039846
1997,0.041787
1998,0.043814
1999,0.045808
2000,0.046572
2001,0.048518
2002,0.050632
2003,0.052069
2004,0.052811
2005,0.054772
2006,0.057186
2007,0.059347
2008,0.061679
2009,0.063233
2010,0.064681
2011,0.067122
2012,0.069350
2013,0.071329
2014,0.073024
2015,0.075082
2016,0.075032
2017,0.075338
2018,0.077023
2019,0.080079
2020,0.082491
2021,0.083790
2022,0.085454
2023,0.087952
2024,0.089991
2025,0.091561
2026,0.092926
2027,0.094466
2028,0.096496
2029,0.099442
2030,0.102598
2031,0.104991
2032,0.107631
2033,0.108492
2034,0.108988
2035,0.111239
2036,0.114159
2037,0.116915
2038,0.119129
2039,0.121488
2040,0.122913
2041,0.125024
2042,0.127703
2043,0.130146
2044,0.131857
2045,0.132655
2046,0.135053
2047,0.137087
2048,0.139648
2049,0.141808
2050,0.144782
2051,0.147420
2052,0.148808
2053,0.149682
2054,0.151919
2055,0.154021
2056,0.156326
2057,0.159820
2058,0.163092
2059,0.165302
2060,0.167080
2061,0.169725
2062,0.173487
2063,0.175857
2064,0.176999
2065,0.179243
2066,0.181814
2067,0.184231
2068,0.187290
2069,0.189010
2070,0.190624
2071,0.192486
2072,0.196055
2073,0.199857
2074,0.202642
2075,0.204310
2076,0.206564
2077,0.208903
2078,0.212623
2079,0.214978
2080,0.217557
2081,0.217081
2082,0.217684
2083,0.219986
2084,0.222679
2085,0.225470
2086,0.227478
2087,0.229380
2088,0.232018
2089,0.234953
2090,0.237109
2091,0.238736
2092,0.241171
2093,0.243861
2094,0.246132
2095,0.248156
2096,0.250063
2097,0.251967
2098,0.254565
2099,0.257739
2100,0.260130
2101,0.261693
2102,0.263044
2103,0.264642
2104,0.266252
2105,0.269445
2106,0.272014
2107,0.273798
2108,0.274081
2109,0.275315
2110,0.278948
2111,0.281588
2112,0.282621
2113,0.285700
2114,0.288187
2115,0.289199
2116,0.290252
2117,0.292989
2118,0.294782
2119,0.295700
2120,0.296682
2121,0.298094
2122,0.298847
2123,0.301649
2124,0.304962
2125,0.308016
2126,0.310706
2127,0.313680
2128,0.315749
2129,0.317463
2130,0.317890
2131,0.318314
2132,0.320475
2133,0.322886
2134,0.325609
2135,0.326349
2136,0.327179
2137,0.329789
2138,0.332648
2139,0.334245
2140,0.336105
2141,0.338521
2142,0.339632
2143,0.340574
2144,0.342636
2145,0.345858
2146,0.349248
2147,0.351430
2148,0.352872
2149,0.355467
2150,0.357289
2151,0.359197
2152,0.361317
2153,0.363201
2154,0.364392
2155,0.366687
2156,0.368998
2157,0.368962
2158,0.368888
2159,0.371625
2160,0.374576
2161,0.377022
2162,0.378301
2163,0.379704
2164,0.381936
2165,0.383978
2166,0.385197
2167,0.387296
2168,0.389046
2169,0.390944
2170,0.392008
2171,0.393744
2172,0.395400
2173,0.397130
2174,0.398715
2175,0.400016
2176,0.401159
2177,0.403172
2178,0.404361
2179,0.405452
2180,0.407901
2181,0.410038
2182,0.411463
2183,0.413070
2184,0.415566
2185,0.417593
2186,0.419127
2187,0.420924
2188,0.422656
2189,0.423227
2190,0.423949
2191,0.426123
2192,0.428739
2193,0.431019
2194,0.432012
2195,0.432305
2196,0.432877
2197,0.435342
2198,0.438024
2199,0.440634
2200,0.442421
2201,0.443417
2202,0.446173
2203,0.448191
2204,0.449150
2205,0.451029
2206,0.452561
2207,0.454703
2208,0.456759
2209,0.457443
2210,0.459068
2211,0.460561
2212,0.461836
2213,0.462882
2214,0.465290
2215,0.467428
2216,0.468346
2217,0.470611
2218,0.471585
2219,0.471334
2220,0.471979
2221,0.473824
2222,0.476964
2223,0.479826
2224,0.482274
2225,0.482993
2226,0.483857
2227,0.485744
2228,0.488380
2229,0.490473
2230,0.492353
2231,0.494218
2232,0.495040
2233,0.497006
2234,0.499011
2235,0.499396
2236,0.499699
2237,0.501642
2238,0.503502
2239,0.504483
2240,0.505168
2241,0.505980
2242,0.509622
2243,0.512949
2244,0.514666
2245,0.515450
2246,0.517567
2247,0.518466
2248,0.520339
2249,0.521345
2250,0.521525
2251,0.521689
2252,0.523059
2253,0.525508
2254,0.527578
2255,0.526765
2256,0.526907
2257,0.529389
2258,0.533441
2259,0.536009
2260,0.537299
2261,0.538751
2262,0.539773
2263,0.541416
2264,0.543351
2265,0.544782
2266,0.545025
2267,0.544920
2268,0.547379
2269,0.549794
2270,0.550990
2271,0.552637
2272,0.555240
2273,0.557100
2274,0.558478
2275,0.559343
2276,0.560013
2277,0.560835
2278,0.562618
2279,0.563848
2280,0.565099
2281,0.566925
2282,0.568955
2283,0.568917
2284,0.569571
2285,0.571946
2286,0.574423
2287,0.575619
2288,0.577491
2289,0.579417
2290,0.582079
2291,0.583088
2292,0.583676
2293,0.585571
2294,0.587217
2295,0.588004
2296,0.589248
2297,0.591784
2298,0.594059
2299,0.595103
2300,0.593378
