inmcm4,1875,2100,rcp45,global tas,K
1875,286.361542,-0.590675
1876,286.485046,-0.589555
1877,286.334686,-0.592754
1878,286.253876,-0.586049
1879,286.312927,-0.582423
1880,286.381104,-0.583726
1881,286.381104,-0.583379
1882,286.272583,-0.586854
1883,286.296783,-0.590816
1884,286.433472,-0.590334
1885,286.345856,-0.592657
1886,286.373901,-0.593991
1887,286.382446,-0.600449
1888,286.267792,-0.605107
1889,286.191986,-0.605706
1890,286.375977,-0.605676
1891,286.298126,-0.611811
1892,286.191010,-0.612821
1893,286.455780,-0.609030
1894,286.471222,-0.607884
1895,286.361694,-0.612986
1896,286.271271,-0.617143
1897,286.294464,-0.617429
1898,286.334564,-0.614659
1899,286.412689,-0.619239
1900,286.319916,-0.621711
1901,286.226501,-0.624335
1902,286.189880,-0.624177
1903,286.258789,-0.621244
1904,286.344513,-0.613321
1905,286.362427,-0.613667
1906,286.300995,-0.613963
1907,286.304382,-0.607142
1908,286.367615,-0.610383
1909,286.347321,-0.613368
1910,286.228027,-0.606368
1911,286.256409,-0.598404
1912,286.264008,-0.592713
1913,286.379883,-0.586133
1914,286.296051,-0.583237
1915,286.271698,-0.579497
1916,286.295197,-0.571233
1917,286.387177,-0.561458
1918,286.355774,-0.555043
1919,286.429688,-0.552561
1920,286.365601,-0.545999
1921,286.289246,-0.537676
1922,286.395630,-0.530844
1923,286.358551,-0.522796
1924,286.381683,-0.512667
1925,286.571686,-0.503178
1926,286.510193,-0.493260
1927,286.465179,-0.482232
1928,286.531982,-0.475167
1929,286.499573,-0.464510
1930,286.432098,-0.452174
1931,286.474426,-0.446229
1932,286.483124,-0.441912
1933,286.451263,-0.436978
1934,286.418945,-0.430836
1935,286.559296,-0.423454
1936,286.550690,-0.414202
1937,286.509338,-0.408526
1938,286.609070,-0.404066
1939,286.651184,-0.398348
1940,286.512695,-0.401419
1941,286.553955,-0.401079
1942,286.594849,-0.397465
1943,286.591827,-0.393857
1944,286.615753,-0.390566
1945,286.641785,-0.380724
1946,286.473541,-0.373457
1947,286.516693,-0.368512
1948,286.503784,-0.367330
1949,286.613953,-0.360626
1950,286.587067,-0.356756
1951,286.566803,-0.351183
1952,286.565918,-0.344832
1953,286.492340,-0.344420
1954,286.553223,-0.342714
1955,286.479553,-0.335841
1956,286.520386,-0.333886
1957,286.573608,-0.329381
1958,286.640228,-0.321616
1959,286.598297,-0.317896
1960,286.727356,-0.316116
1961,286.692444,-0.312993
1962,286.631470,-0.307425
1963,286.486725,-0.300456
1964,286.620056,-0.293941
1965,286.675415,-0.286131
1966,286.717865,-0.277601
1967,286.699860,-0.271373
1968,286.621429,-0.257908
1969,286.702362,-0.248461
1970,286.718903,-0.235751
1971,286.612610,-0.223223
1972,286.729980,-0.213274
1973,286.824799,-0.207411
1974,286.727356,-0.199407
1975,286.695160,-0.195833
1976,286.567230,-0.191638
1977,286.683746,-0.184657
1978,286.712860,-0.173676
1979,286.809387,-0.162996
1980,286.821381,-0.155012
1981,286.822693,-0.146725
1982,286.752747,-0.139989
1983,286.896301,-0.130316
1984,286.836639,-0.121890
1985,286.860840,-0.113133
1986,286.896240,-0.098023
1987,286.872070,-0.089209
1988,286.816132,-0.085320
1989,286.838409,-0.072370
1990,286.834564,-0.061798
1991,286.818298,-0.046591
1992,286.840912,-0.032725
1993,286.816162,-0.018369
1994,286.940430,-0.008798
1995,286.914948,0.000000
1996,286.966461,0.008516
1997,286.901947,0.020051
1998,286.911621,0.028787
1999,286.955139,0.039796
2000,286.981628,0.046482
2001,287.065887,0.054147
2002,286.994415,0.062255
2003,286.941467,0.073222
2004,287.115845,0.084425
2005,287.012329,0.093805
2006,287.023438,0.107664
2007,287.099731,0.119749
2008,287.143555,0.132861
2009,287.096497,0.142241
2010,287.085327,0.155600
2011,287.078186,0.166330
2012,287.098785,0.182337
2013,287.158386,0.196398
2014,287.166901,0.210113
2015,287.061432,0.225193
2016,287.126190,0.234365
2017,287.115295,0.248254
2018,287.145142,0.263557
2019,287.174500,0.274330
2020,287.115967,0.292361
2021,287.234070,0.308593
2022,287.203461,0.322414
2023,287.209534,0.337438
2024,287.221832,0.351481
2025,287.315704,0.366319
2026,287.288361,0.384972
2027,287.382172,0.401856
2028,287.333435,0.413912
2029,287.366577,0.425983
2030,287.434052,0.442377
2031,287.341034,0.457698
2032,287.411102,0.474338
2033,287.400543,0.491620
2034,287.439026,0.508935
2035,287.553284,0.527127
2036,287.510376,0.543795
2037,287.514374,0.561590
2038,287.594269,0.580782
2039,287.517792,0.599569
2040,287.530457,0.615312
2041,287.637787,0.633048
2042,287.605316,0.643998
2043,287.520050,0.655957
2044,287.529022,0.669703
2045,287.553253,0.685648
2046,287.585815,0.704870
2047,287.614502,0.718744
2048,287.663605,0.736359
2049,287.693939,0.750954
2050,287.661743,0.761462
2051,287.734100,0.771038
2052,287.737305,0.784600
2053,287.785309,0.794739
2054,287.785431,0.808087
2055,287.787994,0.823156
2056,287.820465,0.835781
2057,287.710663,0.850091
2058,287.692200,0.868687
2059,287.778961,0.882964
2060,287.912384,0.898627
2061,287.917694,0.914465
2062,287.827332,0.931384
2063,287.928986,0.946890
2064,287.876892,0.963044
2065,287.868530,0.980776
2066,287.797638,0.992000
2067,287.921234,1.006309
2068,287.898438,1.018373
2069,287.918243,1.029977
2070,287.982513,1.043945
2071,288.016541,1.051101
2072,288.034607,1.066174
2073,288.077942,1.083835
2074,287.957336,1.098204
2075,288.023132,1.107330
2076,288.060974,1.116019
2077,288.122070,1.126806
2078,288.128784,1.134023
2079,288.178558,1.140853
2080,288.193695,1.149096
2081,288.070831,1.163948
2082,288.166565,1.170742
2083,288.147217,1.178539
2084,288.133575,1.188875
2085,288.207031,1.193765
2086,288.035126,1.199814
2087,288.162872,1.205408
2088,288.222015,1.209707
2089,288.210052,1.218175
2090,288.186157,1.224599
2091,288.178345,1.229909
2092,288.150940,1.233332
2093,288.145508,1.236680
2094,288.081787,1.238517
2095,288.115814,1.239998
2096,288.243195,1.245724
2097,288.125061,1.248407
2098,288.132355,1.251884
2099,288.228333,1.255964
2100,288.129211,1.257744
