giss-e2-h-cc,1875,2100,rcp45,global tas,K
1875,287.472443,-0.990029
1876,287.484222,-0.992540
1877,287.354492,-0.996351
1878,287.504639,-0.994480
1879,287.581757,-0.993793
1880,287.592133,-0.996683
1881,287.607361,-0.991902
1882,287.481628,-0.989494
1883,287.353790,-0.989263
1884,287.166748,-0.986706
1885,287.179779,-0.986482
1886,287.280487,-0.983349
1887,287.175049,-0.983009
1888,287.324158,-0.990118
1889,287.346100,-0.992913
1890,287.329620,-0.995728
1891,287.319794,-0.994955
1892,287.210144,-0.989815
1893,287.435242,-0.989074
1894,287.383423,-0.987523
1895,287.364868,-0.990296
1896,287.549805,-0.991183
1897,287.620941,-0.989421
1898,287.397858,-0.983810
1899,287.566956,-0.967582
1900,287.483887,-0.954308
1901,287.529327,-0.944582
1902,287.507019,-0.925496
1903,287.251221,-0.913504
1904,287.383179,-0.904881
1905,287.388000,-0.891252
1906,287.507385,-0.878737
1907,287.508698,-0.863820
1908,287.526886,-0.852689
1909,287.628265,-0.839403
1910,287.508942,-0.825945
1911,287.580750,-0.822449
1912,287.534515,-0.819894
1913,287.522095,-0.809843
1914,287.653595,-0.803928
1915,287.578003,-0.794435
1916,287.572266,-0.791220
1917,287.747620,-0.784786
1918,287.683929,-0.768619
1919,287.604797,-0.760036
1920,287.738495,-0.746145
1921,287.695221,-0.737009
1922,287.657654,-0.732496
1923,287.769196,-0.725813
1924,287.781982,-0.718239
1925,287.768616,-0.708241
1926,287.654694,-0.700323
1927,287.697571,-0.690700
1928,287.699402,-0.679016
1929,287.744415,-0.671979
1930,287.768677,-0.665689
1931,287.625763,-0.655496
1932,287.700043,-0.651384
1933,287.736237,-0.644937
1934,287.640656,-0.635334
1935,287.804749,-0.633893
1936,287.781464,-0.625649
1937,287.644073,-0.617386
1938,287.727386,-0.610634
1939,287.855469,-0.610691
1940,287.808899,-0.605114
1941,287.818268,-0.592816
1942,287.823212,-0.583412
1943,287.872620,-0.575106
1944,287.864716,-0.565693
1945,287.766693,-0.558139
1946,287.878052,-0.549780
1947,287.870972,-0.542684
1948,287.877350,-0.538191
1949,287.892883,-0.533661
1950,287.781738,-0.533201
1951,287.942535,-0.535019
1952,287.905548,-0.529053
1953,287.971741,-0.523205
1954,287.780273,-0.524367
1955,287.935944,-0.526062
1956,288.023621,-0.526517
1957,287.979706,-0.519149
1958,287.948578,-0.513106
1959,288.026794,-0.510048
1960,287.995300,-0.501585
1961,287.876526,-0.494306
1962,287.912933,-0.484917
1963,287.871033,-0.476593
1964,287.776550,-0.470188
1965,287.818542,-0.455627
1966,287.726929,-0.445614
1967,287.823059,-0.439941
1968,287.902832,-0.444662
1969,287.820587,-0.436301
1970,287.758057,-0.426991
1971,287.804626,-0.420265
1972,288.044250,-0.413278
1973,288.053894,-0.402514
1974,287.956451,-0.396018
1975,288.020599,-0.385203
1976,288.096405,-0.368412
1977,288.152649,-0.362099
1978,288.127075,-0.350714
1979,288.085022,-0.335672
1980,288.218567,-0.319184
1981,288.242950,-0.295650
1982,288.075714,-0.275171
1983,287.830109,-0.256052
1984,288.031128,-0.233965
1985,288.215240,-0.208388
1986,288.225403,-0.180955
1987,288.189301,-0.160169
1988,288.271515,-0.141358
1989,288.221649,-0.117066
1990,288.319763,-0.094375
1991,288.380249,-0.075811
1992,288.102325,-0.060849
1993,288.212585,-0.045641
1994,288.227814,-0.020380
1995,288.313171,-0.000011
1996,288.432953,0.018133
1997,288.437439,0.043781
1998,288.476410,0.076574
1999,288.483185,0.105255
2000,288.525360,0.124544
2001,288.627625,0.149498
2002,288.667816,0.175507
2003,288.618225,0.195454
2004,288.685211,0.218827
2005,288.701355,0.239019
2006,288.653320,0.259257
2007,288.601501,0.288688
2008,288.583313,0.314242
2009,288.842865,0.340172
2010,288.829620,0.366480
2011,288.787262,0.386983
2012,288.845154,0.411060
2013,288.813904,0.430703
2014,288.891571,0.452991
2015,288.793915,0.474188
2016,288.974030,0.492983
2017,288.969543,0.512813
2018,288.869934,0.530507
2019,288.922852,0.549683
2020,288.925507,0.569007
2021,288.987396,0.589090
2022,288.985260,0.609392
2023,288.979187,0.632653
2024,289.005737,0.647898
2025,289.102417,0.667287
2026,289.048035,0.687130
2027,289.159729,0.705890
2028,289.065704,0.724025
2029,289.151825,0.745036
2030,289.161285,0.763792
2031,289.191467,0.775155
2032,289.262726,0.791400
2033,289.149048,0.810080
2034,289.260468,0.831095
2035,289.281097,0.851954
2036,289.255798,0.872358
2037,289.210571,0.892157
2038,289.281128,0.913626
2039,289.300232,0.932846
2040,289.411285,0.949521
2041,289.382538,0.968374
2042,289.407959,0.982410
2043,289.357971,1.001468
2044,289.521881,1.019011
2045,289.356598,1.033210
2046,289.314911,1.047749
2047,289.456909,1.061097
2048,289.430328,1.073308
2049,289.553314,1.085636
2050,289.551270,1.099387
2051,289.599518,1.115347
2052,289.579224,1.133424
2053,289.623260,1.148446
2054,289.582336,1.158751
2055,289.602661,1.165310
2056,289.613617,1.173827
2057,289.580811,1.183144
2058,289.637451,1.192651
2059,289.678131,1.198217
2060,289.587250,1.211992
2061,289.627625,1.224390
2062,289.663177,1.231385
2063,289.515381,1.240389
2064,289.630310,1.248207
2065,289.693604,1.255534
2066,289.734619,1.257397
2067,289.752869,1.262046
2068,289.731781,1.266530
2069,289.609406,1.274074
2070,289.608032,1.279351
2071,289.638062,1.283832
2072,289.687469,1.292181
2073,289.643188,1.294873
2074,289.688843,1.295893
2075,289.769867,1.301869
2076,289.686829,1.306810
2077,289.666779,1.306280
2078,289.700439,1.314617
2079,289.787842,1.318315
2080,289.771088,1.322628
2081,289.655426,1.324625
2082,289.718689,1.325786
2083,289.757782,1.328950
2084,289.808655,1.336053
2085,289.760956,1.340697
2086,289.748047,1.346220
2087,289.831299,1.350229
2088,289.718201,1.355848
2089,289.708740,1.360079
2090,289.766510,1.361743
2091,289.775879,1.366309
2092,289.647278,1.371677
2093,289.765472,1.376057
2094,289.741241,1.377656
2095,289.822998,1.379949
2096,289.794525,1.386230
2097,289.787720,1.390536
2098,289.826691,1.393673
2099,289.822510,1.395248
2100,289.747345,1.398546
