ipsl-cm5b-lr,1875,2100,rcp85,global tas,K
1875,285.931763,-0.885008
1876,285.897217,-0.886412
1877,285.957733,-0.890945
1878,286.112610,-0.891773
1879,286.096252,-0.897589
1880,285.890839,-0.898564
1881,286.010773,-0.902805
1882,286.119019,-0.905534
1883,286.114532,-0.912178
1884,285.585419,-0.913491
1885,285.772522,-0.912948
1886,285.843353,-0.918639
1887,285.721008,-0.918799
1888,285.818756,-0.928661
1889,285.730713,-0.926330
1890,285.989594,-0.917219
1891,286.023132,-0.910485
1892,285.906036,-0.907322
1893,285.955261,-0.906902
1894,285.869507,-0.900042
1895,285.902649,-0.883417
1896,285.894257,-0.874917
1897,285.883759,-0.873607
1898,285.847534,-0.875407
1899,286.025482,-0.856385
1900,286.099274,-0.845043
1901,286.013184,-0.833166
1902,285.959534,-0.812039
1903,285.738861,-0.796093
1904,285.967682,-0.776200
1905,286.205078,-0.765651
1906,286.099243,-0.755513
1907,286.052612,-0.739336
1908,286.125214,-0.726187
1909,286.302063,-0.715192
1910,286.389587,-0.703410
1911,286.265778,-0.691278
1912,286.158295,-0.678075
1913,286.060547,-0.666360
1914,286.156067,-0.656324
1915,286.112793,-0.644817
1916,286.199646,-0.634443
1917,286.354828,-0.626081
1918,286.297150,-0.610440
1919,286.327484,-0.601901
1920,286.306061,-0.603525
1921,286.327271,-0.598505
1922,286.391357,-0.583448
1923,286.349731,-0.573718
1924,286.199371,-0.569860
1925,286.256104,-0.570523
1926,286.258209,-0.563351
1927,286.279846,-0.560160
1928,286.198975,-0.550424
1929,286.326569,-0.545725
1930,286.444489,-0.537218
1931,286.324402,-0.529362
1932,286.210388,-0.528919
1933,286.208099,-0.524171
1934,286.223846,-0.520861
1935,286.156372,-0.514295
1936,286.249847,-0.513444
1937,286.504303,-0.511499
1938,286.417114,-0.505287
1939,286.417816,-0.493959
1940,286.369690,-0.488970
1941,286.480927,-0.482596
1942,286.254028,-0.472478
1943,286.352631,-0.462077
1944,286.297058,-0.458663
1945,286.367981,-0.458906
1946,286.435333,-0.455457
1947,286.368103,-0.451070
1948,286.439606,-0.449795
1949,286.426788,-0.454413
1950,286.503021,-0.454235
1951,286.352814,-0.454616
1952,286.449707,-0.463141
1953,286.536102,-0.464853
1954,286.539215,-0.464110
1955,286.405762,-0.462330
1956,286.449432,-0.456772
1957,286.583374,-0.446809
1958,286.511017,-0.436773
1959,286.428986,-0.422162
1960,286.437195,-0.412948
1961,286.427887,-0.412462
1962,286.341980,-0.406835
1963,286.246368,-0.401259
1964,286.085297,-0.390799
1965,286.161713,-0.382176
1966,286.238403,-0.369522
1967,286.248566,-0.366774
1968,286.365753,-0.365027
1969,286.440094,-0.355417
1970,286.423096,-0.348542
1971,286.647675,-0.342291
1972,286.552917,-0.333446
1973,286.653717,-0.327709
1974,286.735382,-0.314408
1975,286.644409,-0.294766
1976,286.449890,-0.282678
1977,286.536926,-0.276597
1978,286.606873,-0.270374
1979,286.740601,-0.248001
1980,286.761719,-0.229117
1981,286.732422,-0.210879
1982,286.532135,-0.186439
1983,286.588531,-0.169692
1984,286.827515,-0.157388
1985,286.612000,-0.138999
1986,286.636963,-0.124225
1987,286.848724,-0.113038
1988,286.683136,-0.100572
1989,286.828003,-0.089212
1990,287.026459,-0.076128
1991,286.790527,-0.058277
1992,286.524414,-0.041833
1993,286.433075,-0.026056
1994,286.756470,-0.012135
1995,286.728241,-0.000005
1996,286.785553,0.011413
1997,286.981750,0.030734
1998,286.868164,0.055213
1999,286.809204,0.068177
2000,286.974762,0.090760
2001,287.090912,0.115254
2002,286.888519,0.126616
2003,287.027710,0.147099
2004,287.076172,0.162303
2005,287.036926,0.172048
2006,286.985413,0.188155
2007,287.030243,0.222125
2008,287.080200,0.257241
2009,287.158234,0.278815
2010,287.125610,0.305280
2011,287.074951,0.333714
2012,287.111786,0.356910
2013,287.322906,0.377752
2014,287.216431,0.407106
2015,287.289490,0.438675
2016,287.371765,0.452077
2017,287.189606,0.478308
2018,287.297607,0.501095
2019,287.284119,0.522413
2020,287.318817,0.549859
2021,287.273743,0.583890
2022,287.543518,0.616293
2023,287.486542,0.645610
2024,287.403687,0.676233
2025,287.522186,0.707239
2026,287.638580,0.743325
2027,287.677643,0.776590
2028,287.493408,0.806082
2029,287.689819,0.840885
2030,287.921844,0.869047
2031,287.492981,0.895516
2032,287.675446,0.939544
2033,287.711304,0.976805
2034,287.715729,1.011128
2035,287.860291,1.050213
2036,288.006348,1.091988
2037,288.002350,1.130742
2038,287.959686,1.169333
2039,288.076935,1.205861
2040,288.055786,1.241877
2041,288.157532,1.271225
2042,288.109741,1.306276
2043,288.207672,1.355300
2044,288.260529,1.397425
2045,288.134338,1.433263
2046,288.165833,1.485306
2047,288.510437,1.533042
2048,288.415436,1.574047
2049,288.313812,1.618989
2050,288.491364,1.660298
2051,288.527008,1.698583
2052,288.706146,1.743752
2053,288.644257,1.786840
2054,288.499542,1.820253
2055,288.602661,1.858548
2056,288.519012,1.900478
2057,288.729187,1.940109
2058,288.964111,1.973281
2059,288.953583,2.014641
2060,288.996979,2.059653
2061,289.054260,2.102693
2062,289.107544,2.140949
2063,288.941437,2.182466
2064,289.063995,2.234038
2065,289.099548,2.275553
2066,289.154907,2.320447
2067,289.357422,2.355582
2068,289.252319,2.393075
2069,289.079346,2.437111
2070,289.204620,2.483701
2071,289.415436,2.529343
2072,289.298676,2.577747
2073,289.202820,2.617409
2074,289.501343,2.649413
2075,289.484680,2.691278
2076,289.457031,2.734611
2077,289.658142,2.772455
2078,289.660919,2.819107
2079,289.860992,2.867860
2080,289.736816,2.902740
2081,289.873810,2.949519
2082,289.760193,2.994886
2083,289.769073,3.034737
2084,289.820618,3.084527
2085,290.000366,3.137778
2086,289.888245,3.181358
2087,290.181305,3.230413
2088,290.153992,3.284247
2089,289.913696,3.329713
2090,290.252930,3.377317
2091,290.354248,3.427426
2092,290.242859,3.472415
2093,290.341003,3.518894
2094,290.526581,3.560287
2095,290.145966,3.607402
2096,290.558258,3.651534
2097,290.718445,3.701036
2098,290.447845,3.751826
2099,290.573059,3.802480
2100,290.802124,3.848725
